8b070b8,1,0.07751962169053739
f09a9a0,2,0.06857553604419331
0d653d0,3,0.052187212302412966
f349629,4,0.038910304688062114
c45315f,5,0.012698963841060396
