is_addition,old_file_path,new_file_path,line_num,content
False,gson/src/main/java/com/google/gson/internal/bind/ReflectiveTypeAdapterFactory.java,gson/src/main/java/com/google/gson/internal/bind/ReflectiveTypeAdapterFactory.java,111,"ccessibleObject.setAccessible(fields, true);"
True,gson/src/main/java/com/google/gson/internal/bind/ReflectiveTypeAdapterFactory.java,gson/src/main/java/com/google/gson/internal/bind/ReflectiveTypeAdapterFactory.java,117,field.setAccessible(true);
