is_addition,old_file_path,new_file_path,line_num,content
True,src/test/org/apache/commons/codec/language/DoubleMetaphone2Test.java,src/test/org/apache/commons/codec/language/DoubleMetaphone2Test.java,105,"{""benign"", ""PNN"", ""PNKN""},"
True,src/test/org/apache/commons/codec/language/DoubleMetaphone2Test.java,src/test/org/apache/commons/codec/language/DoubleMetaphone2Test.java,371,"{""garage"", ""KRJ"", ""KRK""},"
True,src/test/org/apache/commons/codec/language/DoubleMetaphone2Test.java,src/test/org/apache/commons/codec/language/DoubleMetaphone2Test.java,379,"{""George"", ""JRJ"", ""KRK""},"
True,src/test/org/apache/commons/codec/language/DoubleMetaphone2Test.java,src/test/org/apache/commons/codec/language/DoubleMetaphone2Test.java,817,"{""Smythe"", ""SM0"", ""XMT""},"
