is_addition,old_file_path,new_file_path,line_num,content
False,src/test/java/org/apache/commons/math/optimization/direct/NelderMeadTest.java,src/test/java/org/apache/commons/math/optimization/direct/NelderMeadTest.java,35,mport org.apache.commons.math.optimization.SimpleRealPointChecker;
False,src/test/java/org/apache/commons/math/optimization/direct/PowellOptimizerTest.java,src/test/java/org/apache/commons/math/optimization/direct/PowellOptimizerTest.java,26,mport org.apache.commons.math.optimization.SimpleScalarValueChecker;
False,src/test/java/org/apache/commons/math/optimization/univariate/BrentOptimizerTest.java,src/test/java/org/apache/commons/math/optimization/univariate/BrentOptimizerTest.java,24,mport org.apache.commons.math.FunctionEvaluationException;
False,src/test/java/org/apache/commons/math/optimization/univariate/MultiStartUnivariateRealOptimizerTest.java,src/test/java/org/apache/commons/math/optimization/univariate/MultiStartUnivariateRealOptimizerTest.java,22,mport static org.junit.Assert.fail;
