is_addition,old_file_path,new_file_path,line_num,content
True,src/main/java/org/apache/commons/compress/archivers/Lister.java,src/main/java/org/apache/commons/compress/archivers/Lister.java,42,if (args.length == 0) {
True,src/main/java/org/apache/commons/compress/archivers/Lister.java,src/main/java/org/apache/commons/compress/archivers/Lister.java,43,usage();
True,src/main/java/org/apache/commons/compress/archivers/Lister.java,src/main/java/org/apache/commons/compress/archivers/Lister.java,44,return;
True,src/main/java/org/apache/commons/compress/archivers/Lister.java,src/main/java/org/apache/commons/compress/archivers/Lister.java,67,private static void usage() {
True,src/main/java/org/apache/commons/compress/archivers/Lister.java,src/main/java/org/apache/commons/compress/archivers/Lister.java,68,"System.out.println(""Parameters: archive-name [archive-type]"");"
