"Test","contrast","estimate","SE","df","z.ratio","p.value","setting_1","setting_2"
"rank","both,('add', 0.1),False,add - rank,('add', 0.1),False,add",-1892.42307692308,373.875020265439,Inf,-5.06164620353487,0.0119208940330824,"both,('add', 0.1),False,add","rank,('add', 0.1),False,add"
"rank","both,('add', 0.1),False,add - (rank,('add', 0.1),False,all-uni)",-1817.77307692308,373.875020265439,Inf,-4.86198055069986,0.0333310482560368,"both,('add', 0.1),False,add","(rank,('add', 0.1),False,all-uni)"
"rank","both,('add', 0.1),False,add - rank,('add', 0.1),False,del",-1799.33846153847,373.875020265439,Inf,-4.81267365832837,0.0427115083677828,"both,('add', 0.1),False,add","rank,('add', 0.1),False,del"
"rank","both,('add', 0.1),False,add - rank,('add', 0.1),True,del",-1817.72692307693,373.875020265439,Inf,-4.86185710344168,0.0333518461269499,"both,('add', 0.1),False,add","rank,('add', 0.1),True,del"
"rank","(both,('add', 0.1),False,all-sep) - rank,('add', 0.1),False,add",-2131.84615384615,373.875020265439,Inf,-5.7020288553448,0.000339541890918366,"(both,('add', 0.1),False,all-sep)","rank,('add', 0.1),False,add"
"rank","(both,('add', 0.1),False,all-sep) - (rank,('add', 0.1),False,all-sep)",-1864.06538461538,373.875020265439,Inf,-4.98579815065462,0.0176974358962092,"(both,('add', 0.1),False,all-sep)","(rank,('add', 0.1),False,all-sep)"
"rank","(both,('add', 0.1),False,all-sep) - (rank,('add', 0.1),False,all-uni)",-2057.19615384615,373.875020265439,Inf,-5.50236320250979,0.00107473701663248,"(both,('add', 0.1),False,all-sep)","(rank,('add', 0.1),False,all-uni)"
"rank","(both,('add', 0.1),False,all-sep) - rank,('add', 0.1),False,del",-2038.76153846154,373.875020265439,Inf,-5.4530563101383,0.00141998644031807,"(both,('add', 0.1),False,all-sep)","rank,('add', 0.1),False,del"
"rank","(both,('add', 0.1),False,all-sep) - rank,('add', 0.1),True,add",-1917.10769230769,373.875020265439,Inf,-5.12766991211825,0.00841328346477218,"(both,('add', 0.1),False,all-sep)","rank,('add', 0.1),True,add"
"rank","(both,('add', 0.1),False,all-sep) - (rank,('add', 0.1),True,all-uni)",-1917.17307692308,373.875020265439,Inf,-5.127844795734,0.00840547399606888,"(both,('add', 0.1),False,all-sep)","(rank,('add', 0.1),True,all-uni)"
"rank","(both,('add', 0.1),False,all-sep) - rank,('add', 0.1),True,del",-2057.15,373.875020265439,Inf,-5.50223975525161,0.00107549002208059,"(both,('add', 0.1),False,all-sep)","rank,('add', 0.1),True,del"
"rank","(both,('add', 0.1),False,all-uni) - rank,('add', 0.1),False,add",-1943.96153846154,373.875020265439,Inf,-5.19949564183611,0.0057311247573989,"(both,('add', 0.1),False,all-uni)","rank,('add', 0.1),False,add"
"rank","(both,('add', 0.1),False,all-uni) - (rank,('add', 0.1),False,all-uni)",-1869.31153846154,373.875020265439,Inf,-4.99982998900111,0.0164568385641147,"(both,('add', 0.1),False,all-uni)","(rank,('add', 0.1),False,all-uni)"
"rank","(both,('add', 0.1),False,all-uni) - rank,('add', 0.1),False,del",-1850.87692307692,373.875020265439,Inf,-4.95052309662962,0.0212272933016263,"(both,('add', 0.1),False,all-uni)","rank,('add', 0.1),False,del"
"rank","(both,('add', 0.1),False,all-uni) - rank,('add', 0.1),True,del",-1869.26538461538,373.875020265439,Inf,-4.99970654174293,0.0164673781326799,"(both,('add', 0.1),False,all-uni)","rank,('add', 0.1),True,del"
"rank","both,('add', 0.1),False,del - rank,('add', 0.1),False,add",-1985.40384615385,373.875020265439,Inf,-5.31034099241045,0.00313817460637306,"both,('add', 0.1),False,del","rank,('add', 0.1),False,add"
"rank","both,('add', 0.1),False,del - (rank,('add', 0.1),False,all-uni)",-1910.75384615385,373.875020265439,Inf,-5.11067533957545,0.00920654452245095,"both,('add', 0.1),False,del","(rank,('add', 0.1),False,all-uni)"
"rank","both,('add', 0.1),False,del - rank,('add', 0.1),False,del",-1892.31923076923,373.875020265439,Inf,-5.06136844720396,0.0119382768127281,"both,('add', 0.1),False,del","rank,('add', 0.1),False,del"
"rank","both,('add', 0.1),False,del - rank,('add', 0.1),True,del",-1910.7076923077,373.875020265439,Inf,-5.11055189231727,0.0092125627464429,"both,('add', 0.1),False,del","rank,('add', 0.1),True,del"
"rank","both,('add', 0.1),True,add - rank,('add', 0.1),False,add",-2341.82692307692,373.875020265439,Inf,-6.26366244370727,1.07847993877537e-05,"both,('add', 0.1),True,add","rank,('add', 0.1),False,add"
"rank","both,('add', 0.1),True,add - (rank,('add', 0.1),False,all-sep)",-2074.04615384615,373.875020265439,Inf,-5.54743173901709,0.000831422534403395,"both,('add', 0.1),True,add","(rank,('add', 0.1),False,all-sep)"
"rank","both,('add', 0.1),True,add - (rank,('add', 0.1),False,all-uni)",-2267.17692307692,373.875020265439,Inf,-6.06399679087226,3.80812481074025e-05,"both,('add', 0.1),True,add","(rank,('add', 0.1),False,all-uni)"
"rank","both,('add', 0.1),True,add - rank,('add', 0.1),False,del",-2248.74230769231,373.875020265439,Inf,-6.01468989850077,5.16903591243416e-05,"both,('add', 0.1),True,add","rank,('add', 0.1),False,del"
"rank","both,('add', 0.1),True,add - rank,('add', 0.1),True,add",-2127.08846153846,373.875020265439,Inf,-5.68930350048072,0.000365838005479168,"both,('add', 0.1),True,add","rank,('add', 0.1),True,add"
"rank","both,('add', 0.1),True,add - (rank,('add', 0.1),True,all-uni)",-2127.15384615385,373.875020265439,Inf,-5.68947838409648,0.000365463556590875,"both,('add', 0.1),True,add","(rank,('add', 0.1),True,all-uni)"
"rank","both,('add', 0.1),True,add - rank,('add', 0.1),True,del",-2267.13076923077,373.875020265439,Inf,-6.06387334361408,3.8110503941189e-05,"both,('add', 0.1),True,add","rank,('add', 0.1),True,del"
"rank","(both,('add', 0.1),True,all-sep) - rank,('add', 0.1),False,add",-2741.47307692308,373.875020265439,Inf,-7.33259225228988,6.47430844261242e-09,"(both,('add', 0.1),True,all-sep)","rank,('add', 0.1),False,add"
"rank","(both,('add', 0.1),True,all-sep) - (rank,('add', 0.1),False,all-sep)",-2473.69230769231,373.875020265439,Inf,-6.6163615475997,1.05584658523394e-06,"(both,('add', 0.1),True,all-sep)","(rank,('add', 0.1),False,all-sep)"
"rank","(both,('add', 0.1),True,all-sep) - (rank,('add', 0.1),False,all-uni)",-2666.82307692308,373.875020265439,Inf,-7.13292659945487,2.81800965455766e-08,"(both,('add', 0.1),True,all-sep)","(rank,('add', 0.1),False,all-uni)"
"rank","(both,('add', 0.1),True,all-sep) - rank,('add', 0.1),False,del",-2648.38846153846,373.875020265439,Inf,-7.08361970708338,4.02773229591504e-08,"(both,('add', 0.1),True,all-sep)","rank,('add', 0.1),False,del"
"rank","(both,('add', 0.1),True,all-sep) - rank,('add', 0.1),True,add",-2526.73461538462,373.875020265439,Inf,-6.75823330906333,4.00615070917872e-07,"(both,('add', 0.1),True,all-sep)","rank,('add', 0.1),True,add"
"rank","(both,('add', 0.1),True,all-sep) - (rank,('add', 0.1),True,all-sep)",-1825.11538461539,373.875020265439,Inf,-4.88161895202202,0.0301766437569279,"(both,('add', 0.1),True,all-sep)","(rank,('add', 0.1),True,all-sep)"
"rank","(both,('add', 0.1),True,all-sep) - (rank,('add', 0.1),True,all-uni)",-2526.8,373.875020265439,Inf,-6.75840819267908,4.0013191202467e-07,"(both,('add', 0.1),True,all-sep)","(rank,('add', 0.1),True,all-uni)"
"rank","(both,('add', 0.1),True,all-sep) - rank,('add', 0.1),True,del",-2666.77692307692,373.875020265439,Inf,-7.13280315219669,2.8205391573936e-08,"(both,('add', 0.1),True,all-sep)","rank,('add', 0.1),True,del"
"rank","(both,('add', 0.1),True,all-sep) - rank,('add', 0.2),False,add",-1880.89615384615,373.875020265439,Inf,-5.03081525080434,0.0140072719703019,"(both,('add', 0.1),True,all-sep)","rank,('add', 0.2),False,add"
"rank","(both,('add', 0.1),True,all-sep) - (rank,('add', 0.2),False,all-uni)",-1880.51153846154,373.875020265439,Inf,-5.02978652365285,0.014082632152465,"(both,('add', 0.1),True,all-sep)","(rank,('add', 0.2),False,all-uni)"
"rank","(both,('add', 0.1),True,all-sep) - rank,('add', 0.2),False,del",-1787.91538461538,373.875020265439,Inf,-4.78212046192876,0.049747087983348,"(both,('add', 0.1),True,all-sep)","rank,('add', 0.2),False,del"
"rank","(both,('add', 0.1),True,all-sep) - rank,('add', 0.2),True,del",-1858.25,373.875020265439,Inf,-4.97024379612391,0.019177962566207,"(both,('add', 0.1),True,all-sep)","rank,('add', 0.2),True,del"
"rank","(both,('add', 0.1),True,all-uni) - rank,('add', 0.1),False,add",-2317.05384615385,373.875020265439,Inf,-6.19740212787903,1.64630972819647e-05,"(both,('add', 0.1),True,all-uni)","rank,('add', 0.1),False,add"
"rank","(both,('add', 0.1),True,all-uni) - (rank,('add', 0.1),False,all-sep)",-2049.27307692308,373.875020265439,Inf,-5.48117142318885,0.00121178402796802,"(both,('add', 0.1),True,all-uni)","(rank,('add', 0.1),False,all-sep)"
"rank","(both,('add', 0.1),True,all-uni) - (rank,('add', 0.1),False,all-uni)",-2242.40384615385,373.875020265439,Inf,-5.99773647504402,5.73849148917079e-05,"(both,('add', 0.1),True,all-uni)","(rank,('add', 0.1),False,all-uni)"
"rank","(both,('add', 0.1),True,all-uni) - rank,('add', 0.1),False,del",-2223.96923076923,373.875020265439,Inf,-5.94842958267254,7.7644592268036e-05,"(both,('add', 0.1),True,all-uni)","rank,('add', 0.1),False,del"
"rank","(both,('add', 0.1),True,all-uni) - rank,('add', 0.1),True,add",-2102.31538461538,373.875020265439,Inf,-5.62304318465248,0.000538101255600277,"(both,('add', 0.1),True,all-uni)","rank,('add', 0.1),True,add"
"rank","(both,('add', 0.1),True,all-uni) - (rank,('add', 0.1),True,all-uni)",-2102.38076923077,373.875020265439,Inf,-5.62321806826824,0.00053755655246584,"(both,('add', 0.1),True,all-uni)","(rank,('add', 0.1),True,all-uni)"
"rank","(both,('add', 0.1),True,all-uni) - rank,('add', 0.1),True,del",-2242.35769230769,373.875020265439,Inf,-5.99761302778584,5.74285421452782e-05,"(both,('add', 0.1),True,all-uni)","rank,('add', 0.1),True,del"
"rank","both,('add', 0.1),True,del - rank,('add', 0.1),False,add",-2204.02692307692,373.875020265439,Inf,-5.89509007986716,0.000107400014145331,"both,('add', 0.1),True,del","rank,('add', 0.1),False,add"
"rank","both,('add', 0.1),True,del - (rank,('add', 0.1),False,all-sep)",-1936.24615384615,373.875020265439,Inf,-5.17885937517698,0.00640271450860929,"both,('add', 0.1),True,del","(rank,('add', 0.1),False,all-sep)"
"rank","both,('add', 0.1),True,del - (rank,('add', 0.1),False,all-uni)",-2129.37692307692,373.875020265439,Inf,-5.69542442703216,0.00035295153478937,"both,('add', 0.1),True,del","(rank,('add', 0.1),False,all-uni)"
"rank","both,('add', 0.1),True,del - rank,('add', 0.1),False,del",-2110.94230769231,373.875020265439,Inf,-5.64611753466067,0.000470672272409669,"both,('add', 0.1),True,del","rank,('add', 0.1),False,del"
"rank","both,('add', 0.1),True,del - rank,('add', 0.1),True,add",-1989.28846153846,373.875020265439,Inf,-5.32073113664061,0.00296410806051741,"both,('add', 0.1),True,del","rank,('add', 0.1),True,add"
"rank","both,('add', 0.1),True,del - (rank,('add', 0.1),True,all-uni)",-1989.35384615385,373.875020265439,Inf,-5.32090602025637,0.00296125974006863,"both,('add', 0.1),True,del","(rank,('add', 0.1),True,all-uni)"
"rank","both,('add', 0.1),True,del - rank,('add', 0.1),True,del",-2129.33076923077,373.875020265439,Inf,-5.69530097977397,0.000353207017588488,"both,('add', 0.1),True,del","rank,('add', 0.1),True,del"
"rank","both,('add', 0.2),False,add - rank,('add', 0.1),False,add",-2573.60769230769,373.875020265439,Inf,-6.88360428701687,1.67367416511124e-07,"both,('add', 0.2),False,add","rank,('add', 0.1),False,add"
"rank","both,('add', 0.2),False,add - (rank,('add', 0.1),False,all-sep)",-2305.82692307692,373.875020265439,Inf,-6.16737358232669,1.99135515629377e-05,"both,('add', 0.2),False,add","(rank,('add', 0.1),False,all-sep)"
"rank","both,('add', 0.2),False,add - (rank,('add', 0.1),False,all-uni)",-2498.95769230769,373.875020265439,Inf,-6.68393863418186,6.67108960064339e-07,"both,('add', 0.2),False,add","(rank,('add', 0.1),False,all-uni)"
"rank","both,('add', 0.2),False,add - rank,('add', 0.1),False,del",-2480.52307692308,373.875020265439,Inf,-6.63463174181037,9.32999649773052e-07,"both,('add', 0.2),False,add","rank,('add', 0.1),False,del"
"rank","both,('add', 0.2),False,add - rank,('add', 0.1),True,add",-2358.86923076923,373.875020265439,Inf,-6.30924534379032,8.04185250947518e-06,"both,('add', 0.2),False,add","rank,('add', 0.1),True,add"
"rank","both,('add', 0.2),False,add - (rank,('add', 0.1),True,all-uni)",-2358.93461538462,373.875020265439,Inf,-6.30942022740607,8.03277136824701e-06,"both,('add', 0.2),False,add","(rank,('add', 0.1),True,all-uni)"
"rank","both,('add', 0.2),False,add - rank,('add', 0.1),True,del",-2498.91153846154,373.875020265439,Inf,-6.68381518692368,6.67671455632741e-07,"both,('add', 0.2),False,add","rank,('add', 0.1),True,del"
"rank","(both,('add', 0.2),False,all-sep) - rank,('add', 0.1),False,add",-2579.2,373.875020265439,Inf,-6.8985619797997,1.50660543745127e-07,"(both,('add', 0.2),False,all-sep)","rank,('add', 0.1),False,add"
"rank","(both,('add', 0.2),False,all-sep) - (rank,('add', 0.1),False,all-sep)",-2311.41923076923,373.875020265439,Inf,-6.18233127510953,1.81148054978667e-05,"(both,('add', 0.2),False,all-sep)","(rank,('add', 0.1),False,all-sep)"
"rank","(both,('add', 0.2),False,all-sep) - (rank,('add', 0.1),False,all-uni)",-2504.55,373.875020265439,Inf,-6.6988963269647,6.02278579660262e-07,"(both,('add', 0.2),False,all-sep)","(rank,('add', 0.1),False,all-uni)"
"rank","(both,('add', 0.2),False,all-sep) - rank,('add', 0.1),False,del",-2486.11538461538,373.875020265439,Inf,-6.64958943459321,8.42938794104322e-07,"(both,('add', 0.2),False,all-sep)","rank,('add', 0.1),False,del"
"rank","(both,('add', 0.2),False,all-sep) - rank,('add', 0.1),True,add",-2364.46153846154,373.875020265439,Inf,-6.32420303657316,7.30028915440407e-06,"(both,('add', 0.2),False,all-sep)","rank,('add', 0.1),True,add"
"rank","(both,('add', 0.2),False,all-sep) - (rank,('add', 0.1),True,all-uni)",-2364.52692307692,373.875020265439,Inf,-6.32437792018891,7.29202675571866e-06,"(both,('add', 0.2),False,all-sep)","(rank,('add', 0.1),True,all-uni)"
"rank","(both,('add', 0.2),False,all-sep) - rank,('add', 0.1),True,del",-2504.50384615385,373.875020265439,Inf,-6.69877287970652,6.02787502295855e-07,"(both,('add', 0.2),False,all-sep)","rank,('add', 0.1),True,del"
"rank","(both,('add', 0.2),False,all-uni) - rank,('add', 0.1),False,add",-2573.37692307692,373.875020265439,Inf,-6.88298705072597,1.68094504515584e-07,"(both,('add', 0.2),False,all-uni)","rank,('add', 0.1),False,add"
"rank","(both,('add', 0.2),False,all-uni) - (rank,('add', 0.1),False,all-sep)",-2305.59615384615,373.875020265439,Inf,-6.16675634603579,1.99914048866145e-05,"(both,('add', 0.2),False,all-uni)","(rank,('add', 0.1),False,all-sep)"
"rank","(both,('add', 0.2),False,all-uni) - (rank,('add', 0.1),False,all-uni)",-2498.72692307692,373.875020265439,Inf,-6.68332139789096,6.6992608471309e-07,"(both,('add', 0.2),False,all-uni)","(rank,('add', 0.1),False,all-uni)"
"rank","(both,('add', 0.2),False,all-uni) - rank,('add', 0.1),False,del",-2480.29230769231,373.875020265439,Inf,-6.63401450551947,9.36911655308963e-07,"(both,('add', 0.2),False,all-uni)","rank,('add', 0.1),False,del"
"rank","(both,('add', 0.2),False,all-uni) - rank,('add', 0.1),True,add",-2358.63846153846,373.875020265439,Inf,-6.30862810749942,8.07398380362709e-06,"(both,('add', 0.2),False,all-uni)","rank,('add', 0.1),True,add"
"rank","(both,('add', 0.2),False,all-uni) - (rank,('add', 0.1),True,all-uni)",-2358.70384615385,373.875020265439,Inf,-6.30880299111517,8.06486723004914e-06,"(both,('add', 0.2),False,all-uni)","(rank,('add', 0.1),True,all-uni)"
"rank","(both,('add', 0.2),False,all-uni) - rank,('add', 0.1),True,del",-2498.68076923077,373.875020265439,Inf,-6.68319795063278,6.70490905560448e-07,"(both,('add', 0.2),False,all-uni)","rank,('add', 0.1),True,del"
"rank","both,('add', 0.2),False,del - rank,('add', 0.1),False,add",-2633.83076923077,373.875020265439,Inf,-7.04468238439903,5.33118247661127e-08,"both,('add', 0.2),False,del","rank,('add', 0.1),False,add"
"rank","both,('add', 0.2),False,del - (rank,('add', 0.1),False,all-sep)",-2366.05,373.875020265439,Inf,-6.32845167970885,7.1021252282352e-06,"both,('add', 0.2),False,del","(rank,('add', 0.1),False,all-sep)"
"rank","both,('add', 0.2),False,del - (rank,('add', 0.1),False,all-uni)",-2559.18076923077,373.875020265439,Inf,-6.84501673156403,2.19307165626709e-07,"both,('add', 0.2),False,del","(rank,('add', 0.1),False,all-uni)"
"rank","both,('add', 0.2),False,del - rank,('add', 0.1),False,del",-2540.74615384615,373.875020265439,Inf,-6.79570983919254,3.09114508809644e-07,"both,('add', 0.2),False,del","rank,('add', 0.1),False,del"
"rank","both,('add', 0.2),False,del - rank,('add', 0.1),True,add",-2419.09230769231,373.875020265439,Inf,-6.47032344117248,2.80471357679053e-06,"both,('add', 0.2),False,del","rank,('add', 0.1),True,add"
"rank","both,('add', 0.2),False,del - (rank,('add', 0.1),True,all-uni)",-2419.15769230769,373.875020265439,Inf,-6.47049832478824,2.80146917340834e-06,"both,('add', 0.2),False,del","(rank,('add', 0.1),True,all-uni)"
"rank","both,('add', 0.2),False,del - rank,('add', 0.1),True,del",-2559.13461538461,373.875020265439,Inf,-6.84489328430585,2.19496361719351e-07,"both,('add', 0.2),False,del","rank,('add', 0.1),True,del"
"rank","both,('add', 0.2),True,add - rank,('add', 0.1),False,add",-2512.55769230769,373.875020265439,Inf,-6.72031442625897,5.20062583501871e-07,"both,('add', 0.2),True,add","rank,('add', 0.1),False,add"
"rank","both,('add', 0.2),True,add - (rank,('add', 0.1),False,all-sep)",-2244.77692307692,373.875020265439,Inf,-6.00408372156879,5.51847372837967e-05,"both,('add', 0.2),True,add","(rank,('add', 0.1),False,all-sep)"
"rank","both,('add', 0.2),True,add - (rank,('add', 0.1),False,all-uni)",-2437.90769230769,373.875020265439,Inf,-6.52064877342396,2.00771280797418e-06,"both,('add', 0.2),True,add","(rank,('add', 0.1),False,all-uni)"
"rank","both,('add', 0.2),True,add - rank,('add', 0.1),False,del",-2419.47307692308,373.875020265439,Inf,-6.47134188105247,2.78587116021447e-06,"both,('add', 0.2),True,add","rank,('add', 0.1),False,del"
"rank","both,('add', 0.2),True,add - rank,('add', 0.1),True,add",-2297.81923076923,373.875020265439,Inf,-6.14595548303242,2.27958894712835e-05,"both,('add', 0.2),True,add","rank,('add', 0.1),True,add"
"rank","both,('add', 0.2),True,add - (rank,('add', 0.1),True,all-uni)",-2297.88461538461,373.875020265439,Inf,-6.14613036664817,2.27707831878506e-05,"both,('add', 0.2),True,add","(rank,('add', 0.1),True,all-uni)"
"rank","both,('add', 0.2),True,add - rank,('add', 0.1),True,del",-2437.86153846154,373.875020265439,Inf,-6.52052532616578,2.00936599592631e-06,"both,('add', 0.2),True,add","rank,('add', 0.1),True,del"
"rank","(both,('add', 0.2),True,all-sep) - rank,('add', 0.1),False,add",-2737.58461538462,373.875020265439,Inf,-7.32219182078819,6.99657469125284e-09,"(both,('add', 0.2),True,all-sep)","rank,('add', 0.1),False,add"
"rank","(both,('add', 0.2),True,all-sep) - (rank,('add', 0.1),False,all-sep)",-2469.80384615385,373.875020265439,Inf,-6.60596111609801,1.1327067088735e-06,"(both,('add', 0.2),True,all-sep)","(rank,('add', 0.1),False,all-sep)"
"rank","(both,('add', 0.2),True,all-sep) - (rank,('add', 0.1),False,all-uni)",-2662.93461538462,373.875020265439,Inf,-7.12252616795318,3.03912284423911e-08,"(both,('add', 0.2),True,all-sep)","(rank,('add', 0.1),False,all-uni)"
"rank","(both,('add', 0.2),True,all-sep) - rank,('add', 0.1),False,del",-2644.5,373.875020265439,Inf,-7.07321927558169,4.34157817580526e-08,"(both,('add', 0.2),True,all-sep)","rank,('add', 0.1),False,del"
"rank","(both,('add', 0.2),True,all-sep) - rank,('add', 0.1),True,add",-2522.84615384615,373.875020265439,Inf,-6.74783287756164,4.30399770850597e-07,"(both,('add', 0.2),True,all-sep)","rank,('add', 0.1),True,add"
"rank","(both,('add', 0.2),True,all-sep) - (rank,('add', 0.1),True,all-sep)",-1821.22692307692,373.875020265439,Inf,-4.87121852052034,0.0318095870004855,"(both,('add', 0.2),True,all-sep)","(rank,('add', 0.1),True,all-sep)"
"rank","(both,('add', 0.2),True,all-sep) - (rank,('add', 0.1),True,all-uni)",-2522.91153846154,373.875020265439,Inf,-6.7480077611774,4.29881457004984e-07,"(both,('add', 0.2),True,all-sep)","(rank,('add', 0.1),True,all-uni)"
"rank","(both,('add', 0.2),True,all-sep) - rank,('add', 0.1),True,del",-2662.88846153846,373.875020265439,Inf,-7.122402720695,3.04184698636913e-08,"(both,('add', 0.2),True,all-sep)","rank,('add', 0.1),True,del"
"rank","(both,('add', 0.2),True,all-sep) - rank,('add', 0.2),False,add",-1877.00769230769,373.875020265439,Inf,-5.02041481930266,0.0147874113534205,"(both,('add', 0.2),True,all-sep)","rank,('add', 0.2),False,add"
"rank","(both,('add', 0.2),True,all-sep) - (rank,('add', 0.2),False,all-uni)",-1876.62307692308,373.875020265439,Inf,-5.01938609215116,0.0148668148383602,"(both,('add', 0.2),True,all-sep)","(rank,('add', 0.2),False,all-uni)"
"rank","(both,('add', 0.2),True,all-sep) - rank,('add', 0.2),True,del",-1854.36153846154,373.875020265439,Inf,-4.95984336462223,0.0202337522015901,"(both,('add', 0.2),True,all-sep)","rank,('add', 0.2),True,del"
"rank","(both,('add', 0.2),True,all-uni) - rank,('add', 0.1),False,add",-2512.55769230769,373.875020265439,Inf,-6.72031442625896,5.20062583501881e-07,"(both,('add', 0.2),True,all-uni)","rank,('add', 0.1),False,add"
"rank","(both,('add', 0.2),True,all-uni) - (rank,('add', 0.1),False,all-sep)",-2244.77692307692,373.875020265439,Inf,-6.00408372156879,5.51847372837976e-05,"(both,('add', 0.2),True,all-uni)","(rank,('add', 0.1),False,all-sep)"
"rank","(both,('add', 0.2),True,all-uni) - (rank,('add', 0.1),False,all-uni)",-2437.90769230769,373.875020265439,Inf,-6.52064877342396,2.00771280797421e-06,"(both,('add', 0.2),True,all-uni)","(rank,('add', 0.1),False,all-uni)"
"rank","(both,('add', 0.2),True,all-uni) - rank,('add', 0.1),False,del",-2419.47307692308,373.875020265439,Inf,-6.47134188105247,2.78587116021452e-06,"(both,('add', 0.2),True,all-uni)","rank,('add', 0.1),False,del"
"rank","(both,('add', 0.2),True,all-uni) - rank,('add', 0.1),True,add",-2297.81923076923,373.875020265439,Inf,-6.14595548303241,2.27958894712839e-05,"(both,('add', 0.2),True,all-uni)","rank,('add', 0.1),True,add"
"rank","(both,('add', 0.2),True,all-uni) - (rank,('add', 0.1),True,all-uni)",-2297.88461538461,373.875020265439,Inf,-6.14613036664817,2.2770783187851e-05,"(both,('add', 0.2),True,all-uni)","(rank,('add', 0.1),True,all-uni)"
"rank","(both,('add', 0.2),True,all-uni) - rank,('add', 0.1),True,del",-2437.86153846154,373.875020265439,Inf,-6.52052532616578,2.00936599592634e-06,"(both,('add', 0.2),True,all-uni)","rank,('add', 0.1),True,del"
"rank","both,('add', 0.2),True,del - rank,('add', 0.1),False,add",-2617.18076923077,373.875020265439,Inf,-7.00014878601052,7.33321290574588e-08,"both,('add', 0.2),True,del","rank,('add', 0.1),False,add"
"rank","both,('add', 0.2),True,del - (rank,('add', 0.1),False,all-sep)",-2349.4,373.875020265439,Inf,-6.28391808132034,9.46855050319422e-06,"both,('add', 0.2),True,del","(rank,('add', 0.1),False,all-sep)"
"rank","both,('add', 0.2),True,del - (rank,('add', 0.1),False,all-uni)",-2542.53076923077,373.875020265439,Inf,-6.80048313317551,2.99043144956427e-07,"both,('add', 0.2),True,del","(rank,('add', 0.1),False,all-uni)"
"rank","both,('add', 0.2),True,del - rank,('add', 0.1),False,del",-2524.09615384615,373.875020265439,Inf,-6.75117624080402,4.20596004690754e-07,"both,('add', 0.2),True,del","rank,('add', 0.1),False,del"
"rank","both,('add', 0.2),True,del - rank,('add', 0.1),True,add",-2402.44230769231,373.875020265439,Inf,-6.42578984278397,3.76243000682525e-06,"both,('add', 0.2),True,del","rank,('add', 0.1),True,add"
"rank","both,('add', 0.2),True,del - (rank,('add', 0.1),True,all-uni)",-2402.50769230769,373.875020265439,Inf,-6.42596472639972,3.7581063975495e-06,"both,('add', 0.2),True,del","(rank,('add', 0.1),True,all-uni)"
"rank","both,('add', 0.2),True,del - rank,('add', 0.1),True,del",-2542.48461538462,373.875020265439,Inf,-6.80035968591733,2.99299515250516e-07,"both,('add', 0.2),True,del","rank,('add', 0.1),True,del"
"rank","both,('add', 0.3),False,add - rank,('add', 0.1),False,add",-2656.07307692308,373.875020265439,Inf,-7.10417367557039,3.47155804538796e-08,"both,('add', 0.3),False,add","rank,('add', 0.1),False,add"
"rank","both,('add', 0.3),False,add - (rank,('add', 0.1),False,all-sep)",-2388.29230769231,373.875020265439,Inf,-6.38794297088021,4.82202614244998e-06,"both,('add', 0.3),False,add","(rank,('add', 0.1),False,all-sep)"
"rank","both,('add', 0.3),False,add - (rank,('add', 0.1),False,all-uni)",-2581.42307692308,373.875020265439,Inf,-6.90450802273538,1.44483273586451e-07,"both,('add', 0.3),False,add","(rank,('add', 0.1),False,all-uni)"
"rank","both,('add', 0.3),False,add - rank,('add', 0.1),False,del",-2562.98846153846,373.875020265439,Inf,-6.85520113036389,2.04236746865445e-07,"both,('add', 0.3),False,add","rank,('add', 0.1),False,del"
"rank","both,('add', 0.3),False,add - rank,('add', 0.1),True,add",-2441.33461538461,373.875020265439,Inf,-6.52981473234384,1.88860943029842e-06,"both,('add', 0.3),False,add","rank,('add', 0.1),True,add"
"rank","both,('add', 0.3),False,add - (rank,('add', 0.1),True,all-uni)",-2441.4,373.875020265439,Inf,-6.5299896159596,1.88640552973915e-06,"both,('add', 0.3),False,add","(rank,('add', 0.1),True,all-uni)"
"rank","both,('add', 0.3),False,add - rank,('add', 0.1),True,del",-2581.37692307692,373.875020265439,Inf,-6.9043845754772,1.44608961151695e-07,"both,('add', 0.3),False,add","rank,('add', 0.1),True,del"
"rank","both,('add', 0.3),False,add - rank,('add', 0.2),False,add",-1795.49615384615,373.875020265439,Inf,-4.80239667408486,0.0449638511647727,"both,('add', 0.3),False,add","rank,('add', 0.2),False,add"
"rank","both,('add', 0.3),False,add - (rank,('add', 0.2),False,all-uni)",-1795.11153846154,373.875020265439,Inf,-4.80136794693336,0.045195496064509,"both,('add', 0.3),False,add","(rank,('add', 0.2),False,all-uni)"
"rank","(both,('add', 0.3),False,all-sep) - rank,('add', 0.1),False,add",-2616.45,373.875020265439,Inf,-6.99819420442266,7.43622306987094e-08,"(both,('add', 0.3),False,all-sep)","rank,('add', 0.1),False,add"
"rank","(both,('add', 0.3),False,all-sep) - (rank,('add', 0.1),False,all-sep)",-2348.66923076923,373.875020265439,Inf,-6.28196349973249,9.58839371078054e-06,"(both,('add', 0.3),False,all-sep)","(rank,('add', 0.1),False,all-sep)"
"rank","(both,('add', 0.3),False,all-sep) - (rank,('add', 0.1),False,all-uni)",-2541.8,373.875020265439,Inf,-6.79852855158766,3.0312772124444e-07,"(both,('add', 0.3),False,all-sep)","(rank,('add', 0.1),False,all-uni)"
"rank","(both,('add', 0.3),False,all-sep) - rank,('add', 0.1),False,del",-2523.36538461538,373.875020265439,Inf,-6.74922165921617,4.26300558733143e-07,"(both,('add', 0.3),False,all-sep)","rank,('add', 0.1),False,del"
"rank","(both,('add', 0.3),False,all-sep) - rank,('add', 0.1),True,add",-2401.71153846154,373.875020265439,Inf,-6.42383526119611,3.81108473037909e-06,"(both,('add', 0.3),False,all-sep)","rank,('add', 0.1),True,add"
"rank","(both,('add', 0.3),False,all-sep) - (rank,('add', 0.1),True,all-uni)",-2401.77692307692,373.875020265439,Inf,-6.42401014481187,3.80670648290112e-06,"(both,('add', 0.3),False,all-sep)","(rank,('add', 0.1),True,all-uni)"
"rank","(both,('add', 0.3),False,all-sep) - rank,('add', 0.1),True,del",-2541.75384615385,373.875020265439,Inf,-6.79840510432948,3.03387521458691e-07,"(both,('add', 0.3),False,all-sep)","rank,('add', 0.1),True,del"
"rank","(both,('add', 0.3),False,all-uni) - rank,('add', 0.1),False,add",-2713.66538461538,373.875020265439,Inf,-7.25821527923629,1.12491839100565e-08,"(both,('add', 0.3),False,all-uni)","rank,('add', 0.1),False,add"
"rank","(both,('add', 0.3),False,all-uni) - (rank,('add', 0.1),False,all-sep)",-2445.88461538462,373.875020265439,Inf,-6.54198457454611,1.74109872827889e-06,"(both,('add', 0.3),False,all-uni)","(rank,('add', 0.1),False,all-sep)"
"rank","(both,('add', 0.3),False,all-uni) - (rank,('add', 0.1),False,all-uni)",-2639.01538461538,373.875020265439,Inf,-7.05854962640128,4.82539312147631e-08,"(both,('add', 0.3),False,all-uni)","(rank,('add', 0.1),False,all-uni)"
"rank","(both,('add', 0.3),False,all-uni) - rank,('add', 0.1),False,del",-2620.58076923077,373.875020265439,Inf,-7.00924273402979,6.87205611259769e-08,"(both,('add', 0.3),False,all-uni)","rank,('add', 0.1),False,del"
"rank","(both,('add', 0.3),False,all-uni) - rank,('add', 0.1),True,add",-2498.92692307692,373.875020265439,Inf,-6.68385633600974,6.67483905538899e-07,"(both,('add', 0.3),False,all-uni)","rank,('add', 0.1),True,add"
"rank","(both,('add', 0.3),False,all-uni) - (rank,('add', 0.1),True,all-sep)",-1797.30769230769,373.875020265439,Inf,-4.80724197896844,0.0438880654011558,"(both,('add', 0.3),False,all-uni)","(rank,('add', 0.1),True,all-sep)"
"rank","(both,('add', 0.3),False,all-uni) - (rank,('add', 0.1),True,all-uni)",-2498.99230769231,373.875020265439,Inf,-6.68403121962549,6.66687392863551e-07,"(both,('add', 0.3),False,all-uni)","(rank,('add', 0.1),True,all-uni)"
"rank","(both,('add', 0.3),False,all-uni) - rank,('add', 0.1),True,del",-2638.96923076923,373.875020265439,Inf,-7.0584261791431,4.82968093830999e-08,"(both,('add', 0.3),False,all-uni)","rank,('add', 0.1),True,del"
"rank","(both,('add', 0.3),False,all-uni) - rank,('add', 0.2),False,add",-1853.08846153846,373.875020265439,Inf,-4.95643827775076,0.0205914258110366,"(both,('add', 0.3),False,all-uni)","rank,('add', 0.2),False,add"
"rank","(both,('add', 0.3),False,all-uni) - (rank,('add', 0.2),False,all-uni)",-1852.70384615385,373.875020265439,Inf,-4.95540955059926,0.0207006772058683,"(both,('add', 0.3),False,all-uni)","(rank,('add', 0.2),False,all-uni)"
"rank","(both,('add', 0.3),False,all-uni) - rank,('add', 0.2),True,del",-1830.44230769231,373.875020265439,Inf,-4.89586682307033,0.028070072532359,"(both,('add', 0.3),False,all-uni)","rank,('add', 0.2),True,del"
"rank","both,('add', 0.3),False,del - rank,('add', 0.1),False,add",-2656.39615384615,373.875020265439,Inf,-7.10503780637765,3.44990591753786e-08,"both,('add', 0.3),False,del","rank,('add', 0.1),False,add"
"rank","both,('add', 0.3),False,del - (rank,('add', 0.1),False,all-sep)",-2388.61538461539,373.875020265439,Inf,-6.38880710168748,4.79485985392232e-06,"both,('add', 0.3),False,del","(rank,('add', 0.1),False,all-sep)"
"rank","both,('add', 0.3),False,del - (rank,('add', 0.1),False,all-uni)",-2581.74615384615,373.875020265439,Inf,-6.90537215354265,1.43606453963093e-07,"both,('add', 0.3),False,del","(rank,('add', 0.1),False,all-uni)"
"rank","both,('add', 0.3),False,del - rank,('add', 0.1),False,del",-2563.31153846154,373.875020265439,Inf,-6.85606526117116,2.03005790316216e-07,"both,('add', 0.3),False,del","rank,('add', 0.1),False,del"
"rank","both,('add', 0.3),False,del - rank,('add', 0.1),True,add",-2441.65769230769,373.875020265439,Inf,-6.53067886315111,1.8777440343931e-06,"both,('add', 0.3),False,del","rank,('add', 0.1),True,add"
"rank","both,('add', 0.3),False,del - (rank,('add', 0.1),True,all-uni)",-2441.72307692308,373.875020265439,Inf,-6.53085374676686,1.87555253555873e-06,"both,('add', 0.3),False,del","(rank,('add', 0.1),True,all-uni)"
"rank","both,('add', 0.3),False,del - rank,('add', 0.1),True,del",-2581.7,373.875020265439,Inf,-6.90524870628447,1.43731393818969e-07,"both,('add', 0.3),False,del","rank,('add', 0.1),True,del"
"rank","both,('add', 0.3),False,del - rank,('add', 0.2),False,add",-1795.81923076923,373.875020265439,Inf,-4.80326080489212,0.0447701518887338,"both,('add', 0.3),False,del","rank,('add', 0.2),False,add"
"rank","both,('add', 0.3),False,del - (rank,('add', 0.2),False,all-uni)",-1795.43461538462,373.875020265439,Inf,-4.80223207774062,0.0450008374939405,"both,('add', 0.3),False,del","(rank,('add', 0.2),False,all-uni)"
"rank","both,('add', 0.3),True,add - rank,('add', 0.1),False,add",-2443.48076923077,373.875020265439,Inf,-6.53555502984922,1.81756845126532e-06,"both,('add', 0.3),True,add","rank,('add', 0.1),False,add"
"rank","both,('add', 0.3),True,add - (rank,('add', 0.1),False,all-sep)",-2175.7,373.875020265439,Inf,-5.81932432515905,0.000169458612538502,"both,('add', 0.3),True,add","(rank,('add', 0.1),False,all-sep)"
"rank","both,('add', 0.3),True,add - (rank,('add', 0.1),False,all-uni)",-2368.83076923077,373.875020265439,Inf,-6.33588937701422,6.76779336135136e-06,"both,('add', 0.3),True,add","(rank,('add', 0.1),False,all-uni)"
"rank","both,('add', 0.3),True,add - rank,('add', 0.1),False,del",-2350.39615384615,373.875020265439,Inf,-6.28658248464273,9.30753825014258e-06,"both,('add', 0.3),True,add","rank,('add', 0.1),False,del"
"rank","both,('add', 0.3),True,add - rank,('add', 0.1),True,add",-2228.74230769231,373.875020265439,Inf,-5.96119608662267,7.18142241623967e-05,"both,('add', 0.3),True,add","rank,('add', 0.1),True,add"
"rank","both,('add', 0.3),True,add - (rank,('add', 0.1),True,all-uni)",-2228.80769230769,373.875020265439,Inf,-5.96137097023843,7.17373946139354e-05,"both,('add', 0.3),True,add","(rank,('add', 0.1),True,all-uni)"
"rank","both,('add', 0.3),True,add - rank,('add', 0.1),True,del",-2368.78461538462,373.875020265439,Inf,-6.33576592975604,6.77321488680455e-06,"both,('add', 0.3),True,add","rank,('add', 0.1),True,del"
"rank","(both,('add', 0.3),True,all-sep) - rank,('add', 0.1),False,add",-2563.71538461538,373.875020265439,Inf,-6.85714542468024,2.01477314944363e-07,"(both,('add', 0.3),True,all-sep)","rank,('add', 0.1),False,add"
"rank","(both,('add', 0.3),True,all-sep) - (rank,('add', 0.1),False,all-sep)",-2295.93461538462,373.875020265439,Inf,-6.14091471999006,2.35312592284198e-05,"(both,('add', 0.3),True,all-sep)","(rank,('add', 0.1),False,all-sep)"
"rank","(both,('add', 0.3),True,all-sep) - (rank,('add', 0.1),False,all-uni)",-2489.06538461538,373.875020265439,Inf,-6.65747977184523,7.98917905559153e-07,"(both,('add', 0.3),True,all-sep)","(rank,('add', 0.1),False,all-uni)"
"rank","(both,('add', 0.3),True,all-sep) - rank,('add', 0.1),False,del",-2470.63076923077,373.875020265439,Inf,-6.60817287947374,1.11591632821907e-06,"(both,('add', 0.3),True,all-sep)","rank,('add', 0.1),False,del"
"rank","(both,('add', 0.3),True,all-sep) - rank,('add', 0.1),True,add",-2348.97692307692,373.875020265439,Inf,-6.28278648145369,9.5377539762311e-06,"(both,('add', 0.3),True,all-sep)","rank,('add', 0.1),True,add"
"rank","(both,('add', 0.3),True,all-sep) - (rank,('add', 0.1),True,all-uni)",-2349.04230769231,373.875020265439,Inf,-6.28296136506944,9.52702672227151e-06,"(both,('add', 0.3),True,all-sep)","(rank,('add', 0.1),True,all-uni)"
"rank","(both,('add', 0.3),True,all-sep) - rank,('add', 0.1),True,del",-2489.01923076923,373.875020265439,Inf,-6.65735632458705,7.9958898062262e-07,"(both,('add', 0.3),True,all-sep)","rank,('add', 0.1),True,del"
"rank","(both,('add', 0.3),True,all-uni) - rank,('add', 0.1),False,add",-2443.48076923077,373.875020265439,Inf,-6.53555502984922,1.81756845126533e-06,"(both,('add', 0.3),True,all-uni)","rank,('add', 0.1),False,add"
"rank","(both,('add', 0.3),True,all-uni) - (rank,('add', 0.1),False,all-sep)",-2175.7,373.875020265439,Inf,-5.81932432515905,0.000169458612538502,"(both,('add', 0.3),True,all-uni)","(rank,('add', 0.1),False,all-sep)"
"rank","(both,('add', 0.3),True,all-uni) - (rank,('add', 0.1),False,all-uni)",-2368.83076923077,373.875020265439,Inf,-6.33588937701422,6.76779336135136e-06,"(both,('add', 0.3),True,all-uni)","(rank,('add', 0.1),False,all-uni)"
"rank","(both,('add', 0.3),True,all-uni) - rank,('add', 0.1),False,del",-2350.39615384615,373.875020265439,Inf,-6.28658248464273,9.30753825014258e-06,"(both,('add', 0.3),True,all-uni)","rank,('add', 0.1),False,del"
"rank","(both,('add', 0.3),True,all-uni) - rank,('add', 0.1),True,add",-2228.74230769231,373.875020265439,Inf,-5.96119608662267,7.18142241623967e-05,"(both,('add', 0.3),True,all-uni)","rank,('add', 0.1),True,add"
"rank","(both,('add', 0.3),True,all-uni) - (rank,('add', 0.1),True,all-uni)",-2228.80769230769,373.875020265439,Inf,-5.96137097023843,7.17373946139358e-05,"(both,('add', 0.3),True,all-uni)","(rank,('add', 0.1),True,all-uni)"
"rank","(both,('add', 0.3),True,all-uni) - rank,('add', 0.1),True,del",-2368.78461538462,373.875020265439,Inf,-6.33576592975604,6.77321488680459e-06,"(both,('add', 0.3),True,all-uni)","rank,('add', 0.1),True,del"
"rank","both,('add', 0.3),True,del - rank,('add', 0.1),False,add",-2606.69230769231,373.875020265439,Inf,-6.97209539658906,8.95546440148166e-08,"both,('add', 0.3),True,del","rank,('add', 0.1),False,add"
"rank","both,('add', 0.3),True,del - (rank,('add', 0.1),False,all-sep)",-2338.91153846154,373.875020265439,Inf,-6.25586469189888,1.13377599816417e-05,"both,('add', 0.3),True,del","(rank,('add', 0.1),False,all-sep)"
"rank","both,('add', 0.3),True,del - (rank,('add', 0.1),False,all-uni)",-2532.04230769231,373.875020265439,Inf,-6.77242974375405,3.63195796025277e-07,"both,('add', 0.3),True,del","(rank,('add', 0.1),False,all-uni)"
"rank","both,('add', 0.3),True,del - rank,('add', 0.1),False,del",-2513.60769230769,373.875020265439,Inf,-6.72312285138256,5.10132566781732e-07,"both,('add', 0.3),True,del","rank,('add', 0.1),False,del"
"rank","both,('add', 0.3),True,del - rank,('add', 0.1),True,add",-2391.95384615385,373.875020265439,Inf,-6.39773645336251,4.52275465647965e-06,"both,('add', 0.3),True,del","rank,('add', 0.1),True,add"
"rank","both,('add', 0.3),True,del - (rank,('add', 0.1),True,all-uni)",-2392.01923076923,373.875020265439,Inf,-6.39791133697827,4.51757900782608e-06,"both,('add', 0.3),True,del","(rank,('add', 0.1),True,all-uni)"
"rank","both,('add', 0.3),True,del - rank,('add', 0.1),True,del",-2531.99615384615,373.875020265439,Inf,-6.77230629649587,3.63505929954556e-07,"both,('add', 0.3),True,del","rank,('add', 0.1),True,del"
"rank","both,('add', 0.4),False,add - rank,('add', 0.1),False,add",-2611.74615384615,373.875020265439,Inf,-6.98561287135979,8.13408213306689e-08,"both,('add', 0.4),False,add","rank,('add', 0.1),False,add"
"rank","both,('add', 0.4),False,add - (rank,('add', 0.1),False,all-sep)",-2343.96538461538,373.875020265439,Inf,-6.26938216666962,1.03960261893889e-05,"both,('add', 0.4),False,add","(rank,('add', 0.1),False,all-sep)"
"rank","both,('add', 0.4),False,add - (rank,('add', 0.1),False,all-uni)",-2537.09615384615,373.875020265439,Inf,-6.78594721852479,3.30758729497918e-07,"both,('add', 0.4),False,add","(rank,('add', 0.1),False,all-uni)"
"rank","both,('add', 0.4),False,add - rank,('add', 0.1),False,del",-2518.66153846154,373.875020265439,Inf,-6.7366403261533,4.64876268047028e-07,"both,('add', 0.4),False,add","rank,('add', 0.1),False,del"
"rank","both,('add', 0.4),False,add - rank,('add', 0.1),True,add",-2397.00769230769,373.875020265439,Inf,-6.41125392813324,4.13931467716352e-06,"both,('add', 0.4),False,add","rank,('add', 0.1),True,add"
"rank","both,('add', 0.4),False,add - (rank,('add', 0.1),True,all-uni)",-2397.07307692308,373.875020265439,Inf,-6.411428811749,4.13456825601778e-06,"both,('add', 0.4),False,add","(rank,('add', 0.1),True,all-uni)"
"rank","both,('add', 0.4),False,add - rank,('add', 0.1),True,del",-2537.05,373.875020265439,Inf,-6.78582377126661,3.31041707046056e-07,"both,('add', 0.4),False,add","rank,('add', 0.1),True,del"
"rank","(both,('add', 0.4),False,all-sep) - rank,('add', 0.1),False,add",-2562.33461538462,373.875020265439,Inf,-6.85345229420634,2.06750390968607e-07,"(both,('add', 0.4),False,all-sep)","rank,('add', 0.1),False,add"
"rank","(both,('add', 0.4),False,all-sep) - (rank,('add', 0.1),False,all-sep)",-2294.55384615385,373.875020265439,Inf,-6.13722158951617,2.40846646757994e-05,"(both,('add', 0.4),False,all-sep)","(rank,('add', 0.1),False,all-sep)"
"rank","(both,('add', 0.4),False,all-sep) - (rank,('add', 0.1),False,all-uni)",-2487.68461538462,373.875020265439,Inf,-6.65378664137134,8.19234680177683e-07,"(both,('add', 0.4),False,all-sep)","(rank,('add', 0.1),False,all-uni)"
"rank","(both,('add', 0.4),False,all-sep) - rank,('add', 0.1),False,del",-2469.25,373.875020265439,Inf,-6.60447974899985,1.14409032674341e-06,"(both,('add', 0.4),False,all-sep)","rank,('add', 0.1),False,del"
"rank","(both,('add', 0.4),False,all-sep) - rank,('add', 0.1),True,add",-2347.59615384615,373.875020265439,Inf,-6.2790933509798,9.76706234837222e-06,"(both,('add', 0.4),False,all-sep)","rank,('add', 0.1),True,add"
"rank","(both,('add', 0.4),False,all-sep) - (rank,('add', 0.1),True,all-uni)",-2347.66153846154,373.875020265439,Inf,-6.27926823459555,9.7560833494881e-06,"(both,('add', 0.4),False,all-sep)","(rank,('add', 0.1),True,all-uni)"
"rank","(both,('add', 0.4),False,all-sep) - rank,('add', 0.1),True,del",-2487.63846153846,373.875020265439,Inf,-6.65366319411316,8.19922454588287e-07,"(both,('add', 0.4),False,all-sep)","rank,('add', 0.1),True,del"
"rank","(both,('add', 0.4),False,all-uni) - rank,('add', 0.1),False,add",-2608.56153846154,373.875020265439,Inf,-6.97709501054536,8.64260124916462e-08,"(both,('add', 0.4),False,all-uni)","rank,('add', 0.1),False,add"
"rank","(both,('add', 0.4),False,all-uni) - (rank,('add', 0.1),False,all-sep)",-2340.78076923077,373.875020265439,Inf,-6.26086430585518,1.09801253614387e-05,"(both,('add', 0.4),False,all-uni)","(rank,('add', 0.1),False,all-sep)"
"rank","(both,('add', 0.4),False,all-uni) - (rank,('add', 0.1),False,all-uni)",-2533.91153846154,373.875020265439,Inf,-6.77742935771035,3.50850849947767e-07,"(both,('add', 0.4),False,all-uni)","(rank,('add', 0.1),False,all-uni)"
"rank","(both,('add', 0.4),False,all-uni) - rank,('add', 0.1),False,del",-2515.47692307692,373.875020265439,Inf,-6.72812246533886,4.92912399748553e-07,"(both,('add', 0.4),False,all-uni)","rank,('add', 0.1),False,del"
"rank","(both,('add', 0.4),False,all-uni) - rank,('add', 0.1),True,add",-2393.82307692308,373.875020265439,Inf,-6.40273606731881,4.37705246881002e-06,"(both,('add', 0.4),False,all-uni)","rank,('add', 0.1),True,add"
"rank","(both,('add', 0.4),False,all-uni) - (rank,('add', 0.1),True,all-uni)",-2393.88846153846,373.875020265439,Inf,-6.40291095093457,4.37203981474979e-06,"(both,('add', 0.4),False,all-uni)","(rank,('add', 0.1),True,all-uni)"
"rank","(both,('add', 0.4),False,all-uni) - rank,('add', 0.1),True,del",-2533.86538461538,373.875020265439,Inf,-6.77730591045217,3.51150655021847e-07,"(both,('add', 0.4),False,all-uni)","rank,('add', 0.1),True,del"
"rank","both,('add', 0.4),False,del - rank,('add', 0.1),False,add",-2611.74615384615,373.875020265439,Inf,-6.98561287135979,8.13408213306673e-08,"both,('add', 0.4),False,del","rank,('add', 0.1),False,add"
"rank","both,('add', 0.4),False,del - (rank,('add', 0.1),False,all-sep)",-2343.96538461539,373.875020265439,Inf,-6.26938216666962,1.03960261893888e-05,"both,('add', 0.4),False,del","(rank,('add', 0.1),False,all-sep)"
"rank","both,('add', 0.4),False,del - (rank,('add', 0.1),False,all-uni)",-2537.09615384615,373.875020265439,Inf,-6.78594721852479,3.30758729497912e-07,"both,('add', 0.4),False,del","(rank,('add', 0.1),False,all-uni)"
"rank","both,('add', 0.4),False,del - rank,('add', 0.1),False,del",-2518.66153846154,373.875020265439,Inf,-6.7366403261533,4.64876268047026e-07,"both,('add', 0.4),False,del","rank,('add', 0.1),False,del"
"rank","both,('add', 0.4),False,del - rank,('add', 0.1),True,add",-2397.00769230769,373.875020265439,Inf,-6.41125392813325,4.13931467716345e-06,"both,('add', 0.4),False,del","rank,('add', 0.1),True,add"
"rank","both,('add', 0.4),False,del - (rank,('add', 0.1),True,all-uni)",-2397.07307692308,373.875020265439,Inf,-6.411428811749,4.13456825601778e-06,"both,('add', 0.4),False,del","(rank,('add', 0.1),True,all-uni)"
"rank","both,('add', 0.4),False,del - rank,('add', 0.1),True,del",-2537.05,373.875020265439,Inf,-6.78582377126661,3.31041707046054e-07,"both,('add', 0.4),False,del","rank,('add', 0.1),True,del"
"rank","both,('add', 0.4),True,add - rank,('add', 0.1),False,add",-2440.13461538462,373.875020265439,Inf,-6.52660510363116,1.92950759796664e-06,"both,('add', 0.4),True,add","rank,('add', 0.1),False,add"
"rank","both,('add', 0.4),True,add - (rank,('add', 0.1),False,all-sep)",-2172.35384615385,373.875020265439,Inf,-5.81037439894098,0.00017877185649297,"both,('add', 0.4),True,add","(rank,('add', 0.1),False,all-sep)"
"rank","both,('add', 0.4),True,add - (rank,('add', 0.1),False,all-uni)",-2365.48461538462,373.875020265439,Inf,-6.32693945079615,7.17204841448585e-06,"both,('add', 0.4),True,add","(rank,('add', 0.1),False,all-uni)"
"rank","both,('add', 0.4),True,add - rank,('add', 0.1),False,del",-2347.05,373.875020265439,Inf,-6.27763255842466,9.8592417185558e-06,"both,('add', 0.4),True,add","rank,('add', 0.1),False,del"
"rank","both,('add', 0.4),True,add - rank,('add', 0.1),True,add",-2225.39615384615,373.875020265439,Inf,-5.95224616040461,7.58549176066697e-05,"both,('add', 0.4),True,add","rank,('add', 0.1),True,add"
"rank","both,('add', 0.4),True,add - (rank,('add', 0.1),True,all-uni)",-2225.46153846154,373.875020265439,Inf,-5.95242104402036,7.57738808928696e-05,"both,('add', 0.4),True,add","(rank,('add', 0.1),True,all-uni)"
"rank","both,('add', 0.4),True,add - rank,('add', 0.1),True,del",-2365.43846153846,373.875020265439,Inf,-6.32681600353797,7.17778602228746e-06,"both,('add', 0.4),True,add","rank,('add', 0.1),True,del"
"rank","(both,('add', 0.4),True,all-sep) - rank,('add', 0.1),False,add",-2645.75,373.875020265439,Inf,-7.07656263882408,4.23815761764374e-08,"(both,('add', 0.4),True,all-sep)","rank,('add', 0.1),False,add"
"rank","(both,('add', 0.4),True,all-sep) - (rank,('add', 0.1),False,all-sep)",-2377.96923076923,373.875020265439,Inf,-6.3603319341339,5.77380663052266e-06,"(both,('add', 0.4),True,all-sep)","(rank,('add', 0.1),False,all-sep)"
"rank","(both,('add', 0.4),True,all-sep) - (rank,('add', 0.1),False,all-uni)",-2571.1,373.875020265439,Inf,-6.87689698598907,1.75436449010937e-07,"(both,('add', 0.4),True,all-sep)","(rank,('add', 0.1),False,all-uni)"
"rank","(both,('add', 0.4),True,all-sep) - rank,('add', 0.1),False,del",-2552.66538461538,373.875020265439,Inf,-6.82759009361759,2.47660110975846e-07,"(both,('add', 0.4),True,all-sep)","rank,('add', 0.1),False,del"
"rank","(both,('add', 0.4),True,all-sep) - rank,('add', 0.1),True,add",-2431.01153846154,373.875020265439,Inf,-6.50220369559753,2.27007423089698e-06,"(both,('add', 0.4),True,all-sep)","rank,('add', 0.1),True,add"
"rank","(both,('add', 0.4),True,all-sep) - (rank,('add', 0.1),True,all-uni)",-2431.07692307692,373.875020265439,Inf,-6.50237857921329,2.26743590402477e-06,"(both,('add', 0.4),True,all-sep)","(rank,('add', 0.1),True,all-uni)"
"rank","(both,('add', 0.4),True,all-sep) - rank,('add', 0.1),True,del",-2571.05384615385,373.875020265439,Inf,-6.87677353873089,1.75588475826307e-07,"(both,('add', 0.4),True,all-sep)","rank,('add', 0.1),True,del"
"rank","(both,('add', 0.4),True,all-uni) - rank,('add', 0.1),False,add",-2440.13461538462,373.875020265439,Inf,-6.52660510363116,1.92950759796663e-06,"(both,('add', 0.4),True,all-uni)","rank,('add', 0.1),False,add"
"rank","(both,('add', 0.4),True,all-uni) - (rank,('add', 0.1),False,all-sep)",-2172.35384615385,373.875020265439,Inf,-5.81037439894098,0.00017877185649297,"(both,('add', 0.4),True,all-uni)","(rank,('add', 0.1),False,all-sep)"
"rank","(both,('add', 0.4),True,all-uni) - (rank,('add', 0.1),False,all-uni)",-2365.48461538462,373.875020265439,Inf,-6.32693945079615,7.17204841448585e-06,"(both,('add', 0.4),True,all-uni)","(rank,('add', 0.1),False,all-uni)"
"rank","(both,('add', 0.4),True,all-uni) - rank,('add', 0.1),False,del",-2347.05,373.875020265439,Inf,-6.27763255842466,9.8592417185558e-06,"(both,('add', 0.4),True,all-uni)","rank,('add', 0.1),False,del"
"rank","(both,('add', 0.4),True,all-uni) - rank,('add', 0.1),True,add",-2225.39615384615,373.875020265439,Inf,-5.95224616040461,7.58549176066697e-05,"(both,('add', 0.4),True,all-uni)","rank,('add', 0.1),True,add"
"rank","(both,('add', 0.4),True,all-uni) - (rank,('add', 0.1),True,all-uni)",-2225.46153846154,373.875020265439,Inf,-5.95242104402036,7.57738808928696e-05,"(both,('add', 0.4),True,all-uni)","(rank,('add', 0.1),True,all-uni)"
"rank","(both,('add', 0.4),True,all-uni) - rank,('add', 0.1),True,del",-2365.43846153846,373.875020265439,Inf,-6.32681600353797,7.17778602228746e-06,"(both,('add', 0.4),True,all-uni)","rank,('add', 0.1),True,del"
"rank","both,('add', 0.4),True,del - rank,('add', 0.1),False,add",-2594.25384615385,373.875020265439,Inf,-6.93882636050949,1.13392323887977e-07,"both,('add', 0.4),True,del","rank,('add', 0.1),False,add"
"rank","both,('add', 0.4),True,del - (rank,('add', 0.1),False,all-sep)",-2326.47307692308,373.875020265439,Inf,-6.22259565581931,1.40244184205273e-05,"both,('add', 0.4),True,del","(rank,('add', 0.1),False,all-sep)"
"rank","both,('add', 0.4),True,del - (rank,('add', 0.1),False,all-uni)",-2519.60384615385,373.875020265439,Inf,-6.73916070767448,4.56884237599742e-07,"both,('add', 0.4),True,del","(rank,('add', 0.1),False,all-uni)"
"rank","both,('add', 0.4),True,del - rank,('add', 0.1),False,del",-2501.16923076923,373.875020265439,Inf,-6.68985381530299,6.40692962696234e-07,"both,('add', 0.4),True,del","rank,('add', 0.1),False,del"
"rank","both,('add', 0.4),True,del - rank,('add', 0.1),True,add",-2379.51538461538,373.875020265439,Inf,-6.36446741728294,5.62037700721692e-06,"both,('add', 0.4),True,del","rank,('add', 0.1),True,add"
"rank","both,('add', 0.4),True,del - (rank,('add', 0.1),True,all-uni)",-2379.58076923077,373.875020265439,Inf,-6.3646423008987,5.61397724590874e-06,"both,('add', 0.4),True,del","(rank,('add', 0.1),True,all-uni)"
"rank","both,('add', 0.4),True,del - rank,('add', 0.1),True,del",-2519.55769230769,373.875020265439,Inf,-6.7390372604163,4.57272530897237e-07,"both,('add', 0.4),True,del","rank,('add', 0.1),True,del"
"rank","both,('add', 0.5),False,add - rank,('add', 0.1),False,add",-2558.05384615385,373.875020265439,Inf,-6.84200256101013,2.23972709422217e-07,"both,('add', 0.5),False,add","rank,('add', 0.1),False,add"
"rank","both,('add', 0.5),False,add - (rank,('add', 0.1),False,all-sep)",-2290.27307692308,373.875020265439,Inf,-6.12577185631995,2.58822773712394e-05,"both,('add', 0.5),False,add","(rank,('add', 0.1),False,all-sep)"
"rank","both,('add', 0.5),False,add - (rank,('add', 0.1),False,all-uni)",-2483.40384615385,373.875020265439,Inf,-6.64233690817512,8.85489895952088e-07,"both,('add', 0.5),False,add","(rank,('add', 0.1),False,all-uni)"
"rank","both,('add', 0.5),False,add - rank,('add', 0.1),False,del",-2464.96923076923,373.875020265439,Inf,-6.59303001580363,1.23593421827303e-06,"both,('add', 0.5),False,add","rank,('add', 0.1),False,del"
"rank","both,('add', 0.5),False,add - rank,('add', 0.1),True,add",-2343.31538461538,373.875020265439,Inf,-6.26764361778358,1.0512725796721e-05,"both,('add', 0.5),False,add","rank,('add', 0.1),True,add"
"rank","both,('add', 0.5),False,add - (rank,('add', 0.1),True,all-uni)",-2343.38076923077,373.875020265439,Inf,-6.26781850139934,1.05009291696165e-05,"both,('add', 0.5),False,add","(rank,('add', 0.1),True,all-uni)"
"rank","both,('add', 0.5),False,add - rank,('add', 0.1),True,del",-2483.35769230769,373.875020265439,Inf,-6.64221346091694,8.86232066242979e-07,"both,('add', 0.5),False,add","rank,('add', 0.1),True,del"
"rank","(both,('add', 0.5),False,all-sep) - rank,('add', 0.1),False,add",-2475.75769230769,373.875020265439,Inf,-6.62188581240326,1.01712179520232e-06,"(both,('add', 0.5),False,all-sep)","rank,('add', 0.1),False,add"
"rank","(both,('add', 0.5),False,all-sep) - (rank,('add', 0.1),False,all-sep)",-2207.97692307692,373.875020265439,Inf,-5.90565510771309,0.00010073796315239,"(both,('add', 0.5),False,all-sep)","(rank,('add', 0.1),False,all-sep)"
"rank","(both,('add', 0.5),False,all-sep) - (rank,('add', 0.1),False,all-uni)",-2401.10769230769,373.875020265439,Inf,-6.42222015956826,3.85175243476219e-06,"(both,('add', 0.5),False,all-sep)","(rank,('add', 0.1),False,all-uni)"
"rank","(both,('add', 0.5),False,all-sep) - rank,('add', 0.1),False,del",-2382.67307692308,373.875020265439,Inf,-6.37291326719677,5.31930215098708e-06,"(both,('add', 0.5),False,all-sep)","rank,('add', 0.1),False,del"
"rank","(both,('add', 0.5),False,all-sep) - rank,('add', 0.1),True,add",-2261.01923076923,373.875020265439,Inf,-6.04752686917671,4.21843058431099e-05,"(both,('add', 0.5),False,all-sep)","rank,('add', 0.1),True,add"
"rank","(both,('add', 0.5),False,all-sep) - (rank,('add', 0.1),True,all-uni)",-2261.08461538462,373.875020265439,Inf,-6.04770175279247,4.21385545279018e-05,"(both,('add', 0.5),False,all-sep)","(rank,('add', 0.1),True,all-uni)"
"rank","(both,('add', 0.5),False,all-sep) - rank,('add', 0.1),True,del",-2401.06153846154,373.875020265439,Inf,-6.42209671231008,3.85487818322943e-06,"(both,('add', 0.5),False,all-sep)","rank,('add', 0.1),True,del"
"rank","(both,('add', 0.5),False,all-uni) - rank,('add', 0.1),False,add",-2558.05384615385,373.875020265439,Inf,-6.84200256101013,2.23972709422215e-07,"(both,('add', 0.5),False,all-uni)","rank,('add', 0.1),False,add"
"rank","(both,('add', 0.5),False,all-uni) - (rank,('add', 0.1),False,all-sep)",-2290.27307692308,373.875020265439,Inf,-6.12577185631995,2.58822773712394e-05,"(both,('add', 0.5),False,all-uni)","(rank,('add', 0.1),False,all-sep)"
"rank","(both,('add', 0.5),False,all-uni) - (rank,('add', 0.1),False,all-uni)",-2483.40384615385,373.875020265439,Inf,-6.64233690817512,8.85489895952088e-07,"(both,('add', 0.5),False,all-uni)","(rank,('add', 0.1),False,all-uni)"
"rank","(both,('add', 0.5),False,all-uni) - rank,('add', 0.1),False,del",-2464.96923076923,373.875020265439,Inf,-6.59303001580363,1.23593421827303e-06,"(both,('add', 0.5),False,all-uni)","rank,('add', 0.1),False,del"
"rank","(both,('add', 0.5),False,all-uni) - rank,('add', 0.1),True,add",-2343.31538461538,373.875020265439,Inf,-6.26764361778358,1.0512725796721e-05,"(both,('add', 0.5),False,all-uni)","rank,('add', 0.1),True,add"
"rank","(both,('add', 0.5),False,all-uni) - (rank,('add', 0.1),True,all-uni)",-2343.38076923077,373.875020265439,Inf,-6.26781850139934,1.05009291696165e-05,"(both,('add', 0.5),False,all-uni)","(rank,('add', 0.1),True,all-uni)"
"rank","(both,('add', 0.5),False,all-uni) - rank,('add', 0.1),True,del",-2483.35769230769,373.875020265439,Inf,-6.64221346091694,8.86232066242979e-07,"(both,('add', 0.5),False,all-uni)","rank,('add', 0.1),True,del"
"rank","both,('add', 0.5),False,del - rank,('add', 0.1),False,add",-2584.13461538461,373.875020265439,Inf,-6.91176054915347,1.37284093669993e-07,"both,('add', 0.5),False,del","rank,('add', 0.1),False,add"
"rank","both,('add', 0.5),False,del - (rank,('add', 0.1),False,all-sep)",-2316.35384615385,373.875020265439,Inf,-6.19552984446329,1.6660006611599e-05,"both,('add', 0.5),False,del","(rank,('add', 0.1),False,all-sep)"
"rank","both,('add', 0.5),False,del - (rank,('add', 0.1),False,all-uni)",-2509.48461538462,373.875020265439,Inf,-6.71209489631847,5.50225376850998e-07,"both,('add', 0.5),False,del","(rank,('add', 0.1),False,all-uni)"
"rank","both,('add', 0.5),False,del - rank,('add', 0.1),False,del",-2491.05,373.875020265439,Inf,-6.66278800394698,7.70577386674798e-07,"both,('add', 0.5),False,del","rank,('add', 0.1),False,del"
"rank","both,('add', 0.5),False,del - rank,('add', 0.1),True,add",-2369.39615384615,373.875020265439,Inf,-6.33740160592692,6.70172269628834e-06,"both,('add', 0.5),False,del","rank,('add', 0.1),True,add"
"rank","both,('add', 0.5),False,del - (rank,('add', 0.1),True,all-uni)",-2369.46153846154,373.875020265439,Inf,-6.33757648954268,6.69412263542397e-06,"both,('add', 0.5),False,del","(rank,('add', 0.1),True,all-uni)"
"rank","both,('add', 0.5),False,del - rank,('add', 0.1),True,del",-2509.43846153846,373.875020265439,Inf,-6.71197144906029,5.50691194328373e-07,"both,('add', 0.5),False,del","rank,('add', 0.1),True,del"
"rank","both,('add', 0.5),True,add - rank,('add', 0.1),False,add",-2415.18846153846,373.875020265439,Inf,-6.45988186058474,3.00522669084037e-06,"both,('add', 0.5),True,add","rank,('add', 0.1),False,add"
"rank","both,('add', 0.5),True,add - (rank,('add', 0.1),False,all-sep)",-2147.40769230769,373.875020265439,Inf,-5.74365115589457,0.000265739058813363,"both,('add', 0.5),True,add","(rank,('add', 0.1),False,all-sep)"
"rank","both,('add', 0.5),True,add - (rank,('add', 0.1),False,all-uni)",-2340.53846153846,373.875020265439,Inf,-6.26021620774974,1.10258565175302e-05,"both,('add', 0.5),True,add","(rank,('add', 0.1),False,all-uni)"
"rank","both,('add', 0.5),True,add - rank,('add', 0.1),False,del",-2322.10384615385,373.875020265439,Inf,-6.21090931537825,1.51082997112574e-05,"both,('add', 0.5),True,add","rank,('add', 0.1),False,del"
"rank","both,('add', 0.5),True,add - rank,('add', 0.1),True,add",-2200.45,373.875020265439,Inf,-5.88552291735819,0.000113801493188548,"both,('add', 0.5),True,add","rank,('add', 0.1),True,add"
"rank","both,('add', 0.5),True,add - (rank,('add', 0.1),True,all-uni)",-2200.51538461539,373.875020265439,Inf,-5.88569780097395,0.000113681211630227,"both,('add', 0.5),True,add","(rank,('add', 0.1),True,all-uni)"
"rank","both,('add', 0.5),True,add - rank,('add', 0.1),True,del",-2340.49230769231,373.875020265439,Inf,-6.26009276049156,1.10345882706771e-05,"both,('add', 0.5),True,add","rank,('add', 0.1),True,del"
"rank","(both,('add', 0.5),True,all-sep) - rank,('add', 0.1),False,add",-2570.68846153846,373.875020265439,Inf,-6.87579624793697,1.76796587261794e-07,"(both,('add', 0.5),True,all-sep)","rank,('add', 0.1),False,add"
"rank","(both,('add', 0.5),True,all-sep) - (rank,('add', 0.1),False,all-sep)",-2302.90769230769,373.875020265439,Inf,-6.15956554324679,2.09205645459015e-05,"(both,('add', 0.5),True,all-sep)","(rank,('add', 0.1),False,all-sep)"
"rank","(both,('add', 0.5),True,all-sep) - (rank,('add', 0.1),False,all-uni)",-2496.03846153846,373.875020265439,Inf,-6.67613059510196,7.03616102954297e-07,"(both,('add', 0.5),True,all-sep)","(rank,('add', 0.1),False,all-uni)"
"rank","(both,('add', 0.5),True,all-sep) - rank,('add', 0.1),False,del",-2477.60384615385,373.875020265439,Inf,-6.62682370273047,9.83686293214353e-07,"(both,('add', 0.5),True,all-sep)","rank,('add', 0.1),False,del"
"rank","(both,('add', 0.5),True,all-sep) - rank,('add', 0.1),True,add",-2355.95,373.875020265439,Inf,-6.30143730471042,8.4576765523009e-06,"(both,('add', 0.5),True,all-sep)","rank,('add', 0.1),True,add"
"rank","(both,('add', 0.5),True,all-sep) - (rank,('add', 0.1),True,all-uni)",-2356.01538461538,373.875020265439,Inf,-6.30161218832617,8.44813713022353e-06,"(both,('add', 0.5),True,all-sep)","(rank,('add', 0.1),True,all-uni)"
"rank","(both,('add', 0.5),True,all-sep) - rank,('add', 0.1),True,del",-2495.99230769231,373.875020265439,Inf,-6.67600714784378,7.04208715464115e-07,"(both,('add', 0.5),True,all-sep)","rank,('add', 0.1),True,del"
"rank","(both,('add', 0.5),True,all-uni) - rank,('add', 0.1),False,add",-2415.18846153846,373.875020265439,Inf,-6.45988186058474,3.00522669084033e-06,"(both,('add', 0.5),True,all-uni)","rank,('add', 0.1),False,add"
"rank","(both,('add', 0.5),True,all-uni) - (rank,('add', 0.1),False,all-sep)",-2147.40769230769,373.875020265439,Inf,-5.74365115589457,0.000265739058813366,"(both,('add', 0.5),True,all-uni)","(rank,('add', 0.1),False,all-sep)"
"rank","(both,('add', 0.5),True,all-uni) - (rank,('add', 0.1),False,all-uni)",-2340.53846153846,373.875020265439,Inf,-6.26021620774974,1.10258565175302e-05,"(both,('add', 0.5),True,all-uni)","(rank,('add', 0.1),False,all-uni)"
"rank","(both,('add', 0.5),True,all-uni) - rank,('add', 0.1),False,del",-2322.10384615385,373.875020265439,Inf,-6.21090931537825,1.51082997112576e-05,"(both,('add', 0.5),True,all-uni)","rank,('add', 0.1),False,del"
"rank","(both,('add', 0.5),True,all-uni) - rank,('add', 0.1),True,add",-2200.45,373.875020265439,Inf,-5.8855229173582,0.000113801493188547,"(both,('add', 0.5),True,all-uni)","rank,('add', 0.1),True,add"
"rank","(both,('add', 0.5),True,all-uni) - (rank,('add', 0.1),True,all-uni)",-2200.51538461538,373.875020265439,Inf,-5.88569780097395,0.000113681211630227,"(both,('add', 0.5),True,all-uni)","(rank,('add', 0.1),True,all-uni)"
"rank","(both,('add', 0.5),True,all-uni) - rank,('add', 0.1),True,del",-2340.49230769231,373.875020265439,Inf,-6.26009276049156,1.10345882706772e-05,"(both,('add', 0.5),True,all-uni)","rank,('add', 0.1),True,del"
"rank","both,('add', 0.5),True,del - rank,('add', 0.1),False,add",-2626.16923076923,373.875020265439,Inf,-7.02419013954111,6.17513192515941e-08,"both,('add', 0.5),True,del","rank,('add', 0.1),False,add"
"rank","both,('add', 0.5),True,del - (rank,('add', 0.1),False,all-sep)",-2358.38846153846,373.875020265439,Inf,-6.30795943485094,8.10893418629988e-06,"both,('add', 0.5),True,del","(rank,('add', 0.1),False,all-sep)"
"rank","both,('add', 0.5),True,del - (rank,('add', 0.1),False,all-uni)",-2551.51923076923,373.875020265439,Inf,-6.82452448670611,2.53006433004198e-07,"both,('add', 0.5),True,del","(rank,('add', 0.1),False,all-uni)"
"rank","both,('add', 0.5),True,del - rank,('add', 0.1),False,del",-2533.08461538461,373.875020265439,Inf,-6.77521759433462,3.56260551010021e-07,"both,('add', 0.5),True,del","rank,('add', 0.1),False,del"
"rank","both,('add', 0.5),True,del - rank,('add', 0.1),True,add",-2411.43076923077,373.875020265439,Inf,-6.44983119631457,3.21143729156609e-06,"both,('add', 0.5),True,del","rank,('add', 0.1),True,add"
"rank","both,('add', 0.5),True,del - (rank,('add', 0.1),True,all-uni)",-2411.49615384615,373.875020265439,Inf,-6.45000607993032,3.20773365662672e-06,"both,('add', 0.5),True,del","(rank,('add', 0.1),True,all-uni)"
"rank","both,('add', 0.5),True,del - rank,('add', 0.1),True,del",-2551.47307692308,373.875020265439,Inf,-6.82440103944793,2.53224073050039e-07,"both,('add', 0.5),True,del","rank,('add', 0.1),True,del"
"rank","both,('add', 0.6),False,add - rank,('add', 0.1),False,add",-2435.75769230769,373.875020265439,Inf,-6.51489818864706,2.08615387707256e-06,"both,('add', 0.6),False,add","rank,('add', 0.1),False,add"
"rank","both,('add', 0.6),False,add - (rank,('add', 0.1),False,all-sep)",-2167.97692307692,373.875020265439,Inf,-5.79866748395689,0.000191708371255963,"both,('add', 0.6),False,add","(rank,('add', 0.1),False,all-sep)"
"rank","both,('add', 0.6),False,add - (rank,('add', 0.1),False,all-uni)",-2361.10769230769,373.875020265439,Inf,-6.31523253581206,7.73658916600882e-06,"both,('add', 0.6),False,add","(rank,('add', 0.1),False,all-uni)"
"rank","both,('add', 0.6),False,add - rank,('add', 0.1),False,del",-2342.67307692308,373.875020265439,Inf,-6.26592564344057,1.06293002663007e-05,"both,('add', 0.6),False,add","rank,('add', 0.1),False,del"
"rank","both,('add', 0.6),False,add - rank,('add', 0.1),True,add",-2221.01923076923,373.875020265439,Inf,-5.94053924542052,8.14758751180018e-05,"both,('add', 0.6),False,add","rank,('add', 0.1),True,add"
"rank","both,('add', 0.6),False,add - (rank,('add', 0.1),True,all-uni)",-2221.08461538462,373.875020265439,Inf,-5.94071412903627,8.13889960398007e-05,"both,('add', 0.6),False,add","(rank,('add', 0.1),True,all-uni)"
"rank","both,('add', 0.6),False,add - rank,('add', 0.1),True,del",-2361.06153846154,373.875020265439,Inf,-6.31510908855388,7.7427674592441e-06,"both,('add', 0.6),False,add","rank,('add', 0.1),True,del"
"rank","(both,('add', 0.6),False,all-sep) - rank,('add', 0.1),False,add",-2535.63846153846,373.875020265439,Inf,-6.7820483426206,3.39811567998238e-07,"(both,('add', 0.6),False,all-sep)","rank,('add', 0.1),False,add"
"rank","(both,('add', 0.6),False,all-sep) - (rank,('add', 0.1),False,all-sep)",-2267.85769230769,373.875020265439,Inf,-6.06581763793042,3.76522590149756e-05,"(both,('add', 0.6),False,all-sep)","(rank,('add', 0.1),False,all-sep)"
"rank","(both,('add', 0.6),False,all-sep) - (rank,('add', 0.1),False,all-uni)",-2460.98846153846,373.875020265439,Inf,-6.58238268978559,1.32779241491872e-06,"(both,('add', 0.6),False,all-sep)","(rank,('add', 0.1),False,all-uni)"
"rank","(both,('add', 0.6),False,all-sep) - rank,('add', 0.1),False,del",-2442.55384615385,373.875020265439,Inf,-6.5330757974141,1.84792448269492e-06,"(both,('add', 0.6),False,all-sep)","rank,('add', 0.1),False,del"
"rank","(both,('add', 0.6),False,all-sep) - rank,('add', 0.1),True,add",-2320.9,373.875020265439,Inf,-6.20768939939405,1.54210317558169e-05,"(both,('add', 0.6),False,all-sep)","rank,('add', 0.1),True,add"
"rank","(both,('add', 0.6),False,all-sep) - (rank,('add', 0.1),True,all-uni)",-2320.96538461538,373.875020265439,Inf,-6.2078642830098,1.54038852688053e-05,"(both,('add', 0.6),False,all-sep)","(rank,('add', 0.1),True,all-uni)"
"rank","(both,('add', 0.6),False,all-sep) - rank,('add', 0.1),True,del",-2460.94230769231,373.875020265439,Inf,-6.58225924252741,1.32889566296993e-06,"(both,('add', 0.6),False,all-sep)","rank,('add', 0.1),True,del"
"rank","(both,('add', 0.6),False,all-uni) - rank,('add', 0.1),False,add",-2435.75769230769,373.875020265439,Inf,-6.51489818864707,2.08615387707255e-06,"(both,('add', 0.6),False,all-uni)","rank,('add', 0.1),False,add"
"rank","(both,('add', 0.6),False,all-uni) - (rank,('add', 0.1),False,all-sep)",-2167.97692307692,373.875020265439,Inf,-5.79866748395689,0.000191708371255963,"(both,('add', 0.6),False,all-uni)","(rank,('add', 0.1),False,all-sep)"
"rank","(both,('add', 0.6),False,all-uni) - (rank,('add', 0.1),False,all-uni)",-2361.10769230769,373.875020265439,Inf,-6.31523253581206,7.73658916600878e-06,"(both,('add', 0.6),False,all-uni)","(rank,('add', 0.1),False,all-uni)"
"rank","(both,('add', 0.6),False,all-uni) - rank,('add', 0.1),False,del",-2342.67307692308,373.875020265439,Inf,-6.26592564344057,1.06293002663006e-05,"(both,('add', 0.6),False,all-uni)","rank,('add', 0.1),False,del"
"rank","(both,('add', 0.6),False,all-uni) - rank,('add', 0.1),True,add",-2221.01923076923,373.875020265439,Inf,-5.94053924542052,8.14758751180013e-05,"(both,('add', 0.6),False,all-uni)","rank,('add', 0.1),True,add"
"rank","(both,('add', 0.6),False,all-uni) - (rank,('add', 0.1),True,all-uni)",-2221.08461538462,373.875020265439,Inf,-5.94071412903627,8.13889960398003e-05,"(both,('add', 0.6),False,all-uni)","(rank,('add', 0.1),True,all-uni)"
"rank","(both,('add', 0.6),False,all-uni) - rank,('add', 0.1),True,del",-2361.06153846154,373.875020265439,Inf,-6.31510908855388,7.74276745924406e-06,"(both,('add', 0.6),False,all-uni)","rank,('add', 0.1),True,del"
"rank","both,('add', 0.6),False,del - rank,('add', 0.1),False,add",-2435.75769230769,373.875020265439,Inf,-6.51489818864706,2.08615387707256e-06,"both,('add', 0.6),False,del","rank,('add', 0.1),False,add"
"rank","both,('add', 0.6),False,del - (rank,('add', 0.1),False,all-sep)",-2167.97692307692,373.875020265439,Inf,-5.79866748395689,0.000191708371255964,"both,('add', 0.6),False,del","(rank,('add', 0.1),False,all-sep)"
"rank","both,('add', 0.6),False,del - (rank,('add', 0.1),False,all-uni)",-2361.10769230769,373.875020265439,Inf,-6.31523253581206,7.73658916600882e-06,"both,('add', 0.6),False,del","(rank,('add', 0.1),False,all-uni)"
"rank","both,('add', 0.6),False,del - rank,('add', 0.1),False,del",-2342.67307692308,373.875020265439,Inf,-6.26592564344057,1.06293002663007e-05,"both,('add', 0.6),False,del","rank,('add', 0.1),False,del"
"rank","both,('add', 0.6),False,del - rank,('add', 0.1),True,add",-2221.01923076923,373.875020265439,Inf,-5.94053924542052,8.14758751180018e-05,"both,('add', 0.6),False,del","rank,('add', 0.1),True,add"
"rank","both,('add', 0.6),False,del - (rank,('add', 0.1),True,all-uni)",-2221.08461538462,373.875020265439,Inf,-5.94071412903627,8.13889960398012e-05,"both,('add', 0.6),False,del","(rank,('add', 0.1),True,all-uni)"
"rank","both,('add', 0.6),False,del - rank,('add', 0.1),True,del",-2361.06153846154,373.875020265439,Inf,-6.31510908855388,7.7427674592441e-06,"both,('add', 0.6),False,del","rank,('add', 0.1),True,del"
"rank","both,('add', 0.6),True,add - rank,('add', 0.1),False,add",-2401.86538461538,373.875020265439,Inf,-6.42424675205672,3.80079079537082e-06,"both,('add', 0.6),True,add","rank,('add', 0.1),False,add"
"rank","both,('add', 0.6),True,add - (rank,('add', 0.1),False,all-sep)",-2134.08461538462,373.875020265439,Inf,-5.70801604736654,0.000327814252911635,"both,('add', 0.6),True,add","(rank,('add', 0.1),False,all-sep)"
"rank","both,('add', 0.6),True,add - (rank,('add', 0.1),False,all-uni)",-2327.21538461539,373.875020265439,Inf,-6.22458109922171,1.38479756077457e-05,"both,('add', 0.6),True,add","(rank,('add', 0.1),False,all-uni)"
"rank","both,('add', 0.6),True,add - rank,('add', 0.1),False,del",-2308.78076923077,373.875020265439,Inf,-6.17527420685022,1.89427777932725e-05,"both,('add', 0.6),True,add","rank,('add', 0.1),False,del"
"rank","both,('add', 0.6),True,add - rank,('add', 0.1),True,add",-2187.12692307692,373.875020265439,Inf,-5.84988780883017,0.000141078265884162,"both,('add', 0.6),True,add","rank,('add', 0.1),True,add"
"rank","both,('add', 0.6),True,add - (rank,('add', 0.1),True,all-uni)",-2187.19230769231,373.875020265439,Inf,-5.85006269244592,0.000140930010738488,"both,('add', 0.6),True,add","(rank,('add', 0.1),True,all-uni)"
"rank","both,('add', 0.6),True,add - rank,('add', 0.1),True,del",-2327.16923076923,373.875020265439,Inf,-6.22445765196353,1.38588826921345e-05,"both,('add', 0.6),True,add","rank,('add', 0.1),True,del"
"rank","(both,('add', 0.6),True,all-sep) - rank,('add', 0.1),False,add",-2479.70769230769,373.875020265439,Inf,-6.63245084024919,9.4689405620432e-07,"(both,('add', 0.6),True,all-sep)","rank,('add', 0.1),False,add"
"rank","(both,('add', 0.6),True,all-sep) - (rank,('add', 0.1),False,all-sep)",-2211.92692307692,373.875020265439,Inf,-5.91622013555901,9.44788746760462e-05,"(both,('add', 0.6),True,all-sep)","(rank,('add', 0.1),False,all-sep)"
"rank","(both,('add', 0.6),True,all-sep) - (rank,('add', 0.1),False,all-uni)",-2405.05769230769,373.875020265439,Inf,-6.43278518741418,3.59322134474549e-06,"(both,('add', 0.6),True,all-sep)","(rank,('add', 0.1),False,all-uni)"
"rank","(both,('add', 0.6),True,all-sep) - rank,('add', 0.1),False,del",-2386.62307692308,373.875020265439,Inf,-6.38347829504269,4.96479886369886e-06,"(both,('add', 0.6),True,all-sep)","rank,('add', 0.1),False,del"
"rank","(both,('add', 0.6),True,all-sep) - rank,('add', 0.1),True,add",-2264.96923076923,373.875020265439,Inf,-6.05809189702264,3.95054667500537e-05,"(both,('add', 0.6),True,all-sep)","rank,('add', 0.1),True,add"
"rank","(both,('add', 0.6),True,all-sep) - (rank,('add', 0.1),True,all-uni)",-2265.03461538462,373.875020265439,Inf,-6.0582667806384,3.94625495999362e-05,"(both,('add', 0.6),True,all-sep)","(rank,('add', 0.1),True,all-uni)"
"rank","(both,('add', 0.6),True,all-sep) - rank,('add', 0.1),True,del",-2405.01153846154,373.875020265439,Inf,-6.432661740156,3.59614188223624e-06,"(both,('add', 0.6),True,all-sep)","rank,('add', 0.1),True,del"
"rank","(both,('add', 0.6),True,all-uni) - rank,('add', 0.1),False,add",-2401.86538461538,373.875020265439,Inf,-6.42424675205672,3.8007907953708e-06,"(both,('add', 0.6),True,all-uni)","rank,('add', 0.1),False,add"
"rank","(both,('add', 0.6),True,all-uni) - (rank,('add', 0.1),False,all-sep)",-2134.08461538462,373.875020265439,Inf,-5.70801604736654,0.000327814252911639,"(both,('add', 0.6),True,all-uni)","(rank,('add', 0.1),False,all-sep)"
"rank","(both,('add', 0.6),True,all-uni) - (rank,('add', 0.1),False,all-uni)",-2327.21538461539,373.875020265439,Inf,-6.22458109922171,1.38479756077457e-05,"(both,('add', 0.6),True,all-uni)","(rank,('add', 0.1),False,all-uni)"
"rank","(both,('add', 0.6),True,all-uni) - rank,('add', 0.1),False,del",-2308.78076923077,373.875020265439,Inf,-6.17527420685022,1.89427777932725e-05,"(both,('add', 0.6),True,all-uni)","rank,('add', 0.1),False,del"
"rank","(both,('add', 0.6),True,all-uni) - rank,('add', 0.1),True,add",-2187.12692307692,373.875020265439,Inf,-5.84988780883017,0.000141078265884162,"(both,('add', 0.6),True,all-uni)","rank,('add', 0.1),True,add"
"rank","(both,('add', 0.6),True,all-uni) - (rank,('add', 0.1),True,all-uni)",-2187.19230769231,373.875020265439,Inf,-5.85006269244592,0.000140930010738488,"(both,('add', 0.6),True,all-uni)","(rank,('add', 0.1),True,all-uni)"
"rank","(both,('add', 0.6),True,all-uni) - rank,('add', 0.1),True,del",-2327.16923076923,373.875020265439,Inf,-6.22445765196353,1.38588826921345e-05,"(both,('add', 0.6),True,all-uni)","rank,('add', 0.1),True,del"
"rank","both,('add', 0.6),True,del - rank,('add', 0.1),False,add",-2514.59615384615,373.875020265439,Inf,-6.72576668016193,5.00954314199724e-07,"both,('add', 0.6),True,del","rank,('add', 0.1),False,add"
"rank","both,('add', 0.6),True,del - (rank,('add', 0.1),False,all-sep)",-2246.81538461538,373.875020265439,Inf,-6.00953597547175,5.33605957588318e-05,"both,('add', 0.6),True,del","(rank,('add', 0.1),False,all-sep)"
"rank","both,('add', 0.6),True,del - (rank,('add', 0.1),False,all-uni)",-2439.94615384615,373.875020265439,Inf,-6.52610102732692,1.93600891741052e-06,"both,('add', 0.6),True,del","(rank,('add', 0.1),False,all-uni)"
"rank","both,('add', 0.6),True,del - rank,('add', 0.1),False,del",-2421.51153846154,373.875020265439,Inf,-6.47679413495543,2.68708317666634e-06,"both,('add', 0.6),True,del","rank,('add', 0.1),False,del"
"rank","both,('add', 0.6),True,del - rank,('add', 0.1),True,add",-2299.85769230769,373.875020265439,Inf,-6.15140773693538,2.20257232204409e-05,"both,('add', 0.6),True,del","rank,('add', 0.1),True,add"
"rank","both,('add', 0.6),True,del - (rank,('add', 0.1),True,all-uni)",-2299.92307692308,373.875020265439,Inf,-6.15158262055113,2.20014446642177e-05,"both,('add', 0.6),True,del","(rank,('add', 0.1),True,all-uni)"
"rank","both,('add', 0.6),True,del - rank,('add', 0.1),True,del",-2439.9,373.875020265439,Inf,-6.52597758006874,1.9376043401736e-06,"both,('add', 0.6),True,del","rank,('add', 0.1),True,del"
"rank","both,('add', 0.7),False,add - rank,('add', 0.1),False,add",-2391.58461538462,373.875020265439,Inf,-6.39674887529707,4.55209077695815e-06,"both,('add', 0.7),False,add","rank,('add', 0.1),False,add"
"rank","both,('add', 0.7),False,add - (rank,('add', 0.1),False,all-sep)",-2123.80384615385,373.875020265439,Inf,-5.6805181706069,0.000385135930957644,"both,('add', 0.7),False,add","(rank,('add', 0.1),False,all-sep)"
"rank","both,('add', 0.7),False,add - (rank,('add', 0.1),False,all-uni)",-2316.93461538462,373.875020265439,Inf,-6.19708322246207,1.64964755674157e-05,"both,('add', 0.7),False,add","(rank,('add', 0.1),False,all-uni)"
"rank","both,('add', 0.7),False,add - rank,('add', 0.1),False,del",-2298.5,373.875020265439,Inf,-6.14777633009058,2.25358063819512e-05,"both,('add', 0.7),False,add","rank,('add', 0.1),False,del"
"rank","both,('add', 0.7),False,add - rank,('add', 0.1),True,add",-2176.84615384615,373.875020265439,Inf,-5.82238993207052,0.00016637843017373,"both,('add', 0.7),False,add","rank,('add', 0.1),True,add"
"rank","both,('add', 0.7),False,add - (rank,('add', 0.1),True,all-uni)",-2176.91153846154,373.875020265439,Inf,-5.82256481568628,0.000166204366951709,"both,('add', 0.7),False,add","(rank,('add', 0.1),True,all-uni)"
"rank","both,('add', 0.7),False,add - rank,('add', 0.1),True,del",-2316.88846153846,373.875020265439,Inf,-6.19695977520389,1.65094139142139e-05,"both,('add', 0.7),False,add","rank,('add', 0.1),True,del"
"rank","(both,('add', 0.7),False,all-sep) - rank,('add', 0.1),False,add",-2427.50384615385,373.875020265439,Inf,-6.49282170397583,2.41609985130736e-06,"(both,('add', 0.7),False,all-sep)","rank,('add', 0.1),False,add"
"rank","(both,('add', 0.7),False,all-sep) - (rank,('add', 0.1),False,all-sep)",-2159.72307692308,373.875020265439,Inf,-5.77659099928566,0.000218625582689284,"(both,('add', 0.7),False,all-sep)","(rank,('add', 0.1),False,all-sep)"
"rank","(both,('add', 0.7),False,all-sep) - (rank,('add', 0.1),False,all-uni)",-2352.85384615385,373.875020265439,Inf,-6.29315605114083,8.92164037670768e-06,"(both,('add', 0.7),False,all-sep)","(rank,('add', 0.1),False,all-uni)"
"rank","(both,('add', 0.7),False,all-sep) - rank,('add', 0.1),False,del",-2334.41923076923,373.875020265439,Inf,-6.24384915876934,1.22444021865319e-05,"(both,('add', 0.7),False,all-sep)","rank,('add', 0.1),False,del"
"rank","(both,('add', 0.7),False,all-sep) - rank,('add', 0.1),True,add",-2212.76538461538,373.875020265439,Inf,-5.91846276074929,9.31998362298945e-05,"(both,('add', 0.7),False,all-sep)","rank,('add', 0.1),True,add"
"rank","(both,('add', 0.7),False,all-sep) - (rank,('add', 0.1),True,all-uni)",-2212.83076923077,373.875020265439,Inf,-5.91863764436504,9.31008063408439e-05,"(both,('add', 0.7),False,all-sep)","(rank,('add', 0.1),True,all-uni)"
"rank","(both,('add', 0.7),False,all-sep) - rank,('add', 0.1),True,del",-2352.80769230769,373.875020265439,Inf,-6.29303260388265,8.92874123131239e-06,"(both,('add', 0.7),False,all-sep)","rank,('add', 0.1),True,del"
"rank","(both,('add', 0.7),False,all-uni) - rank,('add', 0.1),False,add",-2391.58461538462,373.875020265439,Inf,-6.39674887529707,4.55209077695815e-06,"(both,('add', 0.7),False,all-uni)","rank,('add', 0.1),False,add"
"rank","(both,('add', 0.7),False,all-uni) - (rank,('add', 0.1),False,all-sep)",-2123.80384615385,373.875020265439,Inf,-5.68051817060689,0.000385135930957646,"(both,('add', 0.7),False,all-uni)","(rank,('add', 0.1),False,all-sep)"
"rank","(both,('add', 0.7),False,all-uni) - (rank,('add', 0.1),False,all-uni)",-2316.93461538462,373.875020265439,Inf,-6.19708322246206,1.64964755674158e-05,"(both,('add', 0.7),False,all-uni)","(rank,('add', 0.1),False,all-uni)"
"rank","(both,('add', 0.7),False,all-uni) - rank,('add', 0.1),False,del",-2298.5,373.875020265439,Inf,-6.14777633009057,2.25358063819516e-05,"(both,('add', 0.7),False,all-uni)","rank,('add', 0.1),False,del"
"rank","(both,('add', 0.7),False,all-uni) - rank,('add', 0.1),True,add",-2176.84615384615,373.875020265439,Inf,-5.82238993207052,0.000166378430173731,"(both,('add', 0.7),False,all-uni)","rank,('add', 0.1),True,add"
"rank","(both,('add', 0.7),False,all-uni) - (rank,('add', 0.1),True,all-uni)",-2176.91153846154,373.875020265439,Inf,-5.82256481568628,0.000166204366951711,"(both,('add', 0.7),False,all-uni)","(rank,('add', 0.1),True,all-uni)"
"rank","(both,('add', 0.7),False,all-uni) - rank,('add', 0.1),True,del",-2316.88846153846,373.875020265439,Inf,-6.19695977520388,1.6509413914214e-05,"(both,('add', 0.7),False,all-uni)","rank,('add', 0.1),True,del"
"rank","both,('add', 0.7),False,del - rank,('add', 0.1),False,add",-2391.58461538462,373.875020265439,Inf,-6.39674887529707,4.5520907769582e-06,"both,('add', 0.7),False,del","rank,('add', 0.1),False,add"
"rank","both,('add', 0.7),False,del - (rank,('add', 0.1),False,all-sep)",-2123.80384615385,373.875020265439,Inf,-5.68051817060689,0.000385135930957648,"both,('add', 0.7),False,del","(rank,('add', 0.1),False,all-sep)"
"rank","both,('add', 0.7),False,del - (rank,('add', 0.1),False,all-uni)",-2316.93461538462,373.875020265439,Inf,-6.19708322246206,1.64964755674159e-05,"both,('add', 0.7),False,del","(rank,('add', 0.1),False,all-uni)"
"rank","both,('add', 0.7),False,del - rank,('add', 0.1),False,del",-2298.5,373.875020265439,Inf,-6.14777633009057,2.25358063819516e-05,"both,('add', 0.7),False,del","rank,('add', 0.1),False,del"
"rank","both,('add', 0.7),False,del - rank,('add', 0.1),True,add",-2176.84615384615,373.875020265439,Inf,-5.82238993207052,0.000166378430173732,"both,('add', 0.7),False,del","rank,('add', 0.1),True,add"
"rank","both,('add', 0.7),False,del - (rank,('add', 0.1),True,all-uni)",-2176.91153846154,373.875020265439,Inf,-5.82256481568628,0.000166204366951711,"both,('add', 0.7),False,del","(rank,('add', 0.1),True,all-uni)"
"rank","both,('add', 0.7),False,del - rank,('add', 0.1),True,del",-2316.88846153846,373.875020265439,Inf,-6.19695977520388,1.65094139142141e-05,"both,('add', 0.7),False,del","rank,('add', 0.1),True,del"
"rank","both,('add', 0.7),True,add - rank,('add', 0.1),False,add",-2496.08846153846,373.875020265439,Inf,-6.67626432963166,7.02974656976935e-07,"both,('add', 0.7),True,add","rank,('add', 0.1),False,add"
"rank","both,('add', 0.7),True,add - (rank,('add', 0.1),False,all-sep)",-2228.30769230769,373.875020265439,Inf,-5.96003362494148,7.2326955300346e-05,"both,('add', 0.7),True,add","(rank,('add', 0.1),False,all-sep)"
"rank","both,('add', 0.7),True,add - (rank,('add', 0.1),False,all-uni)",-2421.43846153846,373.875020265439,Inf,-6.47659867679665,2.69056469135423e-06,"both,('add', 0.7),True,add","(rank,('add', 0.1),False,all-uni)"
"rank","both,('add', 0.7),True,add - rank,('add', 0.1),False,del",-2403.00384615385,373.875020265439,Inf,-6.42729178442516,3.72545568851063e-06,"both,('add', 0.7),True,add","rank,('add', 0.1),False,del"
"rank","both,('add', 0.7),True,add - rank,('add', 0.1),True,add",-2281.35,373.875020265439,Inf,-6.10190538640511,3.00599138575197e-05,"both,('add', 0.7),True,add","rank,('add', 0.1),True,add"
"rank","both,('add', 0.7),True,add - (rank,('add', 0.1),True,all-uni)",-2281.41538461538,373.875020265439,Inf,-6.10208027002086,3.00270332933233e-05,"both,('add', 0.7),True,add","(rank,('add', 0.1),True,all-uni)"
"rank","both,('add', 0.7),True,add - rank,('add', 0.1),True,del",-2421.39230769231,373.875020265439,Inf,-6.47647522953847,2.69276581460757e-06,"both,('add', 0.7),True,add","rank,('add', 0.1),True,del"
"rank","(both,('add', 0.7),True,all-sep) - rank,('add', 0.1),False,add",-2561.37307692308,373.875020265439,Inf,-6.85088047632759,2.10502087226358e-07,"(both,('add', 0.7),True,all-sep)","rank,('add', 0.1),False,add"
"rank","(both,('add', 0.7),True,all-sep) - (rank,('add', 0.1),False,all-sep)",-2293.59230769231,373.875020265439,Inf,-6.13464977163741,2.4477521117571e-05,"(both,('add', 0.7),True,all-sep)","(rank,('add', 0.1),False,all-sep)"
"rank","(both,('add', 0.7),True,all-sep) - (rank,('add', 0.1),False,all-uni)",-2486.72307692308,373.875020265439,Inf,-6.65121482349258,8.33680663688409e-07,"(both,('add', 0.7),True,all-sep)","(rank,('add', 0.1),False,all-uni)"
"rank","(both,('add', 0.7),True,all-sep) - rank,('add', 0.1),False,del",-2468.28846153846,373.875020265439,Inf,-6.60190793112109,1.16411999907892e-06,"(both,('add', 0.7),True,all-sep)","rank,('add', 0.1),False,del"
"rank","(both,('add', 0.7),True,all-sep) - rank,('add', 0.1),True,add",-2346.63461538461,373.875020265439,Inf,-6.27652153310104,9.92991811484326e-06,"(both,('add', 0.7),True,all-sep)","rank,('add', 0.1),True,add"
"rank","(both,('add', 0.7),True,all-sep) - (rank,('add', 0.1),True,all-uni)",-2346.7,373.875020265439,Inf,-6.2766964167168,9.91876041467183e-06,"(both,('add', 0.7),True,all-sep)","(rank,('add', 0.1),True,all-uni)"
"rank","(both,('add', 0.7),True,all-sep) - rank,('add', 0.1),True,del",-2486.67692307692,373.875020265439,Inf,-6.6510913762344,8.34380306373016e-07,"(both,('add', 0.7),True,all-sep)","rank,('add', 0.1),True,del"
"rank","(both,('add', 0.7),True,all-uni) - rank,('add', 0.1),False,add",-2496.08846153846,373.875020265439,Inf,-6.67626432963166,7.02974656976935e-07,"(both,('add', 0.7),True,all-uni)","rank,('add', 0.1),False,add"
"rank","(both,('add', 0.7),True,all-uni) - (rank,('add', 0.1),False,all-sep)",-2228.30769230769,373.875020265439,Inf,-5.96003362494148,7.2326955300346e-05,"(both,('add', 0.7),True,all-uni)","(rank,('add', 0.1),False,all-sep)"
"rank","(both,('add', 0.7),True,all-uni) - (rank,('add', 0.1),False,all-uni)",-2421.43846153846,373.875020265439,Inf,-6.47659867679665,2.69056469135423e-06,"(both,('add', 0.7),True,all-uni)","(rank,('add', 0.1),False,all-uni)"
"rank","(both,('add', 0.7),True,all-uni) - rank,('add', 0.1),False,del",-2403.00384615385,373.875020265439,Inf,-6.42729178442516,3.72545568851063e-06,"(both,('add', 0.7),True,all-uni)","rank,('add', 0.1),False,del"
"rank","(both,('add', 0.7),True,all-uni) - rank,('add', 0.1),True,add",-2281.35,373.875020265439,Inf,-6.10190538640511,3.00599138575197e-05,"(both,('add', 0.7),True,all-uni)","rank,('add', 0.1),True,add"
"rank","(both,('add', 0.7),True,all-uni) - (rank,('add', 0.1),True,all-uni)",-2281.41538461538,373.875020265439,Inf,-6.10208027002086,3.00270332933233e-05,"(both,('add', 0.7),True,all-uni)","(rank,('add', 0.1),True,all-uni)"
"rank","(both,('add', 0.7),True,all-uni) - rank,('add', 0.1),True,del",-2421.39230769231,373.875020265439,Inf,-6.47647522953847,2.69276581460757e-06,"(both,('add', 0.7),True,all-uni)","rank,('add', 0.1),True,del"
"rank","both,('add', 0.7),True,del - rank,('add', 0.1),False,add",-2408.97307692308,373.875020265439,Inf,-6.44325762981647,3.35372293625116e-06,"both,('add', 0.7),True,del","rank,('add', 0.1),False,add"
"rank","both,('add', 0.7),True,del - (rank,('add', 0.1),False,all-sep)",-2141.19230769231,373.875020265439,Inf,-5.72702692512629,0.000293126671445398,"both,('add', 0.7),True,del","(rank,('add', 0.1),False,all-sep)"
"rank","both,('add', 0.7),True,del - (rank,('add', 0.1),False,all-uni)",-2334.32307692308,373.875020265439,Inf,-6.24359197698146,1.22645617591108e-05,"both,('add', 0.7),True,del","(rank,('add', 0.1),False,all-uni)"
"rank","both,('add', 0.7),True,del - rank,('add', 0.1),False,del",-2315.88846153846,373.875020265439,Inf,-6.19428508460998,1.6792188681335e-05,"both,('add', 0.7),True,del","rank,('add', 0.1),False,del"
"rank","both,('add', 0.7),True,del - rank,('add', 0.1),True,add",-2194.23461538461,373.875020265439,Inf,-5.86889868658992,0.000125818986148094,"both,('add', 0.7),True,del","rank,('add', 0.1),True,add"
"rank","both,('add', 0.7),True,del - (rank,('add', 0.1),True,all-uni)",-2194.3,373.875020265439,Inf,-5.86907357020568,0.00012568635912171,"both,('add', 0.7),True,del","(rank,('add', 0.1),True,all-uni)"
"rank","both,('add', 0.7),True,del - rank,('add', 0.1),True,del",-2334.27692307692,373.875020265439,Inf,-6.24346852972329,1.22742498582411e-05,"both,('add', 0.7),True,del","rank,('add', 0.1),True,del"
"rank","both,('add', 0.8),False,add - rank,('add', 0.1),False,add",-2419.34615384615,373.875020265439,Inf,-6.47100240109248,2.79213817352338e-06,"both,('add', 0.8),False,add","rank,('add', 0.1),False,add"
"rank","both,('add', 0.8),False,add - (rank,('add', 0.1),False,all-sep)",-2151.56538461538,373.875020265439,Inf,-5.7547716964023,0.000248824710715322,"both,('add', 0.8),False,add","(rank,('add', 0.1),False,all-sep)"
"rank","both,('add', 0.8),False,add - (rank,('add', 0.1),False,all-uni)",-2344.69615384615,373.875020265439,Inf,-6.27133674825747,1.02663354244459e-05,"both,('add', 0.8),False,add","(rank,('add', 0.1),False,all-uni)"
"rank","both,('add', 0.8),False,add - rank,('add', 0.1),False,del",-2326.26153846154,373.875020265439,Inf,-6.22202985588598,1.4075100493073e-05,"both,('add', 0.8),False,add","rank,('add', 0.1),False,del"
"rank","both,('add', 0.8),False,add - rank,('add', 0.1),True,add",-2204.60769230769,373.875020265439,Inf,-5.89664345786593,0.000106394265634741,"both,('add', 0.8),False,add","rank,('add', 0.1),True,add"
"rank","both,('add', 0.8),False,add - (rank,('add', 0.1),True,all-uni)",-2204.67307692308,373.875020265439,Inf,-5.89681834148168,0.000106281611506553,"both,('add', 0.8),False,add","(rank,('add', 0.1),True,all-uni)"
"rank","both,('add', 0.8),False,add - rank,('add', 0.1),True,del",-2344.65,373.875020265439,Inf,-6.27121330099929,1.0274479477984e-05,"both,('add', 0.8),False,add","rank,('add', 0.1),True,del"
"rank","(both,('add', 0.8),False,all-sep) - rank,('add', 0.1),False,add",-2423.16923076923,373.875020265439,Inf,-6.48122794897841,2.60928047230651e-06,"(both,('add', 0.8),False,all-sep)","rank,('add', 0.1),False,add"
"rank","(both,('add', 0.8),False,all-sep) - (rank,('add', 0.1),False,all-sep)",-2155.38846153846,373.875020265439,Inf,-5.76499724428823,0.000234198515297978,"(both,('add', 0.8),False,all-sep)","(rank,('add', 0.1),False,all-sep)"
"rank","(both,('add', 0.8),False,all-sep) - (rank,('add', 0.1),False,all-uni)",-2348.51923076923,373.875020265439,Inf,-6.2815622961434,9.61317566976071e-06,"(both,('add', 0.8),False,all-sep)","(rank,('add', 0.1),False,all-uni)"
"rank","(both,('add', 0.8),False,all-sep) - rank,('add', 0.1),False,del",-2330.08461538462,373.875020265439,Inf,-6.23225540377191,1.31861196405136e-05,"(both,('add', 0.8),False,all-sep)","rank,('add', 0.1),False,del"
"rank","(both,('add', 0.8),False,all-sep) - rank,('add', 0.1),True,add",-2208.43076923077,373.875020265439,Inf,-5.90686900575186,9.99987786606547e-05,"(both,('add', 0.8),False,all-sep)","rank,('add', 0.1),True,add"
"rank","(both,('add', 0.8),False,all-sep) - (rank,('add', 0.1),True,all-uni)",-2208.49615384615,373.875020265439,Inf,-5.90704388936761,9.98927220804297e-05,"(both,('add', 0.8),False,all-sep)","(rank,('add', 0.1),True,all-uni)"
"rank","(both,('add', 0.8),False,all-sep) - rank,('add', 0.1),True,del",-2348.47307692308,373.875020265439,Inf,-6.28143884888522,9.62081346155936e-06,"(both,('add', 0.8),False,all-sep)","rank,('add', 0.1),True,del"
"rank","(both,('add', 0.8),False,all-uni) - rank,('add', 0.1),False,add",-2419.34615384615,373.875020265439,Inf,-6.47100240109248,2.79213817352337e-06,"(both,('add', 0.8),False,all-uni)","rank,('add', 0.1),False,add"
"rank","(both,('add', 0.8),False,all-uni) - (rank,('add', 0.1),False,all-sep)",-2151.56538461538,373.875020265439,Inf,-5.7547716964023,0.000248824710715319,"(both,('add', 0.8),False,all-uni)","(rank,('add', 0.1),False,all-sep)"
"rank","(both,('add', 0.8),False,all-uni) - (rank,('add', 0.1),False,all-uni)",-2344.69615384615,373.875020265439,Inf,-6.27133674825747,1.02663354244458e-05,"(both,('add', 0.8),False,all-uni)","(rank,('add', 0.1),False,all-uni)"
"rank","(both,('add', 0.8),False,all-uni) - rank,('add', 0.1),False,del",-2326.26153846154,373.875020265439,Inf,-6.22202985588598,1.4075100493073e-05,"(both,('add', 0.8),False,all-uni)","rank,('add', 0.1),False,del"
"rank","(both,('add', 0.8),False,all-uni) - rank,('add', 0.1),True,add",-2204.60769230769,373.875020265439,Inf,-5.89664345786593,0.000106394265634741,"(both,('add', 0.8),False,all-uni)","rank,('add', 0.1),True,add"
"rank","(both,('add', 0.8),False,all-uni) - (rank,('add', 0.1),True,all-uni)",-2204.67307692308,373.875020265439,Inf,-5.89681834148169,0.000106281611506552,"(both,('add', 0.8),False,all-uni)","(rank,('add', 0.1),True,all-uni)"
"rank","(both,('add', 0.8),False,all-uni) - rank,('add', 0.1),True,del",-2344.65,373.875020265439,Inf,-6.27121330099929,1.02744794779839e-05,"(both,('add', 0.8),False,all-uni)","rank,('add', 0.1),True,del"
"rank","both,('add', 0.8),False,del - rank,('add', 0.1),False,add",-2419.34615384615,373.875020265439,Inf,-6.47100240109248,2.79213817352338e-06,"both,('add', 0.8),False,del","rank,('add', 0.1),False,add"
"rank","both,('add', 0.8),False,del - (rank,('add', 0.1),False,all-sep)",-2151.56538461538,373.875020265439,Inf,-5.7547716964023,0.000248824710715319,"both,('add', 0.8),False,del","(rank,('add', 0.1),False,all-sep)"
"rank","both,('add', 0.8),False,del - (rank,('add', 0.1),False,all-uni)",-2344.69615384615,373.875020265439,Inf,-6.27133674825747,1.02663354244458e-05,"both,('add', 0.8),False,del","(rank,('add', 0.1),False,all-uni)"
"rank","both,('add', 0.8),False,del - rank,('add', 0.1),False,del",-2326.26153846154,373.875020265439,Inf,-6.22202985588598,1.40751004930729e-05,"both,('add', 0.8),False,del","rank,('add', 0.1),False,del"
"rank","both,('add', 0.8),False,del - rank,('add', 0.1),True,add",-2204.60769230769,373.875020265439,Inf,-5.89664345786593,0.00010639426563474,"both,('add', 0.8),False,del","rank,('add', 0.1),True,add"
"rank","both,('add', 0.8),False,del - (rank,('add', 0.1),True,all-uni)",-2204.67307692308,373.875020265439,Inf,-5.89681834148169,0.000106281611506551,"both,('add', 0.8),False,del","(rank,('add', 0.1),True,all-uni)"
"rank","both,('add', 0.8),False,del - rank,('add', 0.1),True,del",-2344.65,373.875020265439,Inf,-6.27121330099929,1.02744794779838e-05,"both,('add', 0.8),False,del","rank,('add', 0.1),True,del"
"rank","both,('add', 0.8),True,add - rank,('add', 0.1),False,add",-2425.78461538461,373.875020265439,Inf,-6.48822329360862,2.49098684695884e-06,"both,('add', 0.8),True,add","rank,('add', 0.1),False,add"
"rank","both,('add', 0.8),True,add - (rank,('add', 0.1),False,all-sep)",-2158.00384615385,373.875020265439,Inf,-5.77199258891844,0.00022467786550702,"both,('add', 0.8),True,add","(rank,('add', 0.1),False,all-sep)"
"rank","both,('add', 0.8),True,add - (rank,('add', 0.1),False,all-uni)",-2351.13461538462,373.875020265439,Inf,-6.28855764077361,9.18990643146818e-06,"both,('add', 0.8),True,add","(rank,('add', 0.1),False,all-uni)"
"rank","both,('add', 0.8),True,add - rank,('add', 0.1),False,del",-2332.7,373.875020265439,Inf,-6.23925074840212,1.260978503431e-05,"both,('add', 0.8),True,add","rank,('add', 0.1),False,del"
"rank","both,('add', 0.8),True,add - rank,('add', 0.1),True,add",-2211.04615384615,373.875020265439,Inf,-5.91386435038207,9.58408536808204e-05,"both,('add', 0.8),True,add","rank,('add', 0.1),True,add"
"rank","both,('add', 0.8),True,add - (rank,('add', 0.1),True,all-uni)",-2211.11153846154,373.875020265439,Inf,-5.91403923399783,9.57390926668343e-05,"both,('add', 0.8),True,add","(rank,('add', 0.1),True,all-uni)"
"rank","both,('add', 0.8),True,add - rank,('add', 0.1),True,del",-2351.08846153846,373.875020265439,Inf,-6.28843419351543,9.19721569705024e-06,"both,('add', 0.8),True,add","rank,('add', 0.1),True,del"
"rank","(both,('add', 0.8),True,all-sep) - rank,('add', 0.1),False,add",-2424.65,373.875020265439,Inf,-6.48518854851169,2.54164705964414e-06,"(both,('add', 0.8),True,all-sep)","rank,('add', 0.1),False,add"
"rank","(both,('add', 0.8),True,all-sep) - (rank,('add', 0.1),False,all-sep)",-2156.86923076923,373.875020265439,Inf,-5.76895784382151,0.000228761008106367,"(both,('add', 0.8),True,all-sep)","(rank,('add', 0.1),False,all-sep)"
"rank","(both,('add', 0.8),True,all-sep) - (rank,('add', 0.1),False,all-uni)",-2350,373.875020265439,Inf,-6.28552289567668,9.37124739764047e-06,"(both,('add', 0.8),True,all-sep)","(rank,('add', 0.1),False,all-uni)"
"rank","(both,('add', 0.8),True,all-sep) - rank,('add', 0.1),False,del",-2331.56538461538,373.875020265439,Inf,-6.2362160033052,1.28567280603483e-05,"(both,('add', 0.8),True,all-sep)","rank,('add', 0.1),False,del"
"rank","(both,('add', 0.8),True,all-sep) - rank,('add', 0.1),True,add",-2209.91153846154,373.875020265439,Inf,-5.91082960528514,9.76235665557735e-05,"(both,('add', 0.8),True,all-sep)","rank,('add', 0.1),True,add"
"rank","(both,('add', 0.8),True,all-sep) - (rank,('add', 0.1),True,all-uni)",-2209.97692307692,373.875020265439,Inf,-5.9110044889009,9.75199631922907e-05,"(both,('add', 0.8),True,all-sep)","(rank,('add', 0.1),True,all-uni)"
"rank","(both,('add', 0.8),True,all-sep) - rank,('add', 0.1),True,del",-2349.95384615385,373.875020265439,Inf,-6.2853994484185,9.37869745832866e-06,"(both,('add', 0.8),True,all-sep)","rank,('add', 0.1),True,del"
"rank","(both,('add', 0.8),True,all-uni) - rank,('add', 0.1),False,add",-2425.78461538462,373.875020265439,Inf,-6.48822329360862,2.49098684695882e-06,"(both,('add', 0.8),True,all-uni)","rank,('add', 0.1),False,add"
"rank","(both,('add', 0.8),True,all-uni) - (rank,('add', 0.1),False,all-sep)",-2158.00384615385,373.875020265439,Inf,-5.77199258891844,0.000224677865507016,"(both,('add', 0.8),True,all-uni)","(rank,('add', 0.1),False,all-sep)"
"rank","(both,('add', 0.8),True,all-uni) - (rank,('add', 0.1),False,all-uni)",-2351.13461538462,373.875020265439,Inf,-6.28855764077362,9.18990643146807e-06,"(both,('add', 0.8),True,all-uni)","(rank,('add', 0.1),False,all-uni)"
"rank","(both,('add', 0.8),True,all-uni) - rank,('add', 0.1),False,del",-2332.7,373.875020265439,Inf,-6.23925074840213,1.26097850343098e-05,"(both,('add', 0.8),True,all-uni)","rank,('add', 0.1),False,del"
"rank","(both,('add', 0.8),True,all-uni) - rank,('add', 0.1),True,add",-2211.04615384615,373.875020265439,Inf,-5.91386435038207,9.58408536808188e-05,"(both,('add', 0.8),True,all-uni)","rank,('add', 0.1),True,add"
"rank","(both,('add', 0.8),True,all-uni) - (rank,('add', 0.1),True,all-uni)",-2211.11153846154,373.875020265439,Inf,-5.91403923399783,9.57390926668332e-05,"(both,('add', 0.8),True,all-uni)","(rank,('add', 0.1),True,all-uni)"
"rank","(both,('add', 0.8),True,all-uni) - rank,('add', 0.1),True,del",-2351.08846153846,373.875020265439,Inf,-6.28843419351544,9.19721569705013e-06,"(both,('add', 0.8),True,all-uni)","rank,('add', 0.1),True,del"
"rank","both,('add', 0.8),True,del - rank,('add', 0.1),False,add",-2392.50769230769,373.875020265439,Inf,-6.39921782046067,4.47909656256895e-06,"both,('add', 0.8),True,del","rank,('add', 0.1),False,add"
"rank","both,('add', 0.8),True,del - (rank,('add', 0.1),False,all-sep)",-2124.72692307692,373.875020265439,Inf,-5.6829871157705,0.000379614916525726,"both,('add', 0.8),True,del","(rank,('add', 0.1),False,all-sep)"
"rank","both,('add', 0.8),True,del - (rank,('add', 0.1),False,all-uni)",-2317.85769230769,373.875020265439,Inf,-6.19955216762567,1.62397766476271e-05,"both,('add', 0.8),True,del","(rank,('add', 0.1),False,all-uni)"
"rank","both,('add', 0.8),True,del - rank,('add', 0.1),False,del",-2299.42307692308,373.875020265439,Inf,-6.15024527525418,2.21877696854868e-05,"both,('add', 0.8),True,del","rank,('add', 0.1),False,del"
"rank","both,('add', 0.8),True,del - rank,('add', 0.1),True,add",-2177.76923076923,373.875020265439,Inf,-5.82485887723413,0.000163937405308527,"both,('add', 0.8),True,del","rank,('add', 0.1),True,add"
"rank","both,('add', 0.8),True,del - (rank,('add', 0.1),True,all-uni)",-2177.83461538462,373.875020265439,Inf,-5.82503376084988,0.000163765826934606,"both,('add', 0.8),True,del","(rank,('add', 0.1),True,all-uni)"
"rank","both,('add', 0.8),True,del - rank,('add', 0.1),True,del",-2317.81153846154,373.875020265439,Inf,-6.19942872036749,1.62525185042054e-05,"both,('add', 0.8),True,del","rank,('add', 0.1),True,del"
"rank","both,('add', 0.9),False,add - rank,('add', 0.1),False,add",-2455.32692307692,373.875020265439,Inf,-6.56723982611548,1.47003525891338e-06,"both,('add', 0.9),False,add","rank,('add', 0.1),False,add"
"rank","both,('add', 0.9),False,add - (rank,('add', 0.1),False,all-sep)",-2187.54615384615,373.875020265439,Inf,-5.85100912142531,0.000140130315106799,"both,('add', 0.9),False,add","(rank,('add', 0.1),False,all-sep)"
"rank","both,('add', 0.9),False,add - (rank,('add', 0.1),False,all-uni)",-2380.67692307692,373.875020265439,Inf,-6.36757417328048,5.50774126326238e-06,"both,('add', 0.9),False,add","(rank,('add', 0.1),False,all-uni)"
"rank","both,('add', 0.9),False,add - rank,('add', 0.1),False,del",-2362.24230769231,373.875020265439,Inf,-6.31826728090899,7.5862111608374e-06,"both,('add', 0.9),False,add","rank,('add', 0.1),False,del"
"rank","both,('add', 0.9),False,add - rank,('add', 0.1),True,add",-2240.58846153846,373.875020265439,Inf,-5.99288088288893,5.91255003599684e-05,"both,('add', 0.9),False,add","rank,('add', 0.1),True,add"
"rank","both,('add', 0.9),False,add - (rank,('add', 0.1),True,all-uni)",-2240.65384615385,373.875020265439,Inf,-5.99305576650469,5.90619263146236e-05,"both,('add', 0.9),False,add","(rank,('add', 0.1),True,all-uni)"
"rank","both,('add', 0.9),False,add - rank,('add', 0.1),True,del",-2380.63076923077,373.875020265439,Inf,-6.3674507260223,5.51217448180471e-06,"both,('add', 0.9),False,add","rank,('add', 0.1),True,del"
"rank","(both,('add', 0.9),False,all-sep) - rank,('add', 0.1),False,add",-2455.86538461538,373.875020265439,Inf,-6.56868004412758,1.4558893736654e-06,"(both,('add', 0.9),False,all-sep)","rank,('add', 0.1),False,add"
"rank","(both,('add', 0.9),False,all-sep) - (rank,('add', 0.1),False,all-sep)",-2188.08461538462,373.875020265439,Inf,-5.85244933943741,0.000138921852353153,"(both,('add', 0.9),False,all-sep)","(rank,('add', 0.1),False,all-sep)"
"rank","(both,('add', 0.9),False,all-sep) - (rank,('add', 0.1),False,all-uni)",-2381.21538461538,373.875020265439,Inf,-6.36901439129258,5.45627706507192e-06,"(both,('add', 0.9),False,all-sep)","(rank,('add', 0.1),False,all-uni)"
"rank","(both,('add', 0.9),False,all-sep) - rank,('add', 0.1),False,del",-2362.78076923077,373.875020265439,Inf,-6.31970749892109,7.51584788007354e-06,"(both,('add', 0.9),False,all-sep)","rank,('add', 0.1),False,del"
"rank","(both,('add', 0.9),False,all-sep) - rank,('add', 0.1),True,add",-2241.12692307692,373.875020265439,Inf,-5.99432110090104,5.86039292651444e-05,"(both,('add', 0.9),False,all-sep)","rank,('add', 0.1),True,add"
"rank","(both,('add', 0.9),False,all-sep) - (rank,('add', 0.1),True,all-uni)",-2241.19230769231,373.875020265439,Inf,-5.99449598451679,5.85409016430042e-05,"(both,('add', 0.9),False,all-sep)","(rank,('add', 0.1),True,all-uni)"
"rank","(both,('add', 0.9),False,all-sep) - rank,('add', 0.1),True,del",-2381.16923076923,373.875020265439,Inf,-6.3688909440344,5.46066980960575e-06,"(both,('add', 0.9),False,all-sep)","rank,('add', 0.1),True,del"
"rank","(both,('add', 0.9),False,all-uni) - rank,('add', 0.1),False,add",-2455.32692307692,373.875020265439,Inf,-6.56723982611548,1.47003525891337e-06,"(both,('add', 0.9),False,all-uni)","rank,('add', 0.1),False,add"
"rank","(both,('add', 0.9),False,all-uni) - (rank,('add', 0.1),False,all-sep)",-2187.54615384615,373.875020265439,Inf,-5.85100912142531,0.000140130315106798,"(both,('add', 0.9),False,all-uni)","(rank,('add', 0.1),False,all-sep)"
"rank","(both,('add', 0.9),False,all-uni) - (rank,('add', 0.1),False,all-uni)",-2380.67692307692,373.875020265439,Inf,-6.36757417328048,5.50774126326232e-06,"(both,('add', 0.9),False,all-uni)","(rank,('add', 0.1),False,all-uni)"
"rank","(both,('add', 0.9),False,all-uni) - rank,('add', 0.1),False,del",-2362.24230769231,373.875020265439,Inf,-6.31826728090899,7.58621116083736e-06,"(both,('add', 0.9),False,all-uni)","rank,('add', 0.1),False,del"
"rank","(both,('add', 0.9),False,all-uni) - rank,('add', 0.1),True,add",-2240.58846153846,373.875020265439,Inf,-5.99288088288894,5.91255003599678e-05,"(both,('add', 0.9),False,all-uni)","rank,('add', 0.1),True,add"
"rank","(both,('add', 0.9),False,all-uni) - (rank,('add', 0.1),True,all-uni)",-2240.65384615385,373.875020265439,Inf,-5.99305576650469,5.90619263146233e-05,"(both,('add', 0.9),False,all-uni)","(rank,('add', 0.1),True,all-uni)"
"rank","(both,('add', 0.9),False,all-uni) - rank,('add', 0.1),True,del",-2380.63076923077,373.875020265439,Inf,-6.3674507260223,5.51217448180465e-06,"(both,('add', 0.9),False,all-uni)","rank,('add', 0.1),True,del"
"rank","both,('add', 0.9),False,del - rank,('add', 0.1),False,add",-2455.32692307692,373.875020265439,Inf,-6.56723982611548,1.47003525891339e-06,"both,('add', 0.9),False,del","rank,('add', 0.1),False,add"
"rank","both,('add', 0.9),False,del - (rank,('add', 0.1),False,all-sep)",-2187.54615384615,373.875020265439,Inf,-5.85100912142531,0.000140130315106799,"both,('add', 0.9),False,del","(rank,('add', 0.1),False,all-sep)"
"rank","both,('add', 0.9),False,del - (rank,('add', 0.1),False,all-uni)",-2380.67692307692,373.875020265439,Inf,-6.36757417328048,5.50774126326244e-06,"both,('add', 0.9),False,del","(rank,('add', 0.1),False,all-uni)"
"rank","both,('add', 0.9),False,del - rank,('add', 0.1),False,del",-2362.24230769231,373.875020265439,Inf,-6.31826728090899,7.58621116083749e-06,"both,('add', 0.9),False,del","rank,('add', 0.1),False,del"
"rank","both,('add', 0.9),False,del - rank,('add', 0.1),True,add",-2240.58846153846,373.875020265439,Inf,-5.99288088288893,5.91255003599694e-05,"both,('add', 0.9),False,del","rank,('add', 0.1),True,add"
"rank","both,('add', 0.9),False,del - (rank,('add', 0.1),True,all-uni)",-2240.65384615385,373.875020265439,Inf,-5.99305576650469,5.90619263146242e-05,"both,('add', 0.9),False,del","(rank,('add', 0.1),True,all-uni)"
"rank","both,('add', 0.9),False,del - rank,('add', 0.1),True,del",-2380.63076923077,373.875020265439,Inf,-6.3674507260223,5.51217448180475e-06,"both,('add', 0.9),False,del","rank,('add', 0.1),True,del"
"rank","both,('add', 0.9),True,add - rank,('add', 0.1),False,add",-2450.4,373.875020265439,Inf,-6.55406183130474,1.60587250084507e-06,"both,('add', 0.9),True,add","rank,('add', 0.1),False,add"
"rank","both,('add', 0.9),True,add - (rank,('add', 0.1),False,all-sep)",-2182.61923076923,373.875020265439,Inf,-5.83783112661457,0.000151673373054675,"both,('add', 0.9),True,add","(rank,('add', 0.1),False,all-sep)"
"rank","both,('add', 0.9),True,add - (rank,('add', 0.1),False,all-uni)",-2375.75,373.875020265439,Inf,-6.35439617846974,6.00120145810709e-06,"both,('add', 0.9),True,add","(rank,('add', 0.1),False,all-uni)"
"rank","both,('add', 0.9),True,add - rank,('add', 0.1),False,del",-2357.31538461538,373.875020265439,Inf,-6.30508928609825,8.26063752765339e-06,"both,('add', 0.9),True,add","rank,('add', 0.1),False,del"
"rank","both,('add', 0.9),True,add - rank,('add', 0.1),True,add",-2235.66153846154,373.875020265439,Inf,-5.9797028880782,6.4112699114635e-05,"both,('add', 0.9),True,add","rank,('add', 0.1),True,add"
"rank","both,('add', 0.9),True,add - (rank,('add', 0.1),True,all-uni)",-2235.72692307692,373.875020265439,Inf,-5.97987777169395,6.40439066804607e-05,"both,('add', 0.9),True,add","(rank,('add', 0.1),True,all-uni)"
"rank","both,('add', 0.9),True,add - rank,('add', 0.1),True,del",-2375.70384615385,373.875020265439,Inf,-6.35427273121156,6.00602230718431e-06,"both,('add', 0.9),True,add","rank,('add', 0.1),True,del"
"rank","(both,('add', 0.9),True,all-sep) - rank,('add', 0.1),False,add",-2451.78846153846,373.875020265439,Inf,-6.55777553632166,1.56639646641388e-06,"(both,('add', 0.9),True,all-sep)","rank,('add', 0.1),False,add"
"rank","(both,('add', 0.9),True,all-sep) - (rank,('add', 0.1),False,all-sep)",-2184.00769230769,373.875020265439,Inf,-5.84154483163149,0.000148329965772365,"(both,('add', 0.9),True,all-sep)","(rank,('add', 0.1),False,all-sep)"
"rank","(both,('add', 0.9),True,all-sep) - (rank,('add', 0.1),False,all-uni)",-2377.13846153846,373.875020265439,Inf,-6.35810988348666,5.85792860434297e-06,"(both,('add', 0.9),True,all-sep)","(rank,('add', 0.1),False,all-uni)"
"rank","(both,('add', 0.9),True,all-sep) - rank,('add', 0.1),False,del",-2358.70384615385,373.875020265439,Inf,-6.30880299111517,8.06486723004941e-06,"(both,('add', 0.9),True,all-sep)","rank,('add', 0.1),False,del"
"rank","(both,('add', 0.9),True,all-sep) - rank,('add', 0.1),True,add",-2237.05,373.875020265439,Inf,-5.98341659309512,6.2667220082448e-05,"(both,('add', 0.9),True,all-sep)","rank,('add', 0.1),True,add"
"rank","(both,('add', 0.9),True,all-sep) - (rank,('add', 0.1),True,all-uni)",-2237.11538461538,373.875020265439,Inf,-5.98359147671087,6.25999389600914e-05,"(both,('add', 0.9),True,all-sep)","(rank,('add', 0.1),True,all-uni)"
"rank","(both,('add', 0.9),True,all-sep) - rank,('add', 0.1),True,del",-2377.09230769231,373.875020265439,Inf,-6.35798643622848,5.86263698975908e-06,"(both,('add', 0.9),True,all-sep)","rank,('add', 0.1),True,del"
"rank","(both,('add', 0.9),True,all-uni) - rank,('add', 0.1),False,add",-2450.4,373.875020265439,Inf,-6.55406183130474,1.60587250084508e-06,"(both,('add', 0.9),True,all-uni)","rank,('add', 0.1),False,add"
"rank","(both,('add', 0.9),True,all-uni) - (rank,('add', 0.1),False,all-sep)",-2182.61923076923,373.875020265439,Inf,-5.83783112661457,0.000151673373054674,"(both,('add', 0.9),True,all-uni)","(rank,('add', 0.1),False,all-sep)"
"rank","(both,('add', 0.9),True,all-uni) - (rank,('add', 0.1),False,all-uni)",-2375.75,373.875020265439,Inf,-6.35439617846974,6.00120145810713e-06,"(both,('add', 0.9),True,all-uni)","(rank,('add', 0.1),False,all-uni)"
"rank","(both,('add', 0.9),True,all-uni) - rank,('add', 0.1),False,del",-2357.31538461538,373.875020265439,Inf,-6.30508928609825,8.26063752765339e-06,"(both,('add', 0.9),True,all-uni)","rank,('add', 0.1),False,del"
"rank","(both,('add', 0.9),True,all-uni) - rank,('add', 0.1),True,add",-2235.66153846154,373.875020265439,Inf,-5.97970288807819,6.41126991146353e-05,"(both,('add', 0.9),True,all-uni)","rank,('add', 0.1),True,add"
"rank","(both,('add', 0.9),True,all-uni) - (rank,('add', 0.1),True,all-uni)",-2235.72692307692,373.875020265439,Inf,-5.97987777169395,6.40439066804607e-05,"(both,('add', 0.9),True,all-uni)","(rank,('add', 0.1),True,all-uni)"
"rank","(both,('add', 0.9),True,all-uni) - rank,('add', 0.1),True,del",-2375.70384615385,373.875020265439,Inf,-6.35427273121156,6.00602230718435e-06,"(both,('add', 0.9),True,all-uni)","rank,('add', 0.1),True,del"
"rank","both,('add', 0.9),True,del - rank,('add', 0.1),False,add",-2456.64230769231,373.875020265439,Inf,-6.57075807297362,1.4357132964571e-06,"both,('add', 0.9),True,del","rank,('add', 0.1),False,add"
"rank","both,('add', 0.9),True,del - (rank,('add', 0.1),False,all-sep)",-2188.86153846154,373.875020265439,Inf,-5.85452736828344,0.000137196067342205,"both,('add', 0.9),True,del","(rank,('add', 0.1),False,all-sep)"
"rank","both,('add', 0.9),True,del - (rank,('add', 0.1),False,all-uni)",-2381.99230769231,373.875020265439,Inf,-6.37109242013861,5.38284863440549e-06,"both,('add', 0.9),True,del","(rank,('add', 0.1),False,all-uni)"
"rank","both,('add', 0.9),True,del - rank,('add', 0.1),False,del",-2363.55769230769,373.875020265439,Inf,-6.32178552776712,7.41544578847697e-06,"both,('add', 0.9),True,del","rank,('add', 0.1),False,del"
"rank","both,('add', 0.9),True,del - rank,('add', 0.1),True,add",-2241.90384615385,373.875020265439,Inf,-5.99639912974707,5.78592682471737e-05,"both,('add', 0.9),True,del","rank,('add', 0.1),True,add"
"rank","both,('add', 0.9),True,del - (rank,('add', 0.1),True,all-uni)",-2241.96923076923,373.875020265439,Inf,-5.99657401336283,5.77970209967773e-05,"both,('add', 0.9),True,del","(rank,('add', 0.1),True,all-uni)"
"rank","both,('add', 0.9),True,del - rank,('add', 0.1),True,del",-2381.94615384615,373.875020265439,Inf,-6.37096897288043,5.38718361521711e-06,"both,('add', 0.9),True,del","rank,('add', 0.1),True,del"
"rank","(both,mul,False,all-sep) - rank,('add', 0.1),False,add",-2033.92307692308,373.875020265439,Inf,-5.44011492257241,0.00152710136523088,"(both,mul,False,all-sep)","rank,('add', 0.1),False,add"
"rank","(both,mul,False,all-sep) - (rank,('add', 0.1),False,all-uni)",-1959.27307692308,373.875020265439,Inf,-5.24044926973741,0.0045941379650827,"(both,mul,False,all-sep)","(rank,('add', 0.1),False,all-uni)"
"rank","(both,mul,False,all-sep) - rank,('add', 0.1),False,del",-1940.83846153846,373.875020265439,Inf,-5.19114237736592,0.00599434139163902,"(both,mul,False,all-sep)","rank,('add', 0.1),False,del"
"rank","(both,mul,False,all-sep) - rank,('add', 0.1),True,add",-1819.18461538462,373.875020265439,Inf,-4.86575597934586,0.0327009729456817,"(both,mul,False,all-sep)","rank,('add', 0.1),True,add"
"rank","(both,mul,False,all-sep) - (rank,('add', 0.1),True,all-uni)",-1819.25,373.875020265439,Inf,-4.86593086296162,0.0326720663853276,"(both,mul,False,all-sep)","(rank,('add', 0.1),True,all-uni)"
"rank","(both,mul,False,all-sep) - rank,('add', 0.1),True,del",-1959.22692307692,373.875020265439,Inf,-5.24032582247923,0.00459721248002892,"(both,mul,False,all-sep)","rank,('add', 0.1),True,del"
"rank","(both,mul,True,all-sep) - rank,('add', 0.1),False,add",-2144.93076923077,373.875020265439,Inf,-5.73702615303889,0.000276341502609364,"(both,mul,True,all-sep)","rank,('add', 0.1),False,add"
"rank","(both,mul,True,all-sep) - (rank,('add', 0.1),False,all-sep)",-1877.15,373.875020265439,Inf,-5.02079544834872,0.0147581358413303,"(both,mul,True,all-sep)","(rank,('add', 0.1),False,all-sep)"
"rank","(both,mul,True,all-sep) - (rank,('add', 0.1),False,all-uni)",-2070.28076923077,373.875020265439,Inf,-5.53736050020389,0.000880659819291415,"(both,mul,True,all-sep)","(rank,('add', 0.1),False,all-uni)"
"rank","(both,mul,True,all-sep) - rank,('add', 0.1),False,del",-2051.84615384615,373.875020265439,Inf,-5.4880536078324,0.00116551718701408,"(both,mul,True,all-sep)","rank,('add', 0.1),False,del"
"rank","(both,mul,True,all-sep) - rank,('add', 0.1),True,add",-1930.19230769231,373.875020265439,Inf,-5.16266720981234,0.00698231053431145,"(both,mul,True,all-sep)","rank,('add', 0.1),True,add"
"rank","(both,mul,True,all-sep) - (rank,('add', 0.1),True,all-uni)",-1930.25769230769,373.875020265439,Inf,-5.1628420934281,0.00697578797469439,"(both,mul,True,all-sep)","(rank,('add', 0.1),True,all-uni)"
"rank","(both,mul,True,all-sep) - rank,('add', 0.1),True,del",-2070.23461538462,373.875020265439,Inf,-5.53723705294571,0.000881280548155574,"(both,mul,True,all-sep)","rank,('add', 0.1),True,del"
"rank","rank,('add', 0.1),False,add - rank,('add', 0.3),False,add",1793.63846153846,373.875020265439,Inf,4.79742792194311,0.0460933525795484,"rank,('add', 0.1),False,add","rank,('add', 0.3),False,add"
"rank","rank,('add', 0.1),False,add - (rank,('add', 0.3),False,all-sep)",1931.12307692308,373.875020265439,Inf,5.16515672951898,0.00689001255610211,"rank,('add', 0.1),False,add","(rank,('add', 0.3),False,all-sep)"
"rank","rank,('add', 0.1),False,add - (rank,('add', 0.3),False,all-uni)",1814.13461538462,373.875020265439,Inf,4.85224879184664,0.0350094907394945,"rank,('add', 0.1),False,add","(rank,('add', 0.3),False,all-uni)"
"rank","rank,('add', 0.1),False,add - rank,('add', 0.3),False,del",1886.41923076923,373.875020265439,Inf,5.04558777269991,0.0129670675685966,"rank,('add', 0.1),False,add","rank,('add', 0.3),False,del"
"rank","rank,('add', 0.1),False,add - rank,('add', 0.3),True,add",1959.11153846154,373.875020265439,Inf,5.24001720433378,0.00460490747442912,"rank,('add', 0.1),False,add","rank,('add', 0.3),True,add"
"rank","rank,('add', 0.1),False,add - (rank,('add', 0.3),True,all-sep)",2363.61153846154,373.875020265439,Inf,6.32192954956834,7.40853597550907e-06,"rank,('add', 0.1),False,add","(rank,('add', 0.3),True,all-sep)"
"rank","rank,('add', 0.1),False,add - (rank,('add', 0.3),True,all-uni)",1959.11153846154,373.875020265439,Inf,5.24001720433378,0.00460490747442912,"rank,('add', 0.1),False,add","(rank,('add', 0.3),True,all-uni)"
"rank","rank,('add', 0.1),False,add - rank,('add', 0.3),True,del",1883.05,373.875020265439,Inf,5.03657612285276,0.0135923893644789,"rank,('add', 0.1),False,add","rank,('add', 0.3),True,del"
"rank","rank,('add', 0.1),False,add - rank,('add', 0.4),False,add",2182.96923076923,373.875020265439,Inf,5.83876726832243,0.00015082372812543,"rank,('add', 0.1),False,add","rank,('add', 0.4),False,add"
"rank","rank,('add', 0.1),False,add - (rank,('add', 0.4),False,all-sep)",2488.59615384615,373.875020265439,Inf,6.6562247247204,8.05766267812341e-07,"rank,('add', 0.1),False,add","(rank,('add', 0.4),False,all-sep)"
"rank","rank,('add', 0.1),False,add - (rank,('add', 0.4),False,all-uni)",2241.18076923077,373.875020265439,Inf,5.99446512270225,5.85520193639066e-05,"rank,('add', 0.1),False,add","(rank,('add', 0.4),False,all-uni)"
"rank","rank,('add', 0.1),False,add - rank,('add', 0.4),False,del",2243.74615384615,373.875020265439,Inf,6.00132673280276,5.61301198051979e-05,"rank,('add', 0.1),False,add","rank,('add', 0.4),False,del"
"rank","rank,('add', 0.1),False,add - rank,('add', 0.4),True,add",2302.7,373.875020265439,Inf,6.15901003058498,2.09940728276935e-05,"rank,('add', 0.1),False,add","rank,('add', 0.4),True,add"
"rank","rank,('add', 0.1),False,add - (rank,('add', 0.4),True,all-sep)",2717.61153846154,373.875020265439,Inf,7.2687700198107,1.04043987182044e-08,"rank,('add', 0.1),False,add","(rank,('add', 0.4),True,all-sep)"
"rank","rank,('add', 0.1),False,add - (rank,('add', 0.4),True,all-uni)",2302.7,373.875020265439,Inf,6.15901003058498,2.09940728276938e-05,"rank,('add', 0.1),False,add","(rank,('add', 0.4),True,all-uni)"
"rank","rank,('add', 0.1),False,add - rank,('add', 0.4),True,del",2324.63461538462,373.875020265439,Inf,6.21767834003513,1.44709111627136e-05,"rank,('add', 0.1),False,add","rank,('add', 0.4),True,del"
"rank","rank,('add', 0.1),False,add - rank,('add', 0.5),False,add",2580.87692307692,373.875020265439,Inf,6.90304723018025,1.45977464739274e-07,"rank,('add', 0.1),False,add","rank,('add', 0.5),False,add"
"rank","rank,('add', 0.1),False,add - (rank,('add', 0.5),False,all-sep)",2590.67692307692,373.875020265439,Inf,6.92925919800052,1.21330758308734e-07,"rank,('add', 0.1),False,add","(rank,('add', 0.5),False,all-sep)"
"rank","rank,('add', 0.1),False,add - (rank,('add', 0.5),False,all-uni)",2641.37692307692,373.875020265439,Inf,7.0648660111115,4.61091359918268e-08,"rank,('add', 0.1),False,add","(rank,('add', 0.5),False,all-uni)"
"rank","rank,('add', 0.1),False,add - rank,('add', 0.5),False,del",2641.33076923077,373.875020265439,Inf,7.06474256385332,4.61501436455919e-08,"rank,('add', 0.1),False,add","rank,('add', 0.5),False,del"
"rank","rank,('add', 0.1),False,add - rank,('add', 0.5),True,add",2438.1,373.875020265439,Inf,6.52116313699971,2.00083883118609e-06,"rank,('add', 0.1),False,add","rank,('add', 0.5),True,add"
"rank","rank,('add', 0.1),False,add - (rank,('add', 0.5),True,all-sep)",2595.05,373.875020265439,Inf,6.9409558257131,1.11695920952729e-07,"rank,('add', 0.1),False,add","(rank,('add', 0.5),True,all-sep)"
"rank","rank,('add', 0.1),False,add - (rank,('add', 0.5),True,all-uni)",2439.98076923077,373.875020265439,Inf,6.52619361277056,1.93481319354458e-06,"rank,('add', 0.1),False,add","(rank,('add', 0.5),True,all-uni)"
"rank","rank,('add', 0.1),False,add - rank,('add', 0.5),True,del",2589.47307692308,373.875020265439,Inf,6.92603928201632,1.24123120975411e-07,"rank,('add', 0.1),False,add","rank,('add', 0.5),True,del"
"rank","rank,('add', 0.1),False,add - rank,('add', 0.6),False,add",2650.37692307692,373.875020265439,Inf,7.08893822645665,3.8759537012566e-08,"rank,('add', 0.1),False,add","rank,('add', 0.6),False,add"
"rank","rank,('add', 0.1),False,add - (rank,('add', 0.6),False,all-sep)",2623.13076923077,373.875020265439,Inf,7.01606319504425,6.54497299149233e-08,"rank,('add', 0.1),False,add","(rank,('add', 0.6),False,all-sep)"
"rank","rank,('add', 0.1),False,add - (rank,('add', 0.6),False,all-uni)",2707.74230769231,373.875020265439,Inf,7.24237288110316,1.26450587521089e-08,"rank,('add', 0.1),False,add","(rank,('add', 0.6),False,all-uni)"
"rank","rank,('add', 0.1),False,add - rank,('add', 0.6),False,del",2710.50769230769,373.875020265439,Inf,7.24976942932246,1.19733754007443e-08,"rank,('add', 0.1),False,add","rank,('add', 0.6),False,del"
"rank","rank,('add', 0.1),False,add - rank,('add', 0.6),True,add",2295.68076923077,373.875020265439,Inf,6.14023576007007,2.36320603905548e-05,"rank,('add', 0.1),False,add","rank,('add', 0.6),True,add"
"rank","rank,('add', 0.1),False,add - (rank,('add', 0.6),True,all-sep)",2537.45,373.875020265439,Inf,6.78689364750417,3.2859709274951e-07,"rank,('add', 0.1),False,add","(rank,('add', 0.6),True,all-sep)"
"rank","rank,('add', 0.1),False,add - (rank,('add', 0.6),True,all-uni)",2295.68076923077,373.875020265439,Inf,6.14023576007007,2.36320603905551e-05,"rank,('add', 0.1),False,add","(rank,('add', 0.6),True,all-uni)"
"rank","rank,('add', 0.1),False,add - rank,('add', 0.6),True,del",2627.06923076923,373.875020265439,Inf,7.02659736107563,6.06957494745577e-08,"rank,('add', 0.1),False,add","rank,('add', 0.6),True,del"
"rank","rank,('add', 0.1),False,add - rank,('add', 0.7),False,add",2663.84230769231,373.875020265439,Inf,7.12495396403073,2.98603199824737e-08,"rank,('add', 0.1),False,add","rank,('add', 0.7),False,add"
"rank","rank,('add', 0.1),False,add - (rank,('add', 0.7),False,all-sep)",2654.05384615385,373.875020265439,Inf,7.098772858025,3.60993670280141e-08,"rank,('add', 0.1),False,add","(rank,('add', 0.7),False,all-sep)"
"rank","rank,('add', 0.1),False,add - (rank,('add', 0.7),False,all-uni)",2720.51538461538,373.875020265439,Inf,7.27653690980453,9.82285519116066e-09,"rank,('add', 0.1),False,add","(rank,('add', 0.7),False,all-uni)"
"rank","rank,('add', 0.1),False,add - rank,('add', 0.7),False,del",2749.78076923077,373.875020265439,Inf,7.35481275876231,5.48347071651567e-09,"rank,('add', 0.1),False,add","rank,('add', 0.7),False,del"
"rank","rank,('add', 0.1),False,add - rank,('add', 0.7),True,add",2369.81923076923,373.875020265439,Inf,6.33853320579358,6.65269459577151e-06,"rank,('add', 0.1),False,add","rank,('add', 0.7),True,add"
"rank","rank,('add', 0.1),False,add - (rank,('add', 0.7),True,all-sep)",2538.93846153846,373.875020265439,Inf,6.79087482158048,3.19654670731946e-07,"rank,('add', 0.1),False,add","(rank,('add', 0.7),True,all-sep)"
"rank","rank,('add', 0.1),False,add - (rank,('add', 0.7),True,all-uni)",2361.10384615385,373.875020265439,Inf,6.31522224854054,7.73710383983289e-06,"rank,('add', 0.1),False,add","(rank,('add', 0.7),True,all-uni)"
"rank","rank,('add', 0.1),False,add - rank,('add', 0.7),True,del",2603.77692307692,373.875020265439,Inf,6.96429764478068,9.46572381692847e-08,"rank,('add', 0.1),False,add","rank,('add', 0.7),True,del"
"rank","rank,('add', 0.1),False,add - rank,('add', 0.8),False,add",2660.65769230769,373.875020265439,Inf,7.11643610321629,3.17640994530169e-08,"rank,('add', 0.1),False,add","rank,('add', 0.8),False,add"
"rank","rank,('add', 0.1),False,add - (rank,('add', 0.8),False,all-sep)",2630.24230769231,373.875020265439,Inf,7.03508436007552,5.71134900982161e-08,"rank,('add', 0.1),False,add","(rank,('add', 0.8),False,all-sep)"
"rank","rank,('add', 0.1),False,add - (rank,('add', 0.8),False,all-uni)",2660.65769230769,373.875020265439,Inf,7.11643610321629,3.17640994530169e-08,"rank,('add', 0.1),False,add","(rank,('add', 0.8),False,all-uni)"
"rank","rank,('add', 0.1),False,add - rank,('add', 0.8),False,del",2660.65769230769,373.875020265439,Inf,7.11643610321629,3.17640994530169e-08,"rank,('add', 0.1),False,add","rank,('add', 0.8),False,del"
"rank","rank,('add', 0.1),False,add - rank,('add', 0.8),True,add",2384.11538461538,373.875020265439,Inf,6.3767709940149,5.18708163730681e-06,"rank,('add', 0.1),False,add","rank,('add', 0.8),True,add"
"rank","rank,('add', 0.1),False,add - (rank,('add', 0.8),True,all-sep)",2562.29230769231,373.875020265439,Inf,6.85333913421968,2.06914078734286e-07,"rank,('add', 0.1),False,add","(rank,('add', 0.8),True,all-sep)"
"rank","rank,('add', 0.1),False,add - (rank,('add', 0.8),True,all-uni)",2384.11538461538,373.875020265439,Inf,6.3767709940149,5.18708163730681e-06,"rank,('add', 0.1),False,add","(rank,('add', 0.8),True,all-uni)"
"rank","rank,('add', 0.1),False,add - rank,('add', 0.8),True,del",2652.51153846154,373.875020265439,Inf,7.09464766214748,3.71926387138153e-08,"rank,('add', 0.1),False,add","rank,('add', 0.8),True,del"
"rank","rank,('add', 0.1),False,add - rank,('add', 0.9),False,add",2467.67692307692,373.875020265439,Inf,6.60027225495021,1.17703694797507e-06,"rank,('add', 0.1),False,add","rank,('add', 0.9),False,add"
"rank","rank,('add', 0.1),False,add - (rank,('add', 0.9),False,all-sep)",2417.42692307692,373.875020265439,Inf,6.46586905260648,2.88859997957061e-06,"rank,('add', 0.1),False,add","(rank,('add', 0.9),False,all-sep)"
"rank","rank,('add', 0.1),False,add - (rank,('add', 0.9),False,all-uni)",2441.59615384615,373.875020265439,Inf,6.53051426680686,1.87980890920097e-06,"rank,('add', 0.1),False,add","(rank,('add', 0.9),False,all-uni)"
"rank","rank,('add', 0.1),False,add - rank,('add', 0.9),False,del",2467.67692307692,373.875020265439,Inf,6.60027225495021,1.17703694797507e-06,"rank,('add', 0.1),False,add","rank,('add', 0.9),False,del"
"rank","rank,('add', 0.1),False,add - rank,('add', 0.9),True,add",2437.02307692308,373.875020265439,Inf,6.51828270097551,2.0396317241521e-06,"rank,('add', 0.1),False,add","rank,('add', 0.9),True,add"
"rank","rank,('add', 0.1),False,add - (rank,('add', 0.9),True,all-sep)",2533.13076923077,373.875020265439,Inf,6.7753410415928,3.55956473202048e-07,"rank,('add', 0.1),False,add","(rank,('add', 0.9),True,all-sep)"
"rank","rank,('add', 0.1),False,add - (rank,('add', 0.9),True,all-uni)",2437.02307692308,373.875020265439,Inf,6.51828270097551,2.03963172415208e-06,"rank,('add', 0.1),False,add","(rank,('add', 0.9),True,all-uni)"
"rank","rank,('add', 0.1),False,add - rank,('add', 0.9),True,del",2408.18846153846,373.875020265439,Inf,6.44115902642741,3.40043161237103e-06,"rank,('add', 0.1),False,add","rank,('add', 0.9),True,del"
"rank","rank,('add', 0.1),False,add - (rank,mul,False,all-sep)",2007.99615384615,373.875020265439,Inf,5.37076842528967,0.00224856467323816,"rank,('add', 0.1),False,add","(rank,mul,False,all-sep)"
"rank","rank,('add', 0.1),False,add - (rank,mul,False,all-uni)",1803.18076923077,373.875020265439,Inf,4.82295064257187,0.0405678549423806,"rank,('add', 0.1),False,add","(rank,mul,False,all-uni)"
"rank","rank,('add', 0.1),False,add - rank,mul,False,del",1833.96923076923,373.875020265439,Inf,4.9053002510496,0.0267540034477992,"rank,('add', 0.1),False,add","rank,mul,False,del"
"rank","rank,('add', 0.1),False,add - rank,mul,True,add",2009.91153846154,373.875020265439,Inf,5.37589148650415,0.00218555019911428,"rank,('add', 0.1),False,add","rank,mul,True,add"
"rank","rank,('add', 0.1),False,add - (rank,mul,True,all-sep)",2428.75384615385,373.875020265439,Inf,6.49616506721821,2.36303850242045e-06,"rank,('add', 0.1),False,add","(rank,mul,True,all-sep)"
"rank","rank,('add', 0.1),False,add - (rank,mul,True,all-uni)",2003.74615384615,373.875020265439,Inf,5.35940099026557,0.00239473236529103,"rank,('add', 0.1),False,add","(rank,mul,True,all-uni)"
"rank","rank,('add', 0.1),False,add - rank,mul,True,del",1934.23846153846,373.875020265439,Inf,5.17348941944615,0.00658957815371068,"rank,('add', 0.1),False,add","rank,mul,True,del"
"rank","rank,('add', 0.1),False,add - score,('add', 0.1),False,add",2664.62307692308,373.875020265439,Inf,7.12704228014828,2.941093845125e-08,"rank,('add', 0.1),False,add","score,('add', 0.1),False,add"
"rank","rank,('add', 0.1),False,add - (score,('add', 0.1),False,all-sep)",2858.22692307692,373.875020265439,Inf,7.64487266639979,5.99848513089176e-10,"rank,('add', 0.1),False,add","(score,('add', 0.1),False,all-sep)"
"rank","rank,('add', 0.1),False,add - (score,('add', 0.1),False,all-uni)",2603.63076923077,373.875020265439,Inf,6.9639067284631,9.49204103993836e-08,"rank,('add', 0.1),False,add","(score,('add', 0.1),False,all-uni)"
"rank","rank,('add', 0.1),False,add - score,('add', 0.1),False,del",2728.26153846154,373.875020265439,Inf,7.29725547463578,8.42322475531269e-09,"rank,('add', 0.1),False,add","score,('add', 0.1),False,del"
"rank","rank,('add', 0.1),False,add - score,('add', 0.1),True,add",2207.97307692308,373.875020265439,Inf,5.90564482044157,0.000100744250100952,"rank,('add', 0.1),False,add","score,('add', 0.1),True,add"
"rank","rank,('add', 0.1),False,add - (score,('add', 0.1),True,all-sep)",2697.40384615385,373.875020265439,Inf,7.21472069527079,1.55000456115932e-08,"rank,('add', 0.1),False,add","(score,('add', 0.1),True,all-sep)"
"rank","rank,('add', 0.1),False,add - (score,('add', 0.1),True,all-uni)",2206.71538461538,373.875020265439,Inf,5.90228088265616,0.000102820698130873,"rank,('add', 0.1),False,add","(score,('add', 0.1),True,all-uni)"
"rank","rank,('add', 0.1),False,add - score,('add', 0.1),True,del",2728.63461538462,373.875020265439,Inf,7.29825333997274,8.36100420676039e-09,"rank,('add', 0.1),False,add","score,('add', 0.1),True,del"
"rank","rank,('add', 0.1),False,add - score,('add', 0.2),False,add",2712.78076923077,373.875020265439,Inf,7.25584920678783,1.14476096111082e-08,"rank,('add', 0.1),False,add","score,('add', 0.2),False,add"
"rank","rank,('add', 0.1),False,add - (score,('add', 0.2),False,all-sep)",2670.3,373.875020265439,Inf,7.14222629290445,2.63372025773635e-08,"rank,('add', 0.1),False,add","(score,('add', 0.2),False,all-sep)"
"rank","rank,('add', 0.1),False,add - (score,('add', 0.2),False,all-uni)",2697.54230769231,373.875020265439,Inf,7.21509103704532,1.54579195008009e-08,"rank,('add', 0.1),False,add","(score,('add', 0.2),False,all-uni)"
"rank","rank,('add', 0.1),False,add - score,('add', 0.2),False,del",2712.91153846154,373.875020265439,Inf,7.25619897401934,1.14180620902606e-08,"rank,('add', 0.1),False,add","score,('add', 0.2),False,del"
"rank","rank,('add', 0.1),False,add - score,('add', 0.2),True,add",2341.92307692308,373.875020265439,Inf,6.26391962549514,1.07670178014505e-05,"rank,('add', 0.1),False,add","score,('add', 0.2),True,add"
"rank","rank,('add', 0.1),False,add - (score,('add', 0.2),True,all-sep)",2683.28076923077,373.875020265439,Inf,7.17694583426764,2.04447998841254e-08,"rank,('add', 0.1),False,add","(score,('add', 0.2),True,all-sep)"
"rank","rank,('add', 0.1),False,add - (score,('add', 0.2),True,all-uni)",2315.84230769231,373.875020265439,Inf,6.1941616373518,1.68053532855292e-05,"rank,('add', 0.1),False,add","(score,('add', 0.2),True,all-uni)"
"rank","rank,('add', 0.1),False,add - score,('add', 0.2),True,del",2737.06923076923,373.875020265439,Inf,7.32081332640518,7.06883144884022e-09,"rank,('add', 0.1),False,add","score,('add', 0.2),True,del"
"rank","rank,('add', 0.1),False,add - score,('add', 0.3),False,add",2540.21153846154,373.875020265439,Inf,6.79427990845195,3.12195732101462e-07,"rank,('add', 0.1),False,add","score,('add', 0.3),False,add"
"rank","rank,('add', 0.1),False,add - (score,('add', 0.3),False,all-sep)",2328.75384615385,373.875020265439,Inf,6.22869600782772,1.34891616847124e-05,"rank,('add', 0.1),False,add","(score,('add', 0.3),False,all-sep)"
"rank","rank,('add', 0.1),False,add - (score,('add', 0.3),False,all-uni)",2540.21153846154,373.875020265439,Inf,6.79427990845195,3.12195732101464e-07,"rank,('add', 0.1),False,add","(score,('add', 0.3),False,all-uni)"
"rank","rank,('add', 0.1),False,add - score,('add', 0.3),False,del",2540.35,373.875020265439,Inf,6.79465025022649,3.11394842433102e-07,"rank,('add', 0.1),False,add","score,('add', 0.3),False,del"
"rank","rank,('add', 0.1),False,add - score,('add', 0.3),True,add",2445.82307692308,373.875020265439,Inf,6.54181997820187,1.74301651668337e-06,"rank,('add', 0.1),False,add","score,('add', 0.3),True,add"
"rank","rank,('add', 0.1),False,add - (score,('add', 0.3),True,all-sep)",2494.08076923077,373.875020265439,Inf,6.67089437390081,7.29186616894536e-07,"rank,('add', 0.1),False,add","(score,('add', 0.3),True,all-sep)"
"rank","rank,('add', 0.1),False,add - (score,('add', 0.3),True,all-uni)",2419.74230769231,373.875020265439,Inf,6.47206199005853,2.77262298622391e-06,"rank,('add', 0.1),False,add","(score,('add', 0.3),True,all-uni)"
"rank","rank,('add', 0.1),False,add - score,('add', 0.3),True,del",2635.38846153846,373.875020265439,Inf,7.04884872936262,5.17399069248201e-08,"rank,('add', 0.1),False,add","score,('add', 0.3),True,del"
"rank","rank,('add', 0.1),False,add - score,('add', 0.4),False,add",2346.48076923077,373.875020265439,Inf,6.27611004224044,9.95621988829498e-06,"rank,('add', 0.1),False,add","score,('add', 0.4),False,add"
"rank","rank,('add', 0.1),False,add - (score,('add', 0.4),False,all-sep)",2386.62692307692,373.875020265439,Inf,6.38348858231421,4.9644651940427e-06,"rank,('add', 0.1),False,add","(score,('add', 0.4),False,all-sep)"
"rank","rank,('add', 0.1),False,add - (score,('add', 0.4),False,all-uni)",2346.48076923077,373.875020265439,Inf,6.27611004224044,9.95621988829498e-06,"rank,('add', 0.1),False,add","(score,('add', 0.4),False,all-uni)"
"rank","rank,('add', 0.1),False,add - score,('add', 0.4),False,del",2355.58461538462,373.875020265439,Inf,6.30046001391649,8.51117903214033e-06,"rank,('add', 0.1),False,add","score,('add', 0.4),False,del"
"rank","rank,('add', 0.1),False,add - score,('add', 0.4),True,add",2349.16538461538,373.875020265439,Inf,6.28329055775792,9.50686619232493e-06,"rank,('add', 0.1),False,add","score,('add', 0.4),True,add"
"rank","rank,('add', 0.1),False,add - (score,('add', 0.4),True,all-sep)",2472.8,373.875020265439,Inf,6.61397490060821,1.07301976379147e-06,"rank,('add', 0.1),False,add","(score,('add', 0.4),True,all-sep)"
"rank","rank,('add', 0.1),False,add - (score,('add', 0.4),True,all-uni)",2323.08461538462,373.875020265439,Inf,6.21353256961458,1.48581007662676e-05,"rank,('add', 0.1),False,add","(score,('add', 0.4),True,all-uni)"
"rank","rank,('add', 0.1),False,add - score,('add', 0.4),True,del",2510.13461538462,373.875020265439,Inf,6.7138334452045,5.43705947415672e-07,"rank,('add', 0.1),False,add","score,('add', 0.4),True,del"
"rank","rank,('add', 0.1),False,add - score,('add', 0.5),False,add",2325.86923076923,373.875020265439,Inf,6.22098055419145,1.41695662692297e-05,"rank,('add', 0.1),False,add","score,('add', 0.5),False,add"
"rank","rank,('add', 0.1),False,add - (score,('add', 0.5),False,all-sep)",2395.86538461538,373.875020265439,Inf,6.40819860849329,4.22310176306612e-06,"rank,('add', 0.1),False,add","(score,('add', 0.5),False,all-sep)"
"rank","rank,('add', 0.1),False,add - (score,('add', 0.5),False,all-uni)",2325.86923076923,373.875020265439,Inf,6.22098055419145,1.41695662692297e-05,"rank,('add', 0.1),False,add","(score,('add', 0.5),False,all-uni)"
"rank","rank,('add', 0.1),False,add - score,('add', 0.5),False,del",2351.95,373.875020265439,Inf,6.2907385423348,9.06170740693875e-06,"rank,('add', 0.1),False,add","score,('add', 0.5),False,del"
"rank","rank,('add', 0.1),False,add - score,('add', 0.5),True,add",2382.56153846154,373.875020265439,Inf,6.37261493632283,5.32966328203495e-06,"rank,('add', 0.1),False,add","score,('add', 0.5),True,add"
"rank","rank,('add', 0.1),False,add - (score,('add', 0.5),True,all-sep)",2444.47692307692,373.875020265439,Inf,6.53821943317161,1.78548887277773e-06,"rank,('add', 0.1),False,add","(score,('add', 0.5),True,all-sep)"
"rank","rank,('add', 0.1),False,add - (score,('add', 0.5),True,all-uni)",2382.56153846154,373.875020265439,Inf,6.37261493632283,5.32966328203495e-06,"rank,('add', 0.1),False,add","(score,('add', 0.5),True,all-uni)"
"rank","rank,('add', 0.1),False,add - score,('add', 0.5),True,del",2394.15384615385,373.875020265439,Inf,6.4036207726691,4.35175186558107e-06,"rank,('add', 0.1),False,add","score,('add', 0.5),True,del"
"rank","rank,('add', 0.1),False,add - score,('add', 0.6),False,add",2379.18076923077,373.875020265439,Inf,6.36357242466113,5.65324046177256e-06,"rank,('add', 0.1),False,add","score,('add', 0.6),False,add"
"rank","rank,('add', 0.1),False,add - (score,('add', 0.6),False,all-sep)",2410.43076923077,373.875020265439,Inf,6.44715650572066,3.26860469303892e-06,"rank,('add', 0.1),False,add","(score,('add', 0.6),False,all-sep)"
"rank","rank,('add', 0.1),False,add - (score,('add', 0.6),False,all-uni)",2379.18076923077,373.875020265439,Inf,6.36357242466113,5.65324046177256e-06,"rank,('add', 0.1),False,add","(score,('add', 0.6),False,all-uni)"
"rank","rank,('add', 0.1),False,add - score,('add', 0.6),False,del",2379.18076923077,373.875020265439,Inf,6.36357242466113,5.65324046177256e-06,"rank,('add', 0.1),False,add","score,('add', 0.6),False,del"
"rank","rank,('add', 0.1),False,add - score,('add', 0.6),True,add",2478.88076923077,373.875020265439,Inf,6.63023907687346,9.61191851993062e-07,"rank,('add', 0.1),False,add","score,('add', 0.6),True,add"
"rank","rank,('add', 0.1),False,add - (score,('add', 0.6),True,all-sep)",2492.12307692308,373.875020265439,Inf,6.66565815269967,7.55666096729684e-07,"rank,('add', 0.1),False,add","(score,('add', 0.6),True,all-sep)"
"rank","rank,('add', 0.1),False,add - (score,('add', 0.6),True,all-uni)",2478.86538461538,373.875020265439,Inf,6.6301979277874,9.61459849459186e-07,"rank,('add', 0.1),False,add","(score,('add', 0.6),True,all-uni)"
"rank","rank,('add', 0.1),False,add - score,('add', 0.6),True,del",2474.61923076923,373.875020265439,Inf,6.61884078003482,1.03829205783359e-06,"rank,('add', 0.1),False,add","score,('add', 0.6),True,del"
"rank","rank,('add', 0.1),False,add - score,('add', 0.7),False,add",2410.04230769231,373.875020265439,Inf,6.44611749129765,3.2910792669722e-06,"rank,('add', 0.1),False,add","score,('add', 0.7),False,add"
"rank","rank,('add', 0.1),False,add - (score,('add', 0.7),False,all-sep)",2431.56153846154,373.875020265439,Inf,6.50367477542418,2.24797449673285e-06,"rank,('add', 0.1),False,add","(score,('add', 0.7),False,all-sep)"
"rank","rank,('add', 0.1),False,add - (score,('add', 0.7),False,all-uni)",2410.04230769231,373.875020265439,Inf,6.44611749129765,3.29107926697222e-06,"rank,('add', 0.1),False,add","(score,('add', 0.7),False,all-uni)"
"rank","rank,('add', 0.1),False,add - score,('add', 0.7),False,del",2410.04230769231,373.875020265439,Inf,6.44611749129765,3.2910792669722e-06,"rank,('add', 0.1),False,add","score,('add', 0.7),False,del"
"rank","rank,('add', 0.1),False,add - score,('add', 0.7),True,add",2492.55,373.875020265439,Inf,6.66680003983784,7.49812513707481e-07,"rank,('add', 0.1),False,add","score,('add', 0.7),True,add"
"rank","rank,('add', 0.1),False,add - (score,('add', 0.7),True,all-sep)",2538.23076923077,373.875020265439,Inf,6.78898196362172,3.23876233060093e-07,"rank,('add', 0.1),False,add","(score,('add', 0.7),True,all-sep)"
"rank","rank,('add', 0.1),False,add - (score,('add', 0.7),True,all-uni)",2492.51923076923,373.875020265439,Inf,6.66671774166571,7.50232905180626e-07,"rank,('add', 0.1),False,add","(score,('add', 0.7),True,all-uni)"
"rank","rank,('add', 0.1),False,add - score,('add', 0.7),True,del",2405.45,373.875020265439,Inf,6.43383448910871,3.56849019665602e-06,"rank,('add', 0.1),False,add","score,('add', 0.7),True,del"
"rank","rank,('add', 0.1),False,add - score,('add', 0.8),False,add",2466.30769230769,373.875020265439,Inf,6.59660998629086,1.20646853450082e-06,"rank,('add', 0.1),False,add","score,('add', 0.8),False,add"
"rank","rank,('add', 0.1),False,add - (score,('add', 0.8),False,all-sep)",2459.68076923077,373.875020265439,Inf,6.57888501747048,1.35940081153261e-06,"rank,('add', 0.1),False,add","(score,('add', 0.8),False,all-sep)"
"rank","rank,('add', 0.1),False,add - (score,('add', 0.8),False,all-uni)",2466.30769230769,373.875020265439,Inf,6.59660998629086,1.20646853450082e-06,"rank,('add', 0.1),False,add","(score,('add', 0.8),False,all-uni)"
"rank","rank,('add', 0.1),False,add - score,('add', 0.8),False,del",2466.30769230769,373.875020265439,Inf,6.59660998629086,1.20646853450082e-06,"rank,('add', 0.1),False,add","score,('add', 0.8),False,del"
"rank","rank,('add', 0.1),False,add - score,('add', 0.8),True,add",2456.62692307692,373.875020265439,Inf,6.57071692388756,1.43611015527034e-06,"rank,('add', 0.1),False,add","score,('add', 0.8),True,add"
"rank","rank,('add', 0.1),False,add - (score,('add', 0.8),True,all-sep)",2464.35769230769,373.875020265439,Inf,6.59139433963275,1.24963023189536e-06,"rank,('add', 0.1),False,add","(score,('add', 0.8),True,all-sep)"
"rank","rank,('add', 0.1),False,add - (score,('add', 0.8),True,all-uni)",2456.62692307692,373.875020265439,Inf,6.57071692388756,1.43611015527035e-06,"rank,('add', 0.1),False,add","(score,('add', 0.8),True,all-uni)"
"rank","rank,('add', 0.1),False,add - score,('add', 0.8),True,del",2406.51923076923,373.875020265439,Inf,6.43669435058989,3.50192729529206e-06,"rank,('add', 0.1),False,add","score,('add', 0.8),True,del"
"rank","rank,('add', 0.1),False,add - score,('add', 0.9),False,add",2450.27692307692,373.875020265439,Inf,6.55373263861626,1.60941835183897e-06,"rank,('add', 0.1),False,add","score,('add', 0.9),False,add"
"rank","rank,('add', 0.1),False,add - (score,('add', 0.9),False,all-sep)",2450.05384615385,373.875020265439,Inf,6.55313597686839,1.61586473740694e-06,"rank,('add', 0.1),False,add","(score,('add', 0.9),False,all-sep)"
"rank","rank,('add', 0.1),False,add - (score,('add', 0.9),False,all-uni)",2450.27692307692,373.875020265439,Inf,6.55373263861626,1.60941835183898e-06,"rank,('add', 0.1),False,add","(score,('add', 0.9),False,all-uni)"
"rank","rank,('add', 0.1),False,add - score,('add', 0.9),False,del",2450.27692307692,373.875020265439,Inf,6.55373263861626,1.60941835183897e-06,"rank,('add', 0.1),False,add","score,('add', 0.9),False,del"
"rank","rank,('add', 0.1),False,add - score,('add', 0.9),True,add",2455.81923076923,373.875020265439,Inf,6.5685565968694,1.45709664163839e-06,"rank,('add', 0.1),False,add","score,('add', 0.9),True,add"
"rank","rank,('add', 0.1),False,add - (score,('add', 0.9),True,all-sep)",2456.35,373.875020265439,Inf,6.56997624033848,1.44327199257798e-06,"rank,('add', 0.1),False,add","(score,('add', 0.9),True,all-sep)"
"rank","rank,('add', 0.1),False,add - (score,('add', 0.9),True,all-uni)",2455.81923076923,373.875020265439,Inf,6.5685565968694,1.45709664163839e-06,"rank,('add', 0.1),False,add","(score,('add', 0.9),True,all-uni)"
"rank","rank,('add', 0.1),False,add - score,('add', 0.9),True,del",2451.29230769231,373.875020265439,Inf,6.55644847829623,1.58039262806979e-06,"rank,('add', 0.1),False,add","score,('add', 0.9),True,del"
"rank","rank,('add', 0.1),False,add - score,mul,False,add",2708.15384615385,373.875020265439,Inf,7.24347361915526,1.25428063093626e-08,"rank,('add', 0.1),False,add","score,mul,False,add"
"rank","rank,('add', 0.1),False,add - (score,mul,False,all-sep)",3005.68461538461,373.875020265439,Inf,8.03927636901411,2.59182739988879e-11,"rank,('add', 0.1),False,add","(score,mul,False,all-sep)"
"rank","rank,('add', 0.1),False,add - (score,mul,False,all-uni)",2768.60769230769,373.875020265439,Inf,7.40516895282833,3.75660964177779e-09,"rank,('add', 0.1),False,add","(score,mul,False,all-uni)"
"rank","rank,('add', 0.1),False,add - score,mul,False,del",2768.60769230769,373.875020265439,Inf,7.40516895282833,3.75660964177784e-09,"rank,('add', 0.1),False,add","score,mul,False,del"
"rank","rank,('add', 0.1),False,add - score,mul,True,add",2222.32307692308,373.875020265439,Inf,5.94402663046411,7.97603391756208e-05,"rank,('add', 0.1),False,add","score,mul,True,add"
"rank","rank,('add', 0.1),False,add - (score,mul,True,all-sep)",2503.91538461538,373.875020265439,Inf,6.69719892716472,6.09313288549219e-07,"rank,('add', 0.1),False,add","(score,mul,True,all-sep)"
"rank","rank,('add', 0.1),False,add - (score,mul,True,all-uni)",2282.73846153846,373.875020265439,Inf,6.10561909142203,2.93691703013941e-05,"rank,('add', 0.1),False,add","(score,mul,True,all-uni)"
"rank","rank,('add', 0.1),False,add - score,mul,True,del",2798.85,373.875020265413,Inf,7.48605776875145,2.03551040055171e-09,"rank,('add', 0.1),False,add","score,mul,True,del"
"rank","(rank,('add', 0.1),False,all-sep) - (rank,('add', 0.3),True,all-sep)",2095.83076923077,373.875020265439,Inf,5.60569884487816,0.00059487006364296,"(rank,('add', 0.1),False,all-sep)","(rank,('add', 0.3),True,all-sep)"
"rank","(rank,('add', 0.1),False,all-sep) - rank,('add', 0.4),False,add",1915.18846153846,373.875020265439,Inf,5.12253656363226,0.00864566104182234,"(rank,('add', 0.1),False,all-sep)","rank,('add', 0.4),False,add"
"rank","(rank,('add', 0.1),False,all-sep) - (rank,('add', 0.4),False,all-sep)",2220.81538461539,373.875020265439,Inf,5.93999402003022,8.17473134786905e-05,"(rank,('add', 0.1),False,all-sep)","(rank,('add', 0.4),False,all-sep)"
"rank","(rank,('add', 0.1),False,all-sep) - (rank,('add', 0.4),False,all-uni)",1973.4,373.875020265439,Inf,5.27823441801207,0.00374086252173516,"(rank,('add', 0.1),False,all-sep)","(rank,('add', 0.4),False,all-uni)"
"rank","(rank,('add', 0.1),False,all-sep) - rank,('add', 0.4),False,del",1975.96538461538,373.875020265439,Inf,5.28509602811259,0.00360332175731173,"(rank,('add', 0.1),False,all-sep)","rank,('add', 0.4),False,del"
"rank","(rank,('add', 0.1),False,all-sep) - rank,('add', 0.4),True,add",2034.91923076923,373.875020265439,Inf,5.4427793258948,0.00150442701320305,"(rank,('add', 0.1),False,all-sep)","rank,('add', 0.4),True,add"
"rank","(rank,('add', 0.1),False,all-sep) - (rank,('add', 0.4),True,all-sep)",2449.83076923077,373.875020265439,Inf,6.55253931512052,1.6223363777185e-06,"(rank,('add', 0.1),False,all-sep)","(rank,('add', 0.4),True,all-sep)"
"rank","(rank,('add', 0.1),False,all-sep) - (rank,('add', 0.4),True,all-uni)",2034.91923076923,373.875020265439,Inf,5.4427793258948,0.00150442701320305,"(rank,('add', 0.1),False,all-sep)","(rank,('add', 0.4),True,all-uni)"
"rank","(rank,('add', 0.1),False,all-sep) - rank,('add', 0.4),True,del",2056.85384615385,373.875020265439,Inf,5.50144763534496,0.0010803339960951,"(rank,('add', 0.1),False,all-sep)","rank,('add', 0.4),True,del"
"rank","(rank,('add', 0.1),False,all-sep) - rank,('add', 0.5),False,add",2313.09615384615,373.875020265439,Inf,6.18681652549007,1.76070383973265e-05,"(rank,('add', 0.1),False,all-sep)","rank,('add', 0.5),False,add"
"rank","(rank,('add', 0.1),False,all-sep) - (rank,('add', 0.5),False,all-sep)",2322.89615384615,373.875020265439,Inf,6.21302849331034,1.4905862262262e-05,"(rank,('add', 0.1),False,all-sep)","(rank,('add', 0.5),False,all-sep)"
"rank","(rank,('add', 0.1),False,all-sep) - (rank,('add', 0.5),False,all-uni)",2373.59615384615,373.875020265439,Inf,6.34863530642133,6.23025176246887e-06,"(rank,('add', 0.1),False,all-sep)","(rank,('add', 0.5),False,all-uni)"
"rank","(rank,('add', 0.1),False,all-sep) - rank,('add', 0.5),False,del",2373.55,373.875020265439,Inf,6.34851185916314,6.23525227285045e-06,"(rank,('add', 0.1),False,all-sep)","rank,('add', 0.5),False,del"
"rank","(rank,('add', 0.1),False,all-sep) - rank,('add', 0.5),True,add",2170.31923076923,373.875020265439,Inf,5.80493243230954,0.000184676157191635,"(rank,('add', 0.1),False,all-sep)","rank,('add', 0.5),True,add"
"rank","(rank,('add', 0.1),False,all-sep) - (rank,('add', 0.5),True,all-sep)",2327.26923076923,373.875020265439,Inf,6.22472512102292,1.38352612642103e-05,"(rank,('add', 0.1),False,all-sep)","(rank,('add', 0.5),True,all-sep)"
"rank","(rank,('add', 0.1),False,all-sep) - (rank,('add', 0.5),True,all-uni)",2172.2,373.875020265439,Inf,5.80996290808038,0.000179211813218477,"(rank,('add', 0.1),False,all-sep)","(rank,('add', 0.5),True,all-uni)"
"rank","(rank,('add', 0.1),False,all-sep) - rank,('add', 0.5),True,del",2321.69230769231,373.875020265439,Inf,6.20980857732614,1.5214505454481e-05,"(rank,('add', 0.1),False,all-sep)","rank,('add', 0.5),True,del"
"rank","(rank,('add', 0.1),False,all-sep) - rank,('add', 0.6),False,add",2382.59615384615,373.875020265439,Inf,6.37270752176647,5.32644565031502e-06,"(rank,('add', 0.1),False,all-sep)","rank,('add', 0.6),False,add"
"rank","(rank,('add', 0.1),False,all-sep) - (rank,('add', 0.6),False,all-sep)",2355.35,373.875020265439,Inf,6.29983249035407,8.54570734591982e-06,"(rank,('add', 0.1),False,all-sep)","(rank,('add', 0.6),False,all-sep)"
"rank","(rank,('add', 0.1),False,all-sep) - (rank,('add', 0.6),False,all-uni)",2439.96153846154,373.875020265439,Inf,6.52614217641298,1.93547739538423e-06,"(rank,('add', 0.1),False,all-sep)","(rank,('add', 0.6),False,all-uni)"
"rank","(rank,('add', 0.1),False,all-sep) - rank,('add', 0.6),False,del",2442.72692307692,373.875020265439,Inf,6.53353872463228,1.84221894313591e-06,"(rank,('add', 0.1),False,all-sep)","rank,('add', 0.6),False,del"
"rank","(rank,('add', 0.1),False,all-sep) - rank,('add', 0.6),True,add",2027.9,373.875020265439,Inf,5.42400505537989,0.00167141970571537,"(rank,('add', 0.1),False,all-sep)","rank,('add', 0.6),True,add"
"rank","(rank,('add', 0.1),False,all-sep) - (rank,('add', 0.6),True,all-sep)",2269.66923076923,373.875020265439,Inf,6.07066294281399,3.65335287797658e-05,"(rank,('add', 0.1),False,all-sep)","(rank,('add', 0.6),True,all-sep)"
"rank","(rank,('add', 0.1),False,all-sep) - (rank,('add', 0.6),True,all-uni)",2027.9,373.875020265439,Inf,5.42400505537989,0.00167141970571537,"(rank,('add', 0.1),False,all-sep)","(rank,('add', 0.6),True,all-uni)"
"rank","(rank,('add', 0.1),False,all-sep) - rank,('add', 0.6),True,del",2359.28846153846,373.875020265439,Inf,6.31036665638545,7.98379984463029e-06,"(rank,('add', 0.1),False,all-sep)","rank,('add', 0.6),True,del"
"rank","(rank,('add', 0.1),False,all-sep) - rank,('add', 0.7),False,add",2396.06153846154,373.875020265439,Inf,6.40872325934055,4.20859714772238e-06,"(rank,('add', 0.1),False,all-sep)","rank,('add', 0.7),False,add"
"rank","(rank,('add', 0.1),False,all-sep) - (rank,('add', 0.7),False,all-sep)",2386.27307692308,373.875020265439,Inf,6.38254215333483,4.9952547039406e-06,"(rank,('add', 0.1),False,all-sep)","(rank,('add', 0.7),False,all-sep)"
"rank","(rank,('add', 0.1),False,all-sep) - (rank,('add', 0.7),False,all-uni)",2452.73461538462,373.875020265439,Inf,6.56030620511436,1.54004139410424e-06,"(rank,('add', 0.1),False,all-sep)","(rank,('add', 0.7),False,all-uni)"
"rank","(rank,('add', 0.1),False,all-sep) - rank,('add', 0.7),False,del",2482,373.875020265439,Inf,6.63858205407214,9.08338686522683e-07,"(rank,('add', 0.1),False,all-sep)","rank,('add', 0.7),False,del"
"rank","(rank,('add', 0.1),False,all-sep) - rank,('add', 0.7),True,add",2102.03846153846,373.875020265439,Inf,5.6223025011034,0.000540414181086845,"(rank,('add', 0.1),False,all-sep)","rank,('add', 0.7),True,add"
"rank","(rank,('add', 0.1),False,all-sep) - (rank,('add', 0.7),True,all-sep)",2271.15769230769,373.875020265439,Inf,6.07464411689031,3.56386265101059e-05,"(rank,('add', 0.1),False,all-sep)","(rank,('add', 0.7),True,all-sep)"
"rank","(rank,('add', 0.1),False,all-sep) - (rank,('add', 0.7),True,all-uni)",2093.32307692308,373.875020265439,Inf,5.59899154385037,0.000618347433667882,"(rank,('add', 0.1),False,all-sep)","(rank,('add', 0.7),True,all-uni)"
"rank","(rank,('add', 0.1),False,all-sep) - rank,('add', 0.7),True,del",2335.99615384615,373.875020265439,Inf,6.2480669400905,1.19183635358795e-05,"(rank,('add', 0.1),False,all-sep)","rank,('add', 0.7),True,del"
"rank","(rank,('add', 0.1),False,all-sep) - rank,('add', 0.8),False,add",2392.87692307692,373.875020265439,Inf,6.40020539852612,4.45022023772841e-06,"(rank,('add', 0.1),False,all-sep)","rank,('add', 0.8),False,add"
"rank","(rank,('add', 0.1),False,all-sep) - (rank,('add', 0.8),False,all-sep)",2362.46153846154,373.875020265439,Inf,6.31885365538534,7.55748594873764e-06,"(rank,('add', 0.1),False,all-sep)","(rank,('add', 0.8),False,all-sep)"
"rank","(rank,('add', 0.1),False,all-sep) - (rank,('add', 0.8),False,all-uni)",2392.87692307692,373.875020265439,Inf,6.40020539852611,4.45022023772846e-06,"(rank,('add', 0.1),False,all-sep)","(rank,('add', 0.8),False,all-uni)"
"rank","(rank,('add', 0.1),False,all-sep) - rank,('add', 0.8),False,del",2392.87692307692,373.875020265439,Inf,6.40020539852611,4.45022023772846e-06,"(rank,('add', 0.1),False,all-sep)","rank,('add', 0.8),False,del"
"rank","(rank,('add', 0.1),False,all-sep) - rank,('add', 0.8),True,add",2116.33461538462,373.875020265439,Inf,5.66054028932473,0.000432773042374267,"(rank,('add', 0.1),False,all-sep)","rank,('add', 0.8),True,add"
"rank","(rank,('add', 0.1),False,all-sep) - (rank,('add', 0.8),True,all-sep)",2294.51153846154,373.875020265439,Inf,6.1371084295295,2.41018202765064e-05,"(rank,('add', 0.1),False,all-sep)","(rank,('add', 0.8),True,all-sep)"
"rank","(rank,('add', 0.1),False,all-sep) - (rank,('add', 0.8),True,all-uni)",2116.33461538462,373.875020265439,Inf,5.66054028932473,0.000432773042374265,"(rank,('add', 0.1),False,all-sep)","(rank,('add', 0.8),True,all-uni)"
"rank","(rank,('add', 0.1),False,all-sep) - rank,('add', 0.8),True,del",2384.73076923077,373.875020265439,Inf,6.37841695745731,5.1316498941465e-06,"(rank,('add', 0.1),False,all-sep)","rank,('add', 0.8),True,del"
"rank","(rank,('add', 0.1),False,all-sep) - rank,('add', 0.9),False,add",2199.89615384615,373.875020265439,Inf,5.88404155026003,0.000114825329542028,"(rank,('add', 0.1),False,all-sep)","rank,('add', 0.9),False,add"
"rank","(rank,('add', 0.1),False,all-sep) - (rank,('add', 0.9),False,all-sep)",2149.64615384615,373.875020265439,Inf,5.74963834791631,0.000256498275799937,"(rank,('add', 0.1),False,all-sep)","(rank,('add', 0.9),False,all-sep)"
"rank","(rank,('add', 0.1),False,all-sep) - (rank,('add', 0.9),False,all-uni)",2173.81538461538,373.875020265439,Inf,5.81428356211669,0.00017464432578922,"(rank,('add', 0.1),False,all-sep)","(rank,('add', 0.9),False,all-uni)"
"rank","(rank,('add', 0.1),False,all-sep) - rank,('add', 0.9),False,del",2199.89615384615,373.875020265439,Inf,5.88404155026003,0.000114825329542028,"(rank,('add', 0.1),False,all-sep)","rank,('add', 0.9),False,del"
"rank","(rank,('add', 0.1),False,all-sep) - rank,('add', 0.9),True,add",2169.24230769231,373.875020265439,Inf,5.80205199628533,0.000187877630965469,"(rank,('add', 0.1),False,all-sep)","rank,('add', 0.9),True,add"
"rank","(rank,('add', 0.1),False,all-sep) - (rank,('add', 0.9),True,all-sep)",2265.35,373.875020265439,Inf,6.05911033690263,3.92561749188897e-05,"(rank,('add', 0.1),False,all-sep)","(rank,('add', 0.9),True,all-sep)"
"rank","(rank,('add', 0.1),False,all-sep) - (rank,('add', 0.9),True,all-uni)",2169.24230769231,373.875020265439,Inf,5.80205199628533,0.000187877630965469,"(rank,('add', 0.1),False,all-sep)","(rank,('add', 0.9),True,all-uni)"
"rank","(rank,('add', 0.1),False,all-sep) - rank,('add', 0.9),True,del",2140.40769230769,373.875020265439,Inf,5.72492832173723,0.000296773242367957,"(rank,('add', 0.1),False,all-sep)","rank,('add', 0.9),True,del"
"rank","(rank,('add', 0.1),False,all-sep) - (rank,mul,True,all-sep)",2160.97307692308,373.875020265439,Inf,5.77993436252804,0.000214324994677299,"(rank,('add', 0.1),False,all-sep)","(rank,mul,True,all-sep)"
"rank","(rank,('add', 0.1),False,all-sep) - score,('add', 0.1),False,add",2396.84230769231,373.875020265439,Inf,6.4108115754581,4.15134411197375e-06,"(rank,('add', 0.1),False,all-sep)","score,('add', 0.1),False,add"
"rank","(rank,('add', 0.1),False,all-sep) - (score,('add', 0.1),False,all-sep)",2590.44615384615,373.875020265439,Inf,6.92864196170962,1.21861220717356e-07,"(rank,('add', 0.1),False,all-sep)","(score,('add', 0.1),False,all-sep)"
"rank","(rank,('add', 0.1),False,all-sep) - (score,('add', 0.1),False,all-uni)",2335.85,373.875020265439,Inf,6.24767602377293,1.19482218685222e-05,"(rank,('add', 0.1),False,all-sep)","(score,('add', 0.1),False,all-uni)"
"rank","(rank,('add', 0.1),False,all-sep) - score,('add', 0.1),False,del",2460.48076923077,373.875020265439,Inf,6.58102476994561,1.33997758636156e-06,"(rank,('add', 0.1),False,all-sep)","score,('add', 0.1),False,del"
"rank","(rank,('add', 0.1),False,all-sep) - score,('add', 0.1),True,add",1940.19230769231,373.875020265439,Inf,5.1894141157514,0.00605024027292098,"(rank,('add', 0.1),False,all-sep)","score,('add', 0.1),True,add"
"rank","(rank,('add', 0.1),False,all-sep) - (score,('add', 0.1),True,all-sep)",2429.62307692308,373.875020265439,Inf,6.49848999058061,2.32681390591121e-06,"(rank,('add', 0.1),False,all-sep)","(score,('add', 0.1),True,all-sep)"
"rank","(rank,('add', 0.1),False,all-sep) - (score,('add', 0.1),True,all-uni)",1938.93461538462,373.875020265439,Inf,5.18605017796598,0.00616049145904972,"(rank,('add', 0.1),False,all-sep)","(score,('add', 0.1),True,all-uni)"
"rank","(rank,('add', 0.1),False,all-sep) - score,('add', 0.1),True,del",2460.85384615385,373.875020265439,Inf,6.58202263528256,1.33101272908393e-06,"(rank,('add', 0.1),False,all-sep)","score,('add', 0.1),True,del"
"rank","(rank,('add', 0.1),False,all-sep) - score,('add', 0.2),False,add",2445,373.875020265439,Inf,6.53961850209765,1.76886642204182e-06,"(rank,('add', 0.1),False,all-sep)","score,('add', 0.2),False,add"
"rank","(rank,('add', 0.1),False,all-sep) - (score,('add', 0.2),False,all-sep)",2402.51923076923,373.875020265439,Inf,6.42599558821427,3.75734391192511e-06,"(rank,('add', 0.1),False,all-sep)","(score,('add', 0.2),False,all-sep)"
"rank","(rank,('add', 0.1),False,all-sep) - (score,('add', 0.2),False,all-uni)",2429.76153846154,373.875020265439,Inf,6.49886033235515,2.3210939773055e-06,"(rank,('add', 0.1),False,all-sep)","(score,('add', 0.2),False,all-uni)"
"rank","(rank,('add', 0.1),False,all-sep) - score,('add', 0.2),False,del",2445.13076923077,373.875020265439,Inf,6.53996826932917,1.76473451708e-06,"(rank,('add', 0.1),False,all-sep)","score,('add', 0.2),False,del"
"rank","(rank,('add', 0.1),False,all-sep) - score,('add', 0.2),True,add",2074.14230769231,373.875020265439,Inf,5.54768892080497,0.000830200845317583,"(rank,('add', 0.1),False,all-sep)","score,('add', 0.2),True,add"
"rank","(rank,('add', 0.1),False,all-sep) - (score,('add', 0.2),True,all-sep)",2415.5,373.875020265439,Inf,6.46071512957746,2.98872358514346e-06,"(rank,('add', 0.1),False,all-sep)","(score,('add', 0.2),True,all-sep)"
"rank","(rank,('add', 0.1),False,all-sep) - (score,('add', 0.2),True,all-uni)",2048.06153846154,373.875020265439,Inf,5.47793093266162,0.00123418078292758,"(rank,('add', 0.1),False,all-sep)","(score,('add', 0.2),True,all-uni)"
"rank","(rank,('add', 0.1),False,all-sep) - score,('add', 0.2),True,del",2469.28846153846,373.875020265439,Inf,6.604582621715,1.14329619380302e-06,"(rank,('add', 0.1),False,all-sep)","score,('add', 0.2),True,del"
"rank","(rank,('add', 0.1),False,all-sep) - score,('add', 0.3),False,add",2272.43076923077,373.875020265439,Inf,6.07804920376178,3.48902038004898e-05,"(rank,('add', 0.1),False,all-sep)","score,('add', 0.3),False,add"
"rank","(rank,('add', 0.1),False,all-sep) - (score,('add', 0.3),False,all-sep)",2060.97307692308,373.875020265439,Inf,5.51246530313754,0.00101481874766126,"(rank,('add', 0.1),False,all-sep)","(score,('add', 0.3),False,all-sep)"
"rank","(rank,('add', 0.1),False,all-sep) - (score,('add', 0.3),False,all-uni)",2272.43076923077,373.875020265439,Inf,6.07804920376178,3.489020380049e-05,"(rank,('add', 0.1),False,all-sep)","(score,('add', 0.3),False,all-uni)"
"rank","(rank,('add', 0.1),False,all-sep) - score,('add', 0.3),False,del",2272.56923076923,373.875020265439,Inf,6.07841954553632,3.48097342253723e-05,"(rank,('add', 0.1),False,all-sep)","score,('add', 0.3),False,del"
"rank","(rank,('add', 0.1),False,all-sep) - score,('add', 0.3),True,add",2178.04230769231,373.875020265439,Inf,5.82558927351169,0.000163221971258282,"(rank,('add', 0.1),False,all-sep)","score,('add', 0.3),True,add"
"rank","(rank,('add', 0.1),False,all-sep) - (score,('add', 0.3),True,all-sep)",2226.3,373.875020265439,Inf,5.95466366921064,7.47421475110268e-05,"(rank,('add', 0.1),False,all-sep)","(score,('add', 0.3),True,all-sep)"
"rank","(rank,('add', 0.1),False,all-sep) - (score,('add', 0.3),True,all-uni)",2151.96153846154,373.875020265439,Inf,5.75583128536835,0.000247268810704414,"(rank,('add', 0.1),False,all-sep)","(score,('add', 0.3),True,all-uni)"
"rank","(rank,('add', 0.1),False,all-sep) - score,('add', 0.3),True,del",2367.60769230769,373.875020265439,Inf,6.33261802467244,6.91290602498744e-06,"(rank,('add', 0.1),False,all-sep)","score,('add', 0.3),True,del"
"rank","(rank,('add', 0.1),False,all-sep) - score,('add', 0.4),False,add",2078.7,373.875020265439,Inf,5.55987933755026,0.000774248796011134,"(rank,('add', 0.1),False,all-sep)","score,('add', 0.4),False,add"
"rank","(rank,('add', 0.1),False,all-sep) - (score,('add', 0.4),False,all-sep)",2118.84615384615,373.875020265439,Inf,5.66725787762403,0.000416149324717692,"(rank,('add', 0.1),False,all-sep)","(score,('add', 0.4),False,all-sep)"
"rank","(rank,('add', 0.1),False,all-sep) - (score,('add', 0.4),False,all-uni)",2078.7,373.875020265439,Inf,5.55987933755026,0.000774248796011134,"(rank,('add', 0.1),False,all-sep)","(score,('add', 0.4),False,all-uni)"
"rank","(rank,('add', 0.1),False,all-sep) - score,('add', 0.4),False,del",2087.80384615385,373.875020265439,Inf,5.58422930922631,0.000673230927668364,"(rank,('add', 0.1),False,all-sep)","score,('add', 0.4),False,del"
"rank","(rank,('add', 0.1),False,all-sep) - score,('add', 0.4),True,add",2081.38461538462,373.875020265439,Inf,5.56705985306775,0.000743022586902501,"(rank,('add', 0.1),False,all-sep)","score,('add', 0.4),True,add"
"rank","(rank,('add', 0.1),False,all-sep) - (score,('add', 0.4),True,all-sep)",2205.01923076923,373.875020265439,Inf,5.89774419591804,0.000105687139116625,"(rank,('add', 0.1),False,all-sep)","(score,('add', 0.4),True,all-sep)"
"rank","(rank,('add', 0.1),False,all-sep) - (score,('add', 0.4),True,all-uni)",2055.30384615385,373.875020265439,Inf,5.4973018649244,0.00110603339186507,"(rank,('add', 0.1),False,all-sep)","(score,('add', 0.4),True,all-uni)"
"rank","(rank,('add', 0.1),False,all-sep) - score,('add', 0.4),True,del",2242.35384615385,373.875020265439,Inf,5.99760274051433,5.74321792079992e-05,"(rank,('add', 0.1),False,all-sep)","score,('add', 0.4),True,del"
"rank","(rank,('add', 0.1),False,all-sep) - score,('add', 0.5),False,add",2058.08846153846,373.875020265439,Inf,5.50474984950128,0.00106027900927535,"(rank,('add', 0.1),False,all-sep)","score,('add', 0.5),False,add"
"rank","(rank,('add', 0.1),False,all-sep) - (score,('add', 0.5),False,all-sep)",2128.08461538462,373.875020265439,Inf,5.69196790380311,0.000360173377086424,"(rank,('add', 0.1),False,all-sep)","(score,('add', 0.5),False,all-sep)"
"rank","(rank,('add', 0.1),False,all-sep) - (score,('add', 0.5),False,all-uni)",2058.08846153846,373.875020265439,Inf,5.50474984950128,0.00106027900927535,"(rank,('add', 0.1),False,all-sep)","(score,('add', 0.5),False,all-uni)"
"rank","(rank,('add', 0.1),False,all-sep) - score,('add', 0.5),False,del",2084.16923076923,373.875020265439,Inf,5.57450783764462,0.000711925449140331,"(rank,('add', 0.1),False,all-sep)","score,('add', 0.5),False,del"
"rank","(rank,('add', 0.1),False,all-sep) - score,('add', 0.5),True,add",2114.78076923077,373.875020265439,Inf,5.65638423163266,0.000443378947389213,"(rank,('add', 0.1),False,all-sep)","score,('add', 0.5),True,add"
"rank","(rank,('add', 0.1),False,all-sep) - (score,('add', 0.5),True,all-sep)",2176.69615384615,373.875020265439,Inf,5.82198872848144,0.000166778422012902,"(rank,('add', 0.1),False,all-sep)","(score,('add', 0.5),True,all-sep)"
"rank","(rank,('add', 0.1),False,all-sep) - (score,('add', 0.5),True,all-uni)",2114.78076923077,373.875020265439,Inf,5.65638423163266,0.000443378947389213,"(rank,('add', 0.1),False,all-sep)","(score,('add', 0.5),True,all-uni)"
"rank","(rank,('add', 0.1),False,all-sep) - score,('add', 0.5),True,del",2126.37307692308,373.875020265439,Inf,5.68739006797893,0.000369959344791437,"(rank,('add', 0.1),False,all-sep)","score,('add', 0.5),True,del"
"rank","(rank,('add', 0.1),False,all-sep) - score,('add', 0.6),False,add",2111.4,373.875020265439,Inf,5.64734171997096,0.000467334115011521,"(rank,('add', 0.1),False,all-sep)","score,('add', 0.6),False,add"
"rank","(rank,('add', 0.1),False,all-sep) - (score,('add', 0.6),False,all-sep)",2142.65,373.875020265439,Inf,5.73092580103049,0.000286467183653064,"(rank,('add', 0.1),False,all-sep)","(score,('add', 0.6),False,all-sep)"
"rank","(rank,('add', 0.1),False,all-sep) - (score,('add', 0.6),False,all-uni)",2111.4,373.875020265439,Inf,5.64734171997096,0.000467334115011521,"(rank,('add', 0.1),False,all-sep)","(score,('add', 0.6),False,all-uni)"
"rank","(rank,('add', 0.1),False,all-sep) - score,('add', 0.6),False,del",2111.4,373.875020265439,Inf,5.64734171997096,0.000467334115011521,"(rank,('add', 0.1),False,all-sep)","score,('add', 0.6),False,del"
"rank","(rank,('add', 0.1),False,all-sep) - score,('add', 0.6),True,add",2211.1,373.875020265439,Inf,5.91400837218328,9.57570428459795e-05,"(rank,('add', 0.1),False,all-sep)","score,('add', 0.6),True,add"
"rank","(rank,('add', 0.1),False,all-sep) - (score,('add', 0.6),True,all-sep)",2224.34230769231,373.875020265439,Inf,5.94942744800949,7.71727410396401e-05,"(rank,('add', 0.1),False,all-sep)","(score,('add', 0.6),True,all-sep)"
"rank","(rank,('add', 0.1),False,all-sep) - (score,('add', 0.6),True,all-uni)",2211.08461538462,373.875020265439,Inf,5.91396722309722,9.57809815150698e-05,"(rank,('add', 0.1),False,all-sep)","(score,('add', 0.6),True,all-uni)"
"rank","(rank,('add', 0.1),False,all-sep) - score,('add', 0.6),True,del",2206.83846153846,373.875020265439,Inf,5.90261007534464,0.000102615673255275,"(rank,('add', 0.1),False,all-sep)","score,('add', 0.6),True,del"
"rank","(rank,('add', 0.1),False,all-sep) - score,('add', 0.7),False,add",2142.26153846154,373.875020265439,Inf,5.72988678660747,0.000288227361935358,"(rank,('add', 0.1),False,all-sep)","score,('add', 0.7),False,add"
"rank","(rank,('add', 0.1),False,all-sep) - (score,('add', 0.7),False,all-sep)",2163.78076923077,373.875020265439,Inf,5.787444070734,0.000204962969730696,"(rank,('add', 0.1),False,all-sep)","(score,('add', 0.7),False,all-sep)"
"rank","(rank,('add', 0.1),False,all-sep) - (score,('add', 0.7),False,all-uni)",2142.26153846154,373.875020265439,Inf,5.72988678660747,0.000288227361935358,"(rank,('add', 0.1),False,all-sep)","(score,('add', 0.7),False,all-uni)"
"rank","(rank,('add', 0.1),False,all-sep) - score,('add', 0.7),False,del",2142.26153846154,373.875020265439,Inf,5.72988678660747,0.000288227361935358,"(rank,('add', 0.1),False,all-sep)","score,('add', 0.7),False,del"
"rank","(rank,('add', 0.1),False,all-sep) - score,('add', 0.7),True,add",2224.76923076923,373.875020265439,Inf,5.95056933514766,7.66362133258771e-05,"(rank,('add', 0.1),False,all-sep)","score,('add', 0.7),True,add"
"rank","(rank,('add', 0.1),False,all-sep) - (score,('add', 0.7),True,all-sep)",2270.45,373.875020265439,Inf,6.07275125893154,3.60614124041691e-05,"(rank,('add', 0.1),False,all-sep)","(score,('add', 0.7),True,all-sep)"
"rank","(rank,('add', 0.1),False,all-sep) - (score,('add', 0.7),True,all-uni)",2224.73846153846,373.875020265439,Inf,5.95048703697554,7.66747602104566e-05,"(rank,('add', 0.1),False,all-sep)","(score,('add', 0.7),True,all-uni)"
"rank","(rank,('add', 0.1),False,all-sep) - score,('add', 0.7),True,del",2137.66923076923,373.875020265439,Inf,5.71760378441854,0.000309849229669326,"(rank,('add', 0.1),False,all-sep)","score,('add', 0.7),True,del"
"rank","(rank,('add', 0.1),False,all-sep) - score,('add', 0.8),False,add",2198.52692307692,373.875020265439,Inf,5.88037928160068,0.000117395111662566,"(rank,('add', 0.1),False,all-sep)","score,('add', 0.8),False,add"
"rank","(rank,('add', 0.1),False,all-sep) - (score,('add', 0.8),False,all-sep)",2191.9,373.875020265439,Inf,5.86265431278031,0.00013064483859521,"(rank,('add', 0.1),False,all-sep)","(score,('add', 0.8),False,all-sep)"
"rank","(rank,('add', 0.1),False,all-sep) - (score,('add', 0.8),False,all-uni)",2198.52692307692,373.875020265439,Inf,5.88037928160068,0.000117395111662566,"(rank,('add', 0.1),False,all-sep)","(score,('add', 0.8),False,all-uni)"
"rank","(rank,('add', 0.1),False,all-sep) - score,('add', 0.8),False,del",2198.52692307692,373.875020265439,Inf,5.88037928160068,0.000117395111662566,"(rank,('add', 0.1),False,all-sep)","score,('add', 0.8),False,del"
"rank","(rank,('add', 0.1),False,all-sep) - score,('add', 0.8),True,add",2188.84615384615,373.875020265439,Inf,5.85448621919738,0.000137230037962475,"(rank,('add', 0.1),False,all-sep)","score,('add', 0.8),True,add"
"rank","(rank,('add', 0.1),False,all-sep) - (score,('add', 0.8),True,all-sep)",2196.57692307692,373.875020265439,Inf,5.87516363494257,0.000121151739370304,"(rank,('add', 0.1),False,all-sep)","(score,('add', 0.8),True,all-sep)"
"rank","(rank,('add', 0.1),False,all-sep) - (score,('add', 0.8),True,all-uni)",2188.84615384615,373.875020265439,Inf,5.85448621919738,0.000137230037962475,"(rank,('add', 0.1),False,all-sep)","(score,('add', 0.8),True,all-uni)"
"rank","(rank,('add', 0.1),False,all-sep) - score,('add', 0.8),True,del",2138.73846153846,373.875020265439,Inf,5.72046364589971,0.000304678416825659,"(rank,('add', 0.1),False,all-sep)","score,('add', 0.8),True,del"
"rank","(rank,('add', 0.1),False,all-sep) - score,('add', 0.9),False,add",2182.49615384615,373.875020265439,Inf,5.83750193392608,0.000151973254546598,"(rank,('add', 0.1),False,all-sep)","score,('add', 0.9),False,add"
"rank","(rank,('add', 0.1),False,all-sep) - (score,('add', 0.9),False,all-sep)",2182.27307692308,373.875020265439,Inf,5.83690527217821,0.000152518260722341,"(rank,('add', 0.1),False,all-sep)","(score,('add', 0.9),False,all-sep)"
"rank","(rank,('add', 0.1),False,all-sep) - (score,('add', 0.9),False,all-uni)",2182.49615384615,373.875020265439,Inf,5.83750193392608,0.000151973254546598,"(rank,('add', 0.1),False,all-sep)","(score,('add', 0.9),False,all-uni)"
"rank","(rank,('add', 0.1),False,all-sep) - score,('add', 0.9),False,del",2182.49615384615,373.875020265439,Inf,5.83750193392608,0.000151973254546598,"(rank,('add', 0.1),False,all-sep)","score,('add', 0.9),False,del"
"rank","(rank,('add', 0.1),False,all-sep) - score,('add', 0.9),True,add",2188.03846153846,373.875020265439,Inf,5.85232589217923,0.000139025036254368,"(rank,('add', 0.1),False,all-sep)","score,('add', 0.9),True,add"
"rank","(rank,('add', 0.1),False,all-sep) - (score,('add', 0.9),True,all-sep)",2188.56923076923,373.875020265439,Inf,5.8537455356483,0.000137842910574272,"(rank,('add', 0.1),False,all-sep)","(score,('add', 0.9),True,all-sep)"
"rank","(rank,('add', 0.1),False,all-sep) - (score,('add', 0.9),True,all-uni)",2188.03846153846,373.875020265439,Inf,5.85232589217923,0.000139025036254368,"(rank,('add', 0.1),False,all-sep)","(score,('add', 0.9),True,all-uni)"
"rank","(rank,('add', 0.1),False,all-sep) - score,('add', 0.9),True,del",2183.51153846154,373.875020265439,Inf,5.84021777360605,0.000149516384072411,"(rank,('add', 0.1),False,all-sep)","score,('add', 0.9),True,del"
"rank","(rank,('add', 0.1),False,all-sep) - score,mul,False,add",2440.37307692308,373.875020265439,Inf,6.52724291446509,1.92131203294381e-06,"(rank,('add', 0.1),False,all-sep)","score,mul,False,add"
"rank","(rank,('add', 0.1),False,all-sep) - (score,mul,False,all-sep)",2737.90384615385,373.875020265439,Inf,7.32304566432394,6.95218303907853e-09,"(rank,('add', 0.1),False,all-sep)","(score,mul,False,all-sep)"
"rank","(rank,('add', 0.1),False,all-sep) - (score,mul,False,all-uni)",2500.82692307692,373.875020265439,Inf,6.68893824813816,6.4471365796455e-07,"(rank,('add', 0.1),False,all-sep)","(score,mul,False,all-uni)"
"rank","(rank,('add', 0.1),False,all-sep) - score,mul,False,del",2500.82692307692,373.875020265439,Inf,6.68893824813816,6.4471365796455e-07,"(rank,('add', 0.1),False,all-sep)","score,mul,False,del"
"rank","(rank,('add', 0.1),False,all-sep) - score,mul,True,add",1954.54230769231,373.875020265439,Inf,5.22779592577393,0.00491984462035637,"(rank,('add', 0.1),False,all-sep)","score,mul,True,add"
"rank","(rank,('add', 0.1),False,all-sep) - (score,mul,True,all-sep)",2236.13461538462,373.875020265439,Inf,5.98096822247454,6.36165847001226e-05,"(rank,('add', 0.1),False,all-sep)","(score,mul,True,all-sep)"
"rank","(rank,('add', 0.1),False,all-sep) - (score,mul,True,all-uni)",2014.95769230769,373.875020265439,Inf,5.38938838673185,0.00202761493413397,"(rank,('add', 0.1),False,all-sep)","(score,mul,True,all-uni)"
"rank","(rank,('add', 0.1),False,all-sep) - score,mul,True,del",2531.06923076923,373.875020265413,Inf,6.76982706406122,3.69789655231004e-07,"(rank,('add', 0.1),False,all-sep)","score,mul,True,del"
"rank","(rank,('add', 0.1),False,all-uni) - (rank,('add', 0.3),False,all-sep)",1856.47307692308,373.875020265439,Inf,4.96549107668397,0.0196536709573575,"(rank,('add', 0.1),False,all-uni)","(rank,('add', 0.3),False,all-sep)"
"rank","(rank,('add', 0.1),False,all-uni) - rank,('add', 0.3),False,del",1811.76923076923,373.875020265439,Inf,4.84592211986491,0.0361439554909362,"(rank,('add', 0.1),False,all-uni)","rank,('add', 0.3),False,del"
"rank","(rank,('add', 0.1),False,all-uni) - rank,('add', 0.3),True,add",1884.46153846154,373.875020265439,Inf,5.04035155149877,0.0133269493954448,"(rank,('add', 0.1),False,all-uni)","rank,('add', 0.3),True,add"
"rank","(rank,('add', 0.1),False,all-uni) - (rank,('add', 0.3),True,all-sep)",2288.96153846154,373.875020265439,Inf,6.12226389673333,2.64587514035053e-05,"(rank,('add', 0.1),False,all-uni)","(rank,('add', 0.3),True,all-sep)"
"rank","(rank,('add', 0.1),False,all-uni) - (rank,('add', 0.3),True,all-uni)",1884.46153846154,373.875020265439,Inf,5.04035155149877,0.0133269493954448,"(rank,('add', 0.1),False,all-uni)","(rank,('add', 0.3),True,all-uni)"
"rank","(rank,('add', 0.1),False,all-uni) - rank,('add', 0.3),True,del",1808.4,373.875020265439,Inf,4.83691047001775,0.0378211159605335,"(rank,('add', 0.1),False,all-uni)","rank,('add', 0.3),True,del"
"rank","(rank,('add', 0.1),False,all-uni) - rank,('add', 0.4),False,add",2108.31923076923,373.875020265439,Inf,5.63910161548743,0.000490254899419799,"(rank,('add', 0.1),False,all-uni)","rank,('add', 0.4),False,add"
"rank","(rank,('add', 0.1),False,all-uni) - (rank,('add', 0.4),False,all-sep)",2413.94615384615,373.875020265439,Inf,6.45655907188539,3.07192581569856e-06,"(rank,('add', 0.1),False,all-uni)","(rank,('add', 0.4),False,all-sep)"
"rank","(rank,('add', 0.1),False,all-uni) - (rank,('add', 0.4),False,all-uni)",2166.53076923077,373.875020265439,Inf,5.79479946986724,0.000196179412240899,"(rank,('add', 0.1),False,all-uni)","(rank,('add', 0.4),False,all-uni)"
"rank","(rank,('add', 0.1),False,all-uni) - rank,('add', 0.4),False,del",2169.09615384615,373.875020265439,Inf,5.80166107996776,0.000188316255292676,"(rank,('add', 0.1),False,all-uni)","rank,('add', 0.4),False,del"
"rank","(rank,('add', 0.1),False,all-uni) - rank,('add', 0.4),True,add",2228.05,373.875020265439,Inf,5.95934437774997,7.26326458709339e-05,"(rank,('add', 0.1),False,all-uni)","rank,('add', 0.4),True,add"
"rank","(rank,('add', 0.1),False,all-uni) - (rank,('add', 0.4),True,all-sep)",2642.96153846154,373.875020265439,Inf,7.06910436697569,4.47226857089638e-08,"(rank,('add', 0.1),False,all-uni)","(rank,('add', 0.4),True,all-sep)"
"rank","(rank,('add', 0.1),False,all-uni) - (rank,('add', 0.4),True,all-uni)",2228.05,373.875020265439,Inf,5.95934437774997,7.26326458709343e-05,"(rank,('add', 0.1),False,all-uni)","(rank,('add', 0.4),True,all-uni)"
"rank","(rank,('add', 0.1),False,all-uni) - rank,('add', 0.4),True,del",2249.98461538462,373.875020265439,Inf,6.01801268720013,5.06406654600887e-05,"(rank,('add', 0.1),False,all-uni)","rank,('add', 0.4),True,del"
"rank","(rank,('add', 0.1),False,all-uni) - rank,('add', 0.5),False,add",2506.22692307692,373.875020265439,Inf,6.70338157734525,5.84070344110633e-07,"(rank,('add', 0.1),False,all-uni)","rank,('add', 0.5),False,add"
"rank","(rank,('add', 0.1),False,all-uni) - (rank,('add', 0.5),False,all-sep)",2516.02692307692,373.875020265439,Inf,6.72959354516551,4.87954857159644e-07,"(rank,('add', 0.1),False,all-uni)","(rank,('add', 0.5),False,all-sep)"
"rank","(rank,('add', 0.1),False,all-uni) - (rank,('add', 0.5),False,all-uni)",2566.72692307692,373.875020265439,Inf,6.8652003582765,1.90429450927266e-07,"(rank,('add', 0.1),False,all-uni)","(rank,('add', 0.5),False,all-uni)"
"rank","(rank,('add', 0.1),False,all-uni) - rank,('add', 0.5),False,del",2566.68076923077,373.875020265439,Inf,6.86507691101831,1.90594200124126e-07,"(rank,('add', 0.1),False,all-uni)","rank,('add', 0.5),False,del"
"rank","(rank,('add', 0.1),False,all-uni) - rank,('add', 0.5),True,add",2363.45,373.875020265439,Inf,6.32149748416471,7.42928430223135e-06,"(rank,('add', 0.1),False,all-uni)","rank,('add', 0.5),True,add"
"rank","(rank,('add', 0.1),False,all-uni) - (rank,('add', 0.5),True,all-sep)",2520.4,373.875020265439,Inf,6.74129017287809,4.5023678128746e-07,"(rank,('add', 0.1),False,all-uni)","(rank,('add', 0.5),True,all-sep)"
"rank","(rank,('add', 0.1),False,all-uni) - (rank,('add', 0.5),True,all-uni)",2365.33076923077,373.875020265439,Inf,6.32652795993555,7.19119121355138e-06,"(rank,('add', 0.1),False,all-uni)","(rank,('add', 0.5),True,all-uni)"
"rank","(rank,('add', 0.1),False,all-uni) - rank,('add', 0.5),True,del",2514.82307692308,373.875020265439,Inf,6.72637362918131,4.98870177249043e-07,"(rank,('add', 0.1),False,all-uni)","rank,('add', 0.5),True,del"
"rank","(rank,('add', 0.1),False,all-uni) - rank,('add', 0.6),False,add",2575.72692307692,373.875020265439,Inf,6.88927257362164,1.60832847424109e-07,"(rank,('add', 0.1),False,all-uni)","rank,('add', 0.6),False,add"
"rank","(rank,('add', 0.1),False,all-uni) - (rank,('add', 0.6),False,all-sep)",2548.48076923077,373.875020265439,Inf,6.81639754220925,2.67732814720312e-07,"(rank,('add', 0.1),False,all-uni)","(rank,('add', 0.6),False,all-sep)"
"rank","(rank,('add', 0.1),False,all-uni) - (rank,('add', 0.6),False,all-uni)",2633.09230769231,373.875020265439,Inf,7.04270722826815,5.4073307019829e-08,"(rank,('add', 0.1),False,all-uni)","(rank,('add', 0.6),False,all-uni)"
"rank","(rank,('add', 0.1),False,all-uni) - rank,('add', 0.6),False,del",2635.85769230769,373.875020265439,Inf,7.05010377648745,5.1275366596138e-08,"(rank,('add', 0.1),False,all-uni)","rank,('add', 0.6),False,del"
"rank","(rank,('add', 0.1),False,all-uni) - rank,('add', 0.6),True,add",2221.03076923077,373.875020265439,Inf,5.94057010723506,8.14605369565471e-05,"(rank,('add', 0.1),False,all-uni)","rank,('add', 0.6),True,add"
"rank","(rank,('add', 0.1),False,all-uni) - (rank,('add', 0.6),True,all-sep)",2462.8,373.875020265439,Inf,6.58722799466916,1.28519066162774e-06,"(rank,('add', 0.1),False,all-uni)","(rank,('add', 0.6),True,all-sep)"
"rank","(rank,('add', 0.1),False,all-uni) - (rank,('add', 0.6),True,all-uni)",2221.03076923077,373.875020265439,Inf,5.94057010723506,8.1460536956548e-05,"(rank,('add', 0.1),False,all-uni)","(rank,('add', 0.6),True,all-uni)"
"rank","(rank,('add', 0.1),False,all-uni) - rank,('add', 0.6),True,del",2552.41923076923,373.875020265439,Inf,6.82693170824063,2.48798899249578e-07,"(rank,('add', 0.1),False,all-uni)","rank,('add', 0.6),True,del"
"rank","(rank,('add', 0.1),False,all-uni) - rank,('add', 0.7),False,add",2589.19230769231,373.875020265439,Inf,6.92528831119572,1.24783380441864e-07,"(rank,('add', 0.1),False,all-uni)","rank,('add', 0.7),False,add"
"rank","(rank,('add', 0.1),False,all-uni) - (rank,('add', 0.7),False,all-sep)",2579.40384615385,373.875020265439,Inf,6.89910720519,1.50083501788377e-07,"(rank,('add', 0.1),False,all-uni)","(rank,('add', 0.7),False,all-sep)"
"rank","(rank,('add', 0.1),False,all-uni) - (rank,('add', 0.7),False,all-uni)",2645.86538461538,373.875020265439,Inf,7.07687125696953,4.22873386895931e-08,"(rank,('add', 0.1),False,all-uni)","(rank,('add', 0.7),False,all-uni)"
"rank","(rank,('add', 0.1),False,all-uni) - rank,('add', 0.7),False,del",2675.13076923077,373.875020265439,Inf,7.15514710592731,2.39716736093743e-08,"(rank,('add', 0.1),False,all-uni)","rank,('add', 0.7),False,del"
"rank","(rank,('add', 0.1),False,all-uni) - rank,('add', 0.7),True,add",2295.16923076923,373.875020265439,Inf,6.13886755295857,2.38364711090316e-05,"(rank,('add', 0.1),False,all-uni)","rank,('add', 0.7),True,add"
"rank","(rank,('add', 0.1),False,all-uni) - (rank,('add', 0.7),True,all-sep)",2464.28846153846,373.875020265439,Inf,6.59120916874548,1.2511900496461e-06,"(rank,('add', 0.1),False,all-uni)","(rank,('add', 0.7),True,all-sep)"
"rank","(rank,('add', 0.1),False,all-uni) - (rank,('add', 0.7),True,all-uni)",2286.45384615385,373.875020265439,Inf,6.11555659570554,2.75960466660336e-05,"(rank,('add', 0.1),False,all-uni)","(rank,('add', 0.7),True,all-uni)"
"rank","(rank,('add', 0.1),False,all-uni) - rank,('add', 0.7),True,del",2529.12692307692,373.875020265439,Inf,6.76463199194567,3.83303809994637e-07,"(rank,('add', 0.1),False,all-uni)","rank,('add', 0.7),True,del"
"rank","(rank,('add', 0.1),False,all-uni) - rank,('add', 0.8),False,add",2586.00769230769,373.875020265439,Inf,6.91677045038129,1.32517623858737e-07,"(rank,('add', 0.1),False,all-uni)","rank,('add', 0.8),False,add"
"rank","(rank,('add', 0.1),False,all-uni) - (rank,('add', 0.8),False,all-sep)",2555.59230769231,373.875020265439,Inf,6.83541870724052,2.34504473553131e-07,"(rank,('add', 0.1),False,all-uni)","(rank,('add', 0.8),False,all-sep)"
"rank","(rank,('add', 0.1),False,all-uni) - (rank,('add', 0.8),False,all-uni)",2586.00769230769,373.875020265439,Inf,6.91677045038129,1.32517623858737e-07,"(rank,('add', 0.1),False,all-uni)","(rank,('add', 0.8),False,all-uni)"
"rank","(rank,('add', 0.1),False,all-uni) - rank,('add', 0.8),False,del",2586.00769230769,373.875020265439,Inf,6.91677045038129,1.32517623858737e-07,"(rank,('add', 0.1),False,all-uni)","rank,('add', 0.8),False,del"
"rank","(rank,('add', 0.1),False,all-uni) - rank,('add', 0.8),True,add",2309.46538461539,373.875020265439,Inf,6.1771053411799,1.87244592389825e-05,"(rank,('add', 0.1),False,all-uni)","rank,('add', 0.8),True,add"
"rank","(rank,('add', 0.1),False,all-uni) - (rank,('add', 0.8),True,all-sep)",2487.64230769231,373.875020265439,Inf,6.65367348138467,8.19865118474589e-07,"(rank,('add', 0.1),False,all-uni)","(rank,('add', 0.8),True,all-sep)"
"rank","(rank,('add', 0.1),False,all-uni) - (rank,('add', 0.8),True,all-uni)",2309.46538461539,373.875020265439,Inf,6.1771053411799,1.87244592389825e-05,"(rank,('add', 0.1),False,all-uni)","(rank,('add', 0.8),True,all-uni)"
"rank","(rank,('add', 0.1),False,all-uni) - rank,('add', 0.8),True,del",2577.86153846154,373.875020265439,Inf,6.89498200931248,1.54503807532993e-07,"(rank,('add', 0.1),False,all-uni)","rank,('add', 0.8),True,del"
"rank","(rank,('add', 0.1),False,all-uni) - rank,('add', 0.9),False,add",2393.02692307692,373.875020265439,Inf,6.4006066021152,4.43854126518276e-06,"(rank,('add', 0.1),False,all-uni)","rank,('add', 0.9),False,add"
"rank","(rank,('add', 0.1),False,all-uni) - (rank,('add', 0.9),False,all-sep)",2342.77692307692,373.875020265439,Inf,6.26620339977148,1.06103677426467e-05,"(rank,('add', 0.1),False,all-uni)","(rank,('add', 0.9),False,all-sep)"
"rank","(rank,('add', 0.1),False,all-uni) - (rank,('add', 0.9),False,all-uni)",2366.94615384615,373.875020265439,Inf,6.33084861397186,6.99265650332178e-06,"(rank,('add', 0.1),False,all-uni)","(rank,('add', 0.9),False,all-uni)"
"rank","(rank,('add', 0.1),False,all-uni) - rank,('add', 0.9),False,del",2393.02692307692,373.875020265439,Inf,6.4006066021152,4.43854126518276e-06,"(rank,('add', 0.1),False,all-uni)","rank,('add', 0.9),False,del"
"rank","(rank,('add', 0.1),False,all-uni) - rank,('add', 0.9),True,add",2362.37307692308,373.875020265439,Inf,6.3186170481405,7.56906401722295e-06,"(rank,('add', 0.1),False,all-uni)","rank,('add', 0.9),True,add"
"rank","(rank,('add', 0.1),False,all-uni) - (rank,('add', 0.9),True,all-sep)",2458.48076923077,373.875020265439,Inf,6.5756753887578,1.38905313451926e-06,"(rank,('add', 0.1),False,all-uni)","(rank,('add', 0.9),True,all-sep)"
"rank","(rank,('add', 0.1),False,all-uni) - (rank,('add', 0.9),True,all-uni)",2362.37307692308,373.875020265439,Inf,6.3186170481405,7.5690640172229e-06,"(rank,('add', 0.1),False,all-uni)","(rank,('add', 0.9),True,all-uni)"
"rank","(rank,('add', 0.1),False,all-uni) - rank,('add', 0.9),True,del",2333.53846153846,373.875020265439,Inf,6.2414933735924,1.24302791730155e-05,"(rank,('add', 0.1),False,all-uni)","rank,('add', 0.9),True,del"
"rank","(rank,('add', 0.1),False,all-uni) - (rank,mul,False,all-sep)",1933.34615384615,373.875020265439,Inf,5.17110277245466,0.00667430998383657,"(rank,('add', 0.1),False,all-uni)","(rank,mul,False,all-sep)"
"rank","(rank,('add', 0.1),False,all-uni) - rank,mul,True,add",1935.26153846154,373.875020265439,Inf,5.17622583366914,0.00649370750035202,"(rank,('add', 0.1),False,all-uni)","rank,mul,True,add"
"rank","(rank,('add', 0.1),False,all-uni) - (rank,mul,True,all-sep)",2354.10384615385,373.875020265439,Inf,6.29649941438321,8.73140889484876e-06,"(rank,('add', 0.1),False,all-uni)","(rank,mul,True,all-sep)"
"rank","(rank,('add', 0.1),False,all-uni) - (rank,mul,True,all-uni)",1929.09615384615,373.875020265439,Inf,5.15973533743057,0.00709254067488383,"(rank,('add', 0.1),False,all-uni)","(rank,mul,True,all-uni)"
"rank","(rank,('add', 0.1),False,all-uni) - rank,mul,True,del",1859.58846153846,373.875020265439,Inf,4.97382376661114,0.0188269835343676,"(rank,('add', 0.1),False,all-uni)","rank,mul,True,del"
"rank","(rank,('add', 0.1),False,all-uni) - score,('add', 0.1),False,add",2589.97307692308,373.875020265439,Inf,6.92737662731327,1.22955786429899e-07,"(rank,('add', 0.1),False,all-uni)","score,('add', 0.1),False,add"
"rank","(rank,('add', 0.1),False,all-uni) - (score,('add', 0.1),False,all-sep)",2783.57692307692,373.875020265439,Inf,7.44520701356479,2.77600940687159e-09,"(rank,('add', 0.1),False,all-uni)","(score,('add', 0.1),False,all-sep)"
"rank","(rank,('add', 0.1),False,all-uni) - (score,('add', 0.1),False,all-uni)",2528.98076923077,373.875020265439,Inf,6.7642410756281,3.84340063916104e-07,"(rank,('add', 0.1),False,all-uni)","(score,('add', 0.1),False,all-uni)"
"rank","(rank,('add', 0.1),False,all-uni) - score,('add', 0.1),False,del",2653.61153846154,373.875020265439,Inf,7.09758982180078,3.64096323152861e-08,"(rank,('add', 0.1),False,all-uni)","score,('add', 0.1),False,del"
"rank","(rank,('add', 0.1),False,all-uni) - score,('add', 0.1),True,add",2133.32307692308,373.875020265439,Inf,5.70597916760657,0.00033175918973612,"(rank,('add', 0.1),False,all-uni)","score,('add', 0.1),True,add"
"rank","(rank,('add', 0.1),False,all-uni) - (score,('add', 0.1),True,all-sep)",2622.75384615385,373.875020265439,Inf,7.01505504243578,6.59234025795635e-08,"(rank,('add', 0.1),False,all-uni)","(score,('add', 0.1),True,all-sep)"
"rank","(rank,('add', 0.1),False,all-uni) - (score,('add', 0.1),True,all-uni)",2132.06538461539,373.875020265439,Inf,5.70261522982115,0.000338375534545241,"(rank,('add', 0.1),False,all-uni)","(score,('add', 0.1),True,all-uni)"
"rank","(rank,('add', 0.1),False,all-uni) - score,('add', 0.1),True,del",2653.98461538462,373.875020265439,Inf,7.09858768713774,3.61477584650882e-08,"(rank,('add', 0.1),False,all-uni)","score,('add', 0.1),True,del"
"rank","(rank,('add', 0.1),False,all-uni) - score,('add', 0.2),False,add",2638.13076923077,373.875020265439,Inf,7.05618355395283,4.90823020769955e-08,"(rank,('add', 0.1),False,all-uni)","score,('add', 0.2),False,add"
"rank","(rank,('add', 0.1),False,all-uni) - (score,('add', 0.2),False,all-sep)",2595.65,373.875020265439,Inf,6.94256064006944,1.10433938366015e-07,"(rank,('add', 0.1),False,all-uni)","(score,('add', 0.2),False,all-sep)"
"rank","(rank,('add', 0.1),False,all-uni) - (score,('add', 0.2),False,all-uni)",2622.89230769231,373.875020265439,Inf,7.01542538421032,6.57490109622437e-08,"(rank,('add', 0.1),False,all-uni)","(score,('add', 0.2),False,all-uni)"
"rank","(rank,('add', 0.1),False,all-uni) - score,('add', 0.2),False,del",2638.26153846154,373.875020265439,Inf,7.05653332118434,4.89589743289984e-08,"(rank,('add', 0.1),False,all-uni)","score,('add', 0.2),False,del"
"rank","(rank,('add', 0.1),False,all-uni) - score,('add', 0.2),True,add",2267.27307692308,373.875020265439,Inf,6.06425397266014,3.80203687488399e-05,"(rank,('add', 0.1),False,all-uni)","score,('add', 0.2),True,add"
"rank","(rank,('add', 0.1),False,all-uni) - (score,('add', 0.2),True,all-sep)",2608.63076923077,373.875020265439,Inf,6.97728018143263,8.63122195714529e-08,"(rank,('add', 0.1),False,all-uni)","(score,('add', 0.2),True,all-sep)"
"rank","(rank,('add', 0.1),False,all-uni) - (score,('add', 0.2),True,all-uni)",2241.19230769231,373.875020265439,Inf,5.99449598451679,5.85409016430038e-05,"(rank,('add', 0.1),False,all-uni)","(score,('add', 0.2),True,all-uni)"
"rank","(rank,('add', 0.1),False,all-uni) - score,('add', 0.2),True,del",2662.41923076923,373.875020265439,Inf,7.12114767357017,3.06967880973722e-08,"(rank,('add', 0.1),False,all-uni)","score,('add', 0.2),True,del"
"rank","(rank,('add', 0.1),False,all-uni) - score,('add', 0.3),False,add",2465.56153846154,373.875020265439,Inf,6.59461425561695,1.22280896057027e-06,"(rank,('add', 0.1),False,all-uni)","score,('add', 0.3),False,add"
"rank","(rank,('add', 0.1),False,all-uni) - (score,('add', 0.3),False,all-sep)",2254.10384615385,373.875020265439,Inf,6.02903035499271,4.73066011965684e-05,"(rank,('add', 0.1),False,all-uni)","(score,('add', 0.3),False,all-sep)"
"rank","(rank,('add', 0.1),False,all-uni) - (score,('add', 0.3),False,all-uni)",2465.56153846154,373.875020265439,Inf,6.59461425561695,1.22280896057028e-06,"(rank,('add', 0.1),False,all-uni)","(score,('add', 0.3),False,all-uni)"
"rank","(rank,('add', 0.1),False,all-uni) - score,('add', 0.3),False,del",2465.7,373.875020265439,Inf,6.59498459739149,1.21976044120049e-06,"(rank,('add', 0.1),False,all-uni)","score,('add', 0.3),False,del"
"rank","(rank,('add', 0.1),False,all-uni) - score,('add', 0.3),True,add",2371.17307692308,373.875020265439,Inf,6.34215432536686,6.49814738259723e-06,"(rank,('add', 0.1),False,all-uni)","score,('add', 0.3),True,add"
"rank","(rank,('add', 0.1),False,all-uni) - (score,('add', 0.3),True,all-sep)",2419.43076923077,373.875020265439,Inf,6.47122872106581,2.78795863510164e-06,"(rank,('add', 0.1),False,all-uni)","(score,('add', 0.3),True,all-sep)"
"rank","(rank,('add', 0.1),False,all-uni) - (score,('add', 0.3),True,all-uni)",2345.09230769231,373.875020265439,Inf,6.27239633722352,1.01966910175856e-05,"(rank,('add', 0.1),False,all-uni)","(score,('add', 0.3),True,all-uni)"
"rank","(rank,('add', 0.1),False,all-uni) - score,('add', 0.3),True,del",2560.73846153846,373.875020265439,Inf,6.84918307652761,2.13014666676137e-07,"(rank,('add', 0.1),False,all-uni)","score,('add', 0.3),True,del"
"rank","(rank,('add', 0.1),False,all-uni) - score,('add', 0.4),False,add",2271.83076923077,373.875020265439,Inf,6.07644438940544,3.52410058583754e-05,"(rank,('add', 0.1),False,all-uni)","score,('add', 0.4),False,add"
"rank","(rank,('add', 0.1),False,all-uni) - (score,('add', 0.4),False,all-sep)",2311.97692307692,373.875020265439,Inf,6.1838229294792,1.79443724489844e-05,"(rank,('add', 0.1),False,all-uni)","(score,('add', 0.4),False,all-sep)"
"rank","(rank,('add', 0.1),False,all-uni) - (score,('add', 0.4),False,all-uni)",2271.83076923077,373.875020265439,Inf,6.07644438940543,3.52410058583756e-05,"(rank,('add', 0.1),False,all-uni)","(score,('add', 0.4),False,all-uni)"
"rank","(rank,('add', 0.1),False,all-uni) - score,('add', 0.4),False,del",2280.93461538462,373.875020265439,Inf,6.10079436108148,3.02696236273269e-05,"(rank,('add', 0.1),False,all-uni)","score,('add', 0.4),False,del"
"rank","(rank,('add', 0.1),False,all-uni) - score,('add', 0.4),True,add",2274.51538461538,373.875020265439,Inf,6.08362490492292,3.3697653336864e-05,"(rank,('add', 0.1),False,all-uni)","score,('add', 0.4),True,add"
"rank","(rank,('add', 0.1),False,all-uni) - (score,('add', 0.4),True,all-sep)",2398.15,373.875020265439,Inf,6.41430924777321,4.0571528770992e-06,"(rank,('add', 0.1),False,all-uni)","(score,('add', 0.4),True,all-sep)"
"rank","(rank,('add', 0.1),False,all-uni) - (score,('add', 0.4),True,all-uni)",2248.43461538462,373.875020265439,Inf,6.01386691677957,5.19536032462376e-05,"(rank,('add', 0.1),False,all-uni)","(score,('add', 0.4),True,all-uni)"
"rank","(rank,('add', 0.1),False,all-uni) - score,('add', 0.4),True,del",2435.48461538462,373.875020265439,Inf,6.5141677923695,2.09632891371759e-06,"(rank,('add', 0.1),False,all-uni)","score,('add', 0.4),True,del"
"rank","(rank,('add', 0.1),False,all-uni) - score,('add', 0.5),False,add",2251.21923076923,373.875020265439,Inf,6.02131490135645,4.96180614421275e-05,"(rank,('add', 0.1),False,all-uni)","score,('add', 0.5),False,add"
"rank","(rank,('add', 0.1),False,all-uni) - (score,('add', 0.5),False,all-sep)",2321.21538461539,373.875020265439,Inf,6.20853295565828,1.53384965663899e-05,"(rank,('add', 0.1),False,all-uni)","(score,('add', 0.5),False,all-sep)"
"rank","(rank,('add', 0.1),False,all-uni) - (score,('add', 0.5),False,all-uni)",2251.21923076923,373.875020265439,Inf,6.02131490135645,4.96180614421275e-05,"(rank,('add', 0.1),False,all-uni)","(score,('add', 0.5),False,all-uni)"
"rank","(rank,('add', 0.1),False,all-uni) - score,('add', 0.5),False,del",2277.3,373.875020265439,Inf,6.09107288949979,3.21664747942724e-05,"(rank,('add', 0.1),False,all-uni)","score,('add', 0.5),False,del"
"rank","(rank,('add', 0.1),False,all-uni) - score,('add', 0.5),True,add",2307.91153846154,373.875020265439,Inf,6.17294928348783,1.92235495302385e-05,"(rank,('add', 0.1),False,all-uni)","score,('add', 0.5),True,add"
"rank","(rank,('add', 0.1),False,all-uni) - (score,('add', 0.5),True,all-sep)",2369.82692307692,373.875020265439,Inf,6.33855378033661,6.65180642660259e-06,"(rank,('add', 0.1),False,all-uni)","(score,('add', 0.5),True,all-sep)"
"rank","(rank,('add', 0.1),False,all-uni) - (score,('add', 0.5),True,all-uni)",2307.91153846154,373.875020265439,Inf,6.17294928348783,1.92235495302385e-05,"(rank,('add', 0.1),False,all-uni)","(score,('add', 0.5),True,all-uni)"
"rank","(rank,('add', 0.1),False,all-uni) - score,('add', 0.5),True,del",2319.50384615385,373.875020265439,Inf,6.2039551198341,1.579163654923e-05,"(rank,('add', 0.1),False,all-uni)","score,('add', 0.5),True,del"
"rank","(rank,('add', 0.1),False,all-uni) - score,('add', 0.6),False,add",2304.53076923077,373.875020265439,Inf,6.16390677182613,2.03546943693295e-05,"(rank,('add', 0.1),False,all-uni)","score,('add', 0.6),False,add"
"rank","(rank,('add', 0.1),False,all-uni) - (score,('add', 0.6),False,all-sep)",2335.78076923077,373.875020265439,Inf,6.24749085288566,1.19623907622558e-05,"(rank,('add', 0.1),False,all-uni)","(score,('add', 0.6),False,all-sep)"
"rank","(rank,('add', 0.1),False,all-uni) - (score,('add', 0.6),False,all-uni)",2304.53076923077,373.875020265439,Inf,6.16390677182613,2.03546943693294e-05,"(rank,('add', 0.1),False,all-uni)","(score,('add', 0.6),False,all-uni)"
"rank","(rank,('add', 0.1),False,all-uni) - score,('add', 0.6),False,del",2304.53076923077,373.875020265439,Inf,6.16390677182613,2.03546943693295e-05,"(rank,('add', 0.1),False,all-uni)","score,('add', 0.6),False,del"
"rank","(rank,('add', 0.1),False,all-uni) - score,('add', 0.6),True,add",2404.23076923077,373.875020265439,Inf,6.43057342403845,3.64590069204934e-06,"(rank,('add', 0.1),False,all-uni)","score,('add', 0.6),True,add"
"rank","(rank,('add', 0.1),False,all-uni) - (score,('add', 0.6),True,all-sep)",2417.47307692308,373.875020265439,Inf,6.46599249986466,2.88624247694084e-06,"(rank,('add', 0.1),False,all-uni)","(score,('add', 0.6),True,all-sep)"
"rank","(rank,('add', 0.1),False,all-uni) - (score,('add', 0.6),True,all-uni)",2404.21538461538,373.875020265439,Inf,6.43053227495239,3.64688789065894e-06,"(rank,('add', 0.1),False,all-uni)","(score,('add', 0.6),True,all-uni)"
"rank","(rank,('add', 0.1),False,all-uni) - score,('add', 0.6),True,del",2399.96923076923,373.875020265439,Inf,6.41917512719981,3.92958208429705e-06,"(rank,('add', 0.1),False,all-uni)","score,('add', 0.6),True,del"
"rank","(rank,('add', 0.1),False,all-uni) - score,('add', 0.7),False,add",2335.39230769231,373.875020265439,Inf,6.24645183846264,1.20421987269161e-05,"(rank,('add', 0.1),False,all-uni)","score,('add', 0.7),False,add"
"rank","(rank,('add', 0.1),False,all-uni) - (score,('add', 0.7),False,all-sep)",2356.91153846154,373.875020265439,Inf,6.30400912258917,8.31844502480069e-06,"(rank,('add', 0.1),False,all-uni)","(score,('add', 0.7),False,all-sep)"
"rank","(rank,('add', 0.1),False,all-uni) - (score,('add', 0.7),False,all-uni)",2335.39230769231,373.875020265439,Inf,6.24645183846264,1.20421987269161e-05,"(rank,('add', 0.1),False,all-uni)","(score,('add', 0.7),False,all-uni)"
"rank","(rank,('add', 0.1),False,all-uni) - score,('add', 0.7),False,del",2335.39230769231,373.875020265439,Inf,6.24645183846264,1.2042198726916e-05,"(rank,('add', 0.1),False,all-uni)","score,('add', 0.7),False,del"
"rank","(rank,('add', 0.1),False,all-uni) - score,('add', 0.7),True,add",2417.9,373.875020265439,Inf,6.46713438700283,2.8645245594274e-06,"(rank,('add', 0.1),False,all-uni)","score,('add', 0.7),True,add"
"rank","(rank,('add', 0.1),False,all-uni) - (score,('add', 0.7),True,all-sep)",2463.58076923077,373.875020265439,Inf,6.58931631078671,1.26724451746141e-06,"(rank,('add', 0.1),False,all-uni)","(score,('add', 0.7),True,all-sep)"
"rank","(rank,('add', 0.1),False,all-uni) - (score,('add', 0.7),True,all-uni)",2417.86923076923,373.875020265439,Inf,6.46705208883071,2.86608445777306e-06,"(rank,('add', 0.1),False,all-uni)","(score,('add', 0.7),True,all-uni)"
"rank","(rank,('add', 0.1),False,all-uni) - score,('add', 0.7),True,del",2330.8,373.875020265439,Inf,6.23416883627371,1.3025969403107e-05,"(rank,('add', 0.1),False,all-uni)","score,('add', 0.7),True,del"
"rank","(rank,('add', 0.1),False,all-uni) - score,('add', 0.8),False,add",2391.65769230769,373.875020265439,Inf,6.39694433345586,4.5462699497735e-06,"(rank,('add', 0.1),False,all-uni)","score,('add', 0.8),False,add"
"rank","(rank,('add', 0.1),False,all-uni) - (score,('add', 0.8),False,all-sep)",2385.03076923077,373.875020265439,Inf,6.37921936463548,5.10483718753502e-06,"(rank,('add', 0.1),False,all-uni)","(score,('add', 0.8),False,all-sep)"
"rank","(rank,('add', 0.1),False,all-uni) - (score,('add', 0.8),False,all-uni)",2391.65769230769,373.875020265439,Inf,6.39694433345586,4.5462699497735e-06,"(rank,('add', 0.1),False,all-uni)","(score,('add', 0.8),False,all-uni)"
"rank","(rank,('add', 0.1),False,all-uni) - score,('add', 0.8),False,del",2391.65769230769,373.875020265439,Inf,6.39694433345586,4.5462699497735e-06,"(rank,('add', 0.1),False,all-uni)","score,('add', 0.8),False,del"
"rank","(rank,('add', 0.1),False,all-uni) - score,('add', 0.8),True,add",2381.97692307692,373.875020265439,Inf,6.37105127105255,5.38429324920301e-06,"(rank,('add', 0.1),False,all-uni)","score,('add', 0.8),True,add"
"rank","(rank,('add', 0.1),False,all-uni) - (score,('add', 0.8),True,all-sep)",2389.70769230769,373.875020265439,Inf,6.39172868679774,4.70411487867206e-06,"(rank,('add', 0.1),False,all-uni)","(score,('add', 0.8),True,all-sep)"
"rank","(rank,('add', 0.1),False,all-uni) - (score,('add', 0.8),True,all-uni)",2381.97692307692,373.875020265439,Inf,6.37105127105255,5.38429324920301e-06,"(rank,('add', 0.1),False,all-uni)","(score,('add', 0.8),True,all-uni)"
"rank","(rank,('add', 0.1),False,all-uni) - score,('add', 0.8),True,del",2331.86923076923,373.875020265439,Inf,6.23702869775488,1.27901386007575e-05,"(rank,('add', 0.1),False,all-uni)","score,('add', 0.8),True,del"
"rank","(rank,('add', 0.1),False,all-uni) - score,('add', 0.9),False,add",2375.62692307692,373.875020265439,Inf,6.35406698578126,6.01406546383632e-06,"(rank,('add', 0.1),False,all-uni)","score,('add', 0.9),False,add"
"rank","(rank,('add', 0.1),False,all-uni) - (score,('add', 0.9),False,all-sep)",2375.40384615385,373.875020265439,Inf,6.35347032403338,6.03745016732051e-06,"(rank,('add', 0.1),False,all-uni)","(score,('add', 0.9),False,all-sep)"
"rank","(rank,('add', 0.1),False,all-uni) - (score,('add', 0.9),False,all-uni)",2375.62692307692,373.875020265439,Inf,6.35406698578126,6.01406546383632e-06,"(rank,('add', 0.1),False,all-uni)","(score,('add', 0.9),False,all-uni)"
"rank","(rank,('add', 0.1),False,all-uni) - score,('add', 0.9),False,del",2375.62692307692,373.875020265439,Inf,6.35406698578126,6.01406546383632e-06,"(rank,('add', 0.1),False,all-uni)","score,('add', 0.9),False,del"
"rank","(rank,('add', 0.1),False,all-uni) - score,('add', 0.9),True,add",2381.16923076923,373.875020265439,Inf,6.3688909440344,5.46066980960575e-06,"(rank,('add', 0.1),False,all-uni)","score,('add', 0.9),True,add"
"rank","(rank,('add', 0.1),False,all-uni) - (score,('add', 0.9),True,all-sep)",2381.7,373.875020265439,Inf,6.37031058750347,5.4103611798867e-06,"(rank,('add', 0.1),False,all-uni)","(score,('add', 0.9),True,all-sep)"
"rank","(rank,('add', 0.1),False,all-uni) - (score,('add', 0.9),True,all-uni)",2381.16923076923,373.875020265439,Inf,6.3688909440344,5.46066980960575e-06,"(rank,('add', 0.1),False,all-uni)","(score,('add', 0.9),True,all-uni)"
"rank","(rank,('add', 0.1),False,all-uni) - score,('add', 0.9),True,del",2376.64230769231,373.875020265439,Inf,6.35678282546122,5.9087379241521e-06,"(rank,('add', 0.1),False,all-uni)","score,('add', 0.9),True,del"
"rank","(rank,('add', 0.1),False,all-uni) - score,mul,False,add",2633.50384615385,373.875020265439,Inf,7.04380796632026,5.36476327822224e-08,"(rank,('add', 0.1),False,all-uni)","score,mul,False,add"
"rank","(rank,('add', 0.1),False,all-uni) - (score,mul,False,all-sep)",2931.03461538462,373.875020265439,Inf,7.83961071617911,1.29617918151552e-10,"(rank,('add', 0.1),False,all-uni)","(score,mul,False,all-sep)"
"rank","(rank,('add', 0.1),False,all-uni) - (score,mul,False,all-uni)",2693.95769230769,373.875020265439,Inf,7.20550329999333,1.65855990772868e-08,"(rank,('add', 0.1),False,all-uni)","(score,mul,False,all-uni)"
"rank","(rank,('add', 0.1),False,all-uni) - score,mul,False,del",2693.95769230769,373.875020265439,Inf,7.20550329999333,1.65855990772868e-08,"(rank,('add', 0.1),False,all-uni)","score,mul,False,del"
"rank","(rank,('add', 0.1),False,all-uni) - score,mul,True,add",2147.67307692308,373.875020265439,Inf,5.7443609776291,0.000264626819228514,"(rank,('add', 0.1),False,all-uni)","score,mul,True,add"
"rank","(rank,('add', 0.1),False,all-uni) - (score,mul,True,all-sep)",2429.26538461538,373.875020265439,Inf,6.49753327432971,2.34165425935516e-06,"(rank,('add', 0.1),False,all-uni)","(score,mul,True,all-sep)"
"rank","(rank,('add', 0.1),False,all-uni) - (score,mul,True,all-uni)",2208.08846153846,373.875020265439,Inf,5.90595343858702,0.000100555807696435,"(rank,('add', 0.1),False,all-uni)","(score,mul,True,all-uni)"
"rank","(rank,('add', 0.1),False,all-uni) - score,mul,True,del",2724.2,373.875020265413,Inf,7.28639211591643,9.13072268827409e-09,"(rank,('add', 0.1),False,all-uni)","score,mul,True,del"
"rank","rank,('add', 0.1),False,del - (rank,('add', 0.3),False,all-sep)",1838.03846153846,373.875020265439,Inf,4.91618418431249,0.0253093475539518,"rank,('add', 0.1),False,del","(rank,('add', 0.3),False,all-sep)"
"rank","rank,('add', 0.1),False,del - rank,('add', 0.3),False,del",1793.33461538462,373.875020265439,Inf,4.79661522749342,0.0462806713390462,"rank,('add', 0.1),False,del","rank,('add', 0.3),False,del"
"rank","rank,('add', 0.1),False,del - rank,('add', 0.3),True,add",1866.02692307692,373.875020265439,Inf,4.99104465912728,0.0172233752020649,"rank,('add', 0.1),False,del","rank,('add', 0.3),True,add"
"rank","rank,('add', 0.1),False,del - (rank,('add', 0.3),True,all-sep)",2270.52692307692,373.875020265439,Inf,6.07295700436184,3.60152216218378e-05,"rank,('add', 0.1),False,del","(rank,('add', 0.3),True,all-sep)"
"rank","rank,('add', 0.1),False,del - (rank,('add', 0.3),True,all-uni)",1866.02692307692,373.875020265439,Inf,4.99104465912728,0.0172233752020649,"rank,('add', 0.1),False,del","(rank,('add', 0.3),True,all-uni)"
"rank","rank,('add', 0.1),False,del - rank,('add', 0.3),True,del",1789.96538461538,373.875020265439,Inf,4.78760357764626,0.0484074323429243,"rank,('add', 0.1),False,del","rank,('add', 0.3),True,del"
"rank","rank,('add', 0.1),False,del - rank,('add', 0.4),False,add",2089.88461538462,373.875020265439,Inf,5.58979472311594,0.000652005965786148,"rank,('add', 0.1),False,del","rank,('add', 0.4),False,add"
"rank","rank,('add', 0.1),False,del - (rank,('add', 0.4),False,all-sep)",2395.51153846154,373.875020265439,Inf,6.4072521795139,4.24939059707144e-06,"rank,('add', 0.1),False,del","(rank,('add', 0.4),False,all-sep)"
"rank","rank,('add', 0.1),False,del - (rank,('add', 0.4),False,all-uni)",2148.09615384615,373.875020265439,Inf,5.74549257749575,0.000262863035174981,"rank,('add', 0.1),False,del","(rank,('add', 0.4),False,all-uni)"
"rank","rank,('add', 0.1),False,del - rank,('add', 0.4),False,del",2150.66153846154,373.875020265439,Inf,5.75235418759627,0.000252410294730109,"rank,('add', 0.1),False,del","rank,('add', 0.4),False,del"
"rank","rank,('add', 0.1),False,del - rank,('add', 0.4),True,add",2209.61538461538,373.875020265439,Inf,5.91003748537848,9.80941722324964e-05,"rank,('add', 0.1),False,del","rank,('add', 0.4),True,add"
"rank","rank,('add', 0.1),False,del - (rank,('add', 0.4),True,all-sep)",2624.52692307692,373.875020265439,Inf,7.0197974746042,6.37241134554749e-08,"rank,('add', 0.1),False,del","(rank,('add', 0.4),True,all-sep)"
"rank","rank,('add', 0.1),False,del - (rank,('add', 0.4),True,all-uni)",2209.61538461538,373.875020265439,Inf,5.91003748537848,9.80941722324975e-05,"rank,('add', 0.1),False,del","(rank,('add', 0.4),True,all-uni)"
"rank","rank,('add', 0.1),False,del - rank,('add', 0.4),True,del",2231.55,373.875020265439,Inf,5.96870579482864,6.85861774343505e-05,"rank,('add', 0.1),False,del","rank,('add', 0.4),True,del"
"rank","rank,('add', 0.1),False,del - rank,('add', 0.5),False,add",2487.79230769231,373.875020265439,Inf,6.65407468497376,8.1763206849292e-07,"rank,('add', 0.1),False,del","rank,('add', 0.5),False,add"
"rank","rank,('add', 0.1),False,del - (rank,('add', 0.5),False,all-sep)",2497.59230769231,373.875020265439,Inf,6.68028665279402,6.83947224357386e-07,"rank,('add', 0.1),False,del","(rank,('add', 0.5),False,all-sep)"
"rank","rank,('add', 0.1),False,del - (rank,('add', 0.5),False,all-uni)",2548.29230769231,373.875020265439,Inf,6.81589346590501,2.68673381705347e-07,"rank,('add', 0.1),False,del","(rank,('add', 0.5),False,all-uni)"
"rank","rank,('add', 0.1),False,del - rank,('add', 0.5),False,del",2548.24615384615,373.875020265439,Inf,6.81577001864683,2.68904217673793e-07,"rank,('add', 0.1),False,del","rank,('add', 0.5),False,del"
"rank","rank,('add', 0.1),False,del - rank,('add', 0.5),True,add",2345.01538461538,373.875020265439,Inf,6.27219059179322,1.02101780176806e-05,"rank,('add', 0.1),False,del","rank,('add', 0.5),True,add"
"rank","rank,('add', 0.1),False,del - (rank,('add', 0.5),True,all-sep)",2501.96538461538,373.875020265439,Inf,6.6919832805066,6.31436165326272e-07,"rank,('add', 0.1),False,del","(rank,('add', 0.5),True,all-sep)"
"rank","rank,('add', 0.1),False,del - (rank,('add', 0.5),True,all-uni)",2346.89615384615,373.875020265439,Inf,6.27722106756406,9.88536070776437e-06,"rank,('add', 0.1),False,del","(rank,('add', 0.5),True,all-uni)"
"rank","rank,('add', 0.1),False,del - rank,('add', 0.5),True,del",2496.38846153846,373.875020265439,Inf,6.67706673680982,6.99137985256243e-07,"rank,('add', 0.1),False,del","rank,('add', 0.5),True,del"
"rank","rank,('add', 0.1),False,del - rank,('add', 0.6),False,add",2557.29230769231,373.875020265439,Inf,6.83996568125015,2.2718045908617e-07,"rank,('add', 0.1),False,del","rank,('add', 0.6),False,add"
"rank","rank,('add', 0.1),False,del - (rank,('add', 0.6),False,all-sep)",2530.04615384615,373.875020265439,Inf,6.76709064983776,3.76848766901861e-07,"rank,('add', 0.1),False,del","(rank,('add', 0.6),False,all-sep)"
"rank","rank,('add', 0.1),False,del - (rank,('add', 0.6),False,all-uni)",2614.65769230769,373.875020265439,Inf,6.99340033589666,7.69491517724418e-08,"rank,('add', 0.1),False,del","(rank,('add', 0.6),False,all-uni)"
"rank","rank,('add', 0.1),False,del - rank,('add', 0.6),False,del",2617.42307692308,373.875020265439,Inf,7.00079688411596,7.29936685334589e-08,"rank,('add', 0.1),False,del","rank,('add', 0.6),False,del"
"rank","rank,('add', 0.1),False,del - rank,('add', 0.6),True,add",2202.59615384615,373.875020265439,Inf,5.89126321486357,0.000109917398065564,"rank,('add', 0.1),False,del","rank,('add', 0.6),True,add"
"rank","rank,('add', 0.1),False,del - (rank,('add', 0.6),True,all-sep)",2444.36538461538,373.875020265439,Inf,6.53792110229767,1.78905307820951e-06,"rank,('add', 0.1),False,del","(rank,('add', 0.6),True,all-sep)"
"rank","rank,('add', 0.1),False,del - (rank,('add', 0.6),True,all-uni)",2202.59615384615,373.875020265439,Inf,5.89126321486357,0.000109917398065565,"rank,('add', 0.1),False,del","(rank,('add', 0.6),True,all-uni)"
"rank","rank,('add', 0.1),False,del - rank,('add', 0.6),True,del",2533.98461538462,373.875020265439,Inf,6.77762481586914,3.5037667127358e-07,"rank,('add', 0.1),False,del","rank,('add', 0.6),True,del"
"rank","rank,('add', 0.1),False,del - rank,('add', 0.7),False,add",2570.75769230769,373.875020265439,Inf,6.87598141882423,1.76567058107515e-07,"rank,('add', 0.1),False,del","rank,('add', 0.7),False,add"
"rank","rank,('add', 0.1),False,del - (rank,('add', 0.7),False,all-sep)",2560.96923076923,373.875020265439,Inf,6.84980031281851,2.12097619507229e-07,"rank,('add', 0.1),False,del","(rank,('add', 0.7),False,all-sep)"
"rank","rank,('add', 0.1),False,del - (rank,('add', 0.7),False,all-uni)",2627.43076923077,373.875020265439,Inf,7.02756436459804,6.02767181000284e-08,"rank,('add', 0.1),False,del","(rank,('add', 0.7),False,all-uni)"
"rank","rank,('add', 0.1),False,del - rank,('add', 0.7),False,del",2656.69615384615,373.875020265439,Inf,7.10584021355582,3.42991905559273e-08,"rank,('add', 0.1),False,del","rank,('add', 0.7),False,del"
"rank","rank,('add', 0.1),False,del - rank,('add', 0.7),True,add",2276.73461538462,373.875020265439,Inf,6.08956066058708,3.24717712811174e-05,"rank,('add', 0.1),False,del","rank,('add', 0.7),True,add"
"rank","rank,('add', 0.1),False,del - (rank,('add', 0.7),True,all-sep)",2445.85384615385,373.875020265439,Inf,6.54190227637399,1.74205736435326e-06,"rank,('add', 0.1),False,del","(rank,('add', 0.7),True,all-sep)"
"rank","rank,('add', 0.1),False,del - (rank,('add', 0.7),True,all-uni)",2268.01923076923,373.875020265439,Inf,6.06624970333405,3.75511586003721e-05,"rank,('add', 0.1),False,del","(rank,('add', 0.7),True,all-uni)"
"rank","rank,('add', 0.1),False,del - rank,('add', 0.7),True,del",2510.69230769231,373.875020265439,Inf,6.71532509957418,5.38172688244401e-07,"rank,('add', 0.1),False,del","rank,('add', 0.7),True,del"
"rank","rank,('add', 0.1),False,del - rank,('add', 0.8),False,add",2567.57307692308,373.875020265439,Inf,6.8674635580098,1.87433664754982e-07,"rank,('add', 0.1),False,del","rank,('add', 0.8),False,add"
"rank","rank,('add', 0.1),False,del - (rank,('add', 0.8),False,all-sep)",2537.15769230769,373.875020265439,Inf,6.78611181486903,3.30381794660231e-07,"rank,('add', 0.1),False,del","(rank,('add', 0.8),False,all-sep)"
"rank","rank,('add', 0.1),False,del - (rank,('add', 0.8),False,all-uni)",2567.57307692308,373.875020265439,Inf,6.8674635580098,1.87433664754982e-07,"rank,('add', 0.1),False,del","(rank,('add', 0.8),False,all-uni)"
"rank","rank,('add', 0.1),False,del - rank,('add', 0.8),False,del",2567.57307692308,373.875020265439,Inf,6.8674635580098,1.87433664754982e-07,"rank,('add', 0.1),False,del","rank,('add', 0.8),False,del"
"rank","rank,('add', 0.1),False,del - rank,('add', 0.8),True,add",2291.03076923077,373.875020265439,Inf,6.12779844880841,2.55548427500042e-05,"rank,('add', 0.1),False,del","rank,('add', 0.8),True,add"
"rank","rank,('add', 0.1),False,del - (rank,('add', 0.8),True,all-sep)",2469.20769230769,373.875020265439,Inf,6.60436658901318,1.14496449638409e-06,"rank,('add', 0.1),False,del","(rank,('add', 0.8),True,all-sep)"
"rank","rank,('add', 0.1),False,del - (rank,('add', 0.8),True,all-uni)",2291.03076923077,373.875020265439,Inf,6.12779844880841,2.55548427500042e-05,"rank,('add', 0.1),False,del","(rank,('add', 0.8),True,all-uni)"
"rank","rank,('add', 0.1),False,del - rank,('add', 0.8),True,del",2559.42692307692,373.875020265439,Inf,6.84567511694099,2.18300815472295e-07,"rank,('add', 0.1),False,del","rank,('add', 0.8),True,del"
"rank","rank,('add', 0.1),False,del - rank,('add', 0.9),False,add",2374.59230769231,373.875020265439,Inf,6.35129970974371,6.12327382804251e-06,"rank,('add', 0.1),False,del","rank,('add', 0.9),False,add"
"rank","rank,('add', 0.1),False,del - (rank,('add', 0.9),False,all-sep)",2324.34230769231,373.875020265439,Inf,6.21689650739999,1.45431681781405e-05,"rank,('add', 0.1),False,del","(rank,('add', 0.9),False,all-sep)"
"rank","rank,('add', 0.1),False,del - (rank,('add', 0.9),False,all-uni)",2348.51153846154,373.875020265439,Inf,6.28154172160037,9.61444822380322e-06,"rank,('add', 0.1),False,del","(rank,('add', 0.9),False,all-uni)"
"rank","rank,('add', 0.1),False,del - rank,('add', 0.9),False,del",2374.59230769231,373.875020265439,Inf,6.35129970974371,6.12327382804251e-06,"rank,('add', 0.1),False,del","rank,('add', 0.9),False,del"
"rank","rank,('add', 0.1),False,del - rank,('add', 0.9),True,add",2343.93846153846,373.875020265439,Inf,6.26931015576901,1.04008346937379e-05,"rank,('add', 0.1),False,del","rank,('add', 0.9),True,add"
"rank","rank,('add', 0.1),False,del - (rank,('add', 0.9),True,all-sep)",2440.04615384615,373.875020265439,Inf,6.52636849638631,1.93255657432617e-06,"rank,('add', 0.1),False,del","(rank,('add', 0.9),True,all-sep)"
"rank","rank,('add', 0.1),False,del - (rank,('add', 0.9),True,all-uni)",2343.93846153846,373.875020265439,Inf,6.26931015576901,1.04008346937378e-05,"rank,('add', 0.1),False,del","(rank,('add', 0.9),True,all-uni)"
"rank","rank,('add', 0.1),False,del - rank,('add', 0.9),True,del",2315.10384615385,373.875020265439,Inf,6.19218648122091,1.70173616134918e-05,"rank,('add', 0.1),False,del","rank,('add', 0.9),True,del"
"rank","rank,('add', 0.1),False,del - (rank,mul,False,all-sep)",1914.91153846154,373.875020265439,Inf,5.12179588008317,0.00867969792008518,"rank,('add', 0.1),False,del","(rank,mul,False,all-sep)"
"rank","rank,('add', 0.1),False,del - rank,mul,True,add",1916.82692307692,373.875020265439,Inf,5.12691894129765,0.00844689795612265,"rank,('add', 0.1),False,del","rank,mul,True,add"
"rank","rank,('add', 0.1),False,del - (rank,mul,True,all-sep)",2335.66923076923,373.875020265439,Inf,6.24719252201172,1.19852529297068e-05,"rank,('add', 0.1),False,del","(rank,mul,True,all-sep)"
"rank","rank,('add', 0.1),False,del - (rank,mul,True,all-uni)",1910.66153846154,373.875020265439,Inf,5.11042844505908,0.00921858476843221,"rank,('add', 0.1),False,del","(rank,mul,True,all-uni)"
"rank","rank,('add', 0.1),False,del - rank,mul,True,del",1841.15384615385,373.875020265439,Inf,4.92451687423965,0.0242543982130282,"rank,('add', 0.1),False,del","rank,mul,True,del"
"rank","rank,('add', 0.1),False,del - score,('add', 0.1),False,add",2571.53846153846,373.875020265439,Inf,6.87806973494178,1.73998613318294e-07,"rank,('add', 0.1),False,del","score,('add', 0.1),False,add"
"rank","rank,('add', 0.1),False,del - (score,('add', 0.1),False,all-sep)",2765.14230769231,373.875020265439,Inf,7.3959001211933,4.02820786613389e-09,"rank,('add', 0.1),False,del","(score,('add', 0.1),False,all-sep)"
"rank","rank,('add', 0.1),False,del - (score,('add', 0.1),False,all-uni)",2510.54615384615,373.875020265439,Inf,6.71493418325661,5.39617429100042e-07,"rank,('add', 0.1),False,del","(score,('add', 0.1),False,all-uni)"
"rank","rank,('add', 0.1),False,del - score,('add', 0.1),False,del",2635.17692307692,373.875020265439,Inf,7.04828292942929,5.19506786264181e-08,"rank,('add', 0.1),False,del","score,('add', 0.1),False,del"
"rank","rank,('add', 0.1),False,del - score,('add', 0.1),True,add",2114.88846153846,373.875020265439,Inf,5.65667227523508,0.000442635814225362,"rank,('add', 0.1),False,del","score,('add', 0.1),True,add"
"rank","rank,('add', 0.1),False,del - (score,('add', 0.1),True,all-sep)",2604.31923076923,373.875020265439,Inf,6.96574815006429,9.36869686086022e-08,"rank,('add', 0.1),False,del","(score,('add', 0.1),True,all-sep)"
"rank","rank,('add', 0.1),False,del - (score,('add', 0.1),True,all-uni)",2113.63076923077,373.875020265439,Inf,5.65330833744967,0.000451390494036506,"rank,('add', 0.1),False,del","(score,('add', 0.1),True,all-uni)"
"rank","rank,('add', 0.1),False,del - score,('add', 0.1),True,del",2635.55,373.875020265439,Inf,7.04928079476625,5.15795190910986e-08,"rank,('add', 0.1),False,del","score,('add', 0.1),True,del"
"rank","rank,('add', 0.1),False,del - score,('add', 0.2),False,add",2619.69615384615,373.875020265439,Inf,7.00687666158134,6.98922740838542e-08,"rank,('add', 0.1),False,del","score,('add', 0.2),False,add"
"rank","rank,('add', 0.1),False,del - (score,('add', 0.2),False,all-sep)",2577.21538461538,373.875020265439,Inf,6.89325374769795,1.56393408513897e-07,"rank,('add', 0.1),False,del","(score,('add', 0.2),False,all-sep)"
"rank","rank,('add', 0.1),False,del - (score,('add', 0.2),False,all-uni)",2604.45769230769,373.875020265439,Inf,6.96611849183883,9.3440807176223e-08,"rank,('add', 0.1),False,del","(score,('add', 0.2),False,all-uni)"
"rank","rank,('add', 0.1),False,del - score,('add', 0.2),False,del",2619.82692307692,373.875020265439,Inf,7.00722642881285,6.97178382522006e-08,"rank,('add', 0.1),False,del","score,('add', 0.2),False,del"
"rank","rank,('add', 0.1),False,del - score,('add', 0.2),True,add",2248.83846153846,373.875020265439,Inf,6.01494708028865,5.1608362197545e-05,"rank,('add', 0.1),False,del","score,('add', 0.2),True,add"
"rank","rank,('add', 0.1),False,del - (score,('add', 0.2),True,all-sep)",2590.19615384615,373.875020265439,Inf,6.92797328906114,1.22438454137328e-07,"rank,('add', 0.1),False,del","(score,('add', 0.2),True,all-sep)"
"rank","rank,('add', 0.1),False,del - (score,('add', 0.2),True,all-uni)",2222.75769230769,373.875020265439,Inf,5.9451890921453,7.9196350023981e-05,"rank,('add', 0.1),False,del","(score,('add', 0.2),True,all-uni)"
"rank","rank,('add', 0.1),False,del - score,('add', 0.2),True,del",2643.98461538461,373.875020265439,Inf,7.07184078119868,4.38493655355232e-08,"rank,('add', 0.1),False,del","score,('add', 0.2),True,del"
"rank","rank,('add', 0.1),False,del - score,('add', 0.3),False,add",2447.12692307692,373.875020265439,Inf,6.54530736324546,1.70282181778026e-06,"rank,('add', 0.1),False,del","score,('add', 0.3),False,add"
"rank","rank,('add', 0.1),False,del - (score,('add', 0.3),False,all-sep)",2235.66923076923,373.875020265439,Inf,5.97972346262122,6.41046021526465e-05,"rank,('add', 0.1),False,del","(score,('add', 0.3),False,all-sep)"
"rank","rank,('add', 0.1),False,del - (score,('add', 0.3),False,all-uni)",2447.12692307692,373.875020265439,Inf,6.54530736324546,1.70282181778027e-06,"rank,('add', 0.1),False,del","(score,('add', 0.3),False,all-uni)"
"rank","rank,('add', 0.1),False,del - score,('add', 0.3),False,del",2447.26538461538,373.875020265439,Inf,6.54567770502,1.69860698677401e-06,"rank,('add', 0.1),False,del","score,('add', 0.3),False,del"
"rank","rank,('add', 0.1),False,del - score,('add', 0.3),True,add",2352.73846153846,373.875020265439,Inf,6.29284743299537,8.93940286170644e-06,"rank,('add', 0.1),False,del","score,('add', 0.3),True,add"
"rank","rank,('add', 0.1),False,del - (score,('add', 0.3),True,all-sep)",2400.99615384615,373.875020265439,Inf,6.42192182869432,3.8593105709912e-06,"rank,('add', 0.1),False,del","(score,('add', 0.3),True,all-sep)"
"rank","rank,('add', 0.1),False,del - (score,('add', 0.3),True,all-uni)",2326.65769230769,373.875020265439,Inf,6.22308944485203,1.39803323766117e-05,"rank,('add', 0.1),False,del","(score,('add', 0.3),True,all-uni)"
"rank","rank,('add', 0.1),False,del - score,('add', 0.3),True,del",2542.30384615385,373.875020265439,Inf,6.79987618415612,3.00305706994636e-07,"rank,('add', 0.1),False,del","score,('add', 0.3),True,del"
"rank","rank,('add', 0.1),False,del - score,('add', 0.4),False,add",2253.39615384615,373.875020265439,Inf,6.02713749703395,4.78637708068854e-05,"rank,('add', 0.1),False,del","score,('add', 0.4),False,add"
"rank","rank,('add', 0.1),False,del - (score,('add', 0.4),False,all-sep)",2293.54230769231,373.875020265439,Inf,6.13451603710772,2.44981196999381e-05,"rank,('add', 0.1),False,del","(score,('add', 0.4),False,all-sep)"
"rank","rank,('add', 0.1),False,del - (score,('add', 0.4),False,all-uni)",2253.39615384615,373.875020265439,Inf,6.02713749703395,4.78637708068857e-05,"rank,('add', 0.1),False,del","(score,('add', 0.4),False,all-uni)"
"rank","rank,('add', 0.1),False,del - score,('add', 0.4),False,del",2262.5,373.875020265439,Inf,6.05148746871,4.11599444326033e-05,"rank,('add', 0.1),False,del","score,('add', 0.4),False,del"
"rank","rank,('add', 0.1),False,del - score,('add', 0.4),True,add",2256.08076923077,373.875020265439,Inf,6.03431801255143,4.57834382612871e-05,"rank,('add', 0.1),False,del","score,('add', 0.4),True,add"
"rank","rank,('add', 0.1),False,del - (score,('add', 0.4),True,all-sep)",2379.71538461538,373.875020265439,Inf,6.36500235540172,5.60082367574273e-06,"rank,('add', 0.1),False,del","(score,('add', 0.4),True,all-sep)"
"rank","rank,('add', 0.1),False,del - (score,('add', 0.4),True,all-uni)",2230,373.875020265439,Inf,5.96456002440808,7.03503442143893e-05,"rank,('add', 0.1),False,del","(score,('add', 0.4),True,all-uni)"
"rank","rank,('add', 0.1),False,del - score,('add', 0.4),True,del",2417.05,373.875020265439,Inf,6.46486089999801,2.90792351190259e-06,"rank,('add', 0.1),False,del","score,('add', 0.4),True,del"
"rank","rank,('add', 0.1),False,del - score,('add', 0.5),False,add",2232.78461538462,373.875020265439,Inf,5.97200800898496,6.72118734713752e-05,"rank,('add', 0.1),False,del","score,('add', 0.5),False,add"
"rank","rank,('add', 0.1),False,del - (score,('add', 0.5),False,all-sep)",2302.78076923077,373.875020265439,Inf,6.15922606328679,2.09654563833876e-05,"rank,('add', 0.1),False,del","(score,('add', 0.5),False,all-sep)"
"rank","rank,('add', 0.1),False,del - (score,('add', 0.5),False,all-uni)",2232.78461538461,373.875020265439,Inf,5.97200800898496,6.72118734713749e-05,"rank,('add', 0.1),False,del","(score,('add', 0.5),False,all-uni)"
"rank","rank,('add', 0.1),False,del - score,('add', 0.5),False,del",2258.86538461538,373.875020265439,Inf,6.0417659971283,4.37187711289704e-05,"rank,('add', 0.1),False,del","score,('add', 0.5),False,del"
"rank","rank,('add', 0.1),False,del - score,('add', 0.5),True,add",2289.47692307692,373.875020265439,Inf,6.12364239111634,2.62307409071237e-05,"rank,('add', 0.1),False,del","score,('add', 0.5),True,add"
"rank","rank,('add', 0.1),False,del - (score,('add', 0.5),True,all-sep)",2351.39230769231,373.875020265439,Inf,6.28924688796512,9.14920048796069e-06,"rank,('add', 0.1),False,del","(score,('add', 0.5),True,all-sep)"
"rank","rank,('add', 0.1),False,del - (score,('add', 0.5),True,all-uni)",2289.47692307692,373.875020265439,Inf,6.12364239111634,2.62307409071237e-05,"rank,('add', 0.1),False,del","(score,('add', 0.5),True,all-uni)"
"rank","rank,('add', 0.1),False,del - score,('add', 0.5),True,del",2301.06923076923,373.875020265439,Inf,6.15464822746261,2.15800710913386e-05,"rank,('add', 0.1),False,del","score,('add', 0.5),True,del"
"rank","rank,('add', 0.1),False,del - score,('add', 0.6),False,add",2286.09615384615,373.875020265439,Inf,6.11459987945464,2.77621045675959e-05,"rank,('add', 0.1),False,del","score,('add', 0.6),False,add"
"rank","rank,('add', 0.1),False,del - (score,('add', 0.6),False,all-sep)",2317.34615384615,373.875020265439,Inf,6.19818396051417,1.63815452243026e-05,"rank,('add', 0.1),False,del","(score,('add', 0.6),False,all-sep)"
"rank","rank,('add', 0.1),False,del - (score,('add', 0.6),False,all-uni)",2286.09615384615,373.875020265439,Inf,6.11459987945464,2.77621045675957e-05,"rank,('add', 0.1),False,del","(score,('add', 0.6),False,all-uni)"
"rank","rank,('add', 0.1),False,del - score,('add', 0.6),False,del",2286.09615384615,373.875020265439,Inf,6.11459987945464,2.77621045675959e-05,"rank,('add', 0.1),False,del","score,('add', 0.6),False,del"
"rank","rank,('add', 0.1),False,del - score,('add', 0.6),True,add",2385.79615384615,373.875020265439,Inf,6.38126653166696,5.03704897681873e-06,"rank,('add', 0.1),False,del","score,('add', 0.6),True,add"
"rank","rank,('add', 0.1),False,del - (score,('add', 0.6),True,all-sep)",2399.03846153846,373.875020265439,Inf,6.41668560749318,3.99435318852257e-06,"rank,('add', 0.1),False,del","(score,('add', 0.6),True,all-sep)"
"rank","rank,('add', 0.1),False,del - (score,('add', 0.6),True,all-uni)",2385.78076923077,373.875020265439,Inf,6.3812253825809,5.03840285196358e-06,"rank,('add', 0.1),False,del","(score,('add', 0.6),True,all-uni)"
"rank","rank,('add', 0.1),False,del - score,('add', 0.6),True,del",2381.53461538462,373.875020265439,Inf,6.36986823482832,5.42598829356844e-06,"rank,('add', 0.1),False,del","score,('add', 0.6),True,del"
"rank","rank,('add', 0.1),False,del - score,('add', 0.7),False,add",2316.95769230769,373.875020265439,Inf,6.19714494609115,1.64900101048094e-05,"rank,('add', 0.1),False,del","score,('add', 0.7),False,add"
"rank","rank,('add', 0.1),False,del - (score,('add', 0.7),False,all-sep)",2338.47692307692,373.875020265439,Inf,6.25470223021768,1.14225290700868e-05,"rank,('add', 0.1),False,del","(score,('add', 0.7),False,all-sep)"
"rank","rank,('add', 0.1),False,del - (score,('add', 0.7),False,all-uni)",2316.95769230769,373.875020265439,Inf,6.19714494609115,1.64900101048095e-05,"rank,('add', 0.1),False,del","(score,('add', 0.7),False,all-uni)"
"rank","rank,('add', 0.1),False,del - score,('add', 0.7),False,del",2316.95769230769,373.875020265439,Inf,6.19714494609115,1.64900101048093e-05,"rank,('add', 0.1),False,del","score,('add', 0.7),False,del"
"rank","rank,('add', 0.1),False,del - score,('add', 0.7),True,add",2399.46538461538,373.875020265439,Inf,6.41782749463134,3.96451562441854e-06,"rank,('add', 0.1),False,del","score,('add', 0.7),True,add"
"rank","rank,('add', 0.1),False,del - (score,('add', 0.7),True,all-sep)",2445.14615384615,373.875020265439,Inf,6.54000941841522,1.76424903169667e-06,"rank,('add', 0.1),False,del","(score,('add', 0.7),True,all-sep)"
"rank","rank,('add', 0.1),False,del - (score,('add', 0.7),True,all-uni)",2399.43461538461,373.875020265439,Inf,6.41774519645922,3.96665877577296e-06,"rank,('add', 0.1),False,del","(score,('add', 0.7),True,all-uni)"
"rank","rank,('add', 0.1),False,del - score,('add', 0.7),True,del",2312.36538461538,373.875020265439,Inf,6.18486194390222,1.78265824838546e-05,"rank,('add', 0.1),False,del","score,('add', 0.7),True,del"
"rank","rank,('add', 0.1),False,del - score,('add', 0.8),False,add",2373.22307692308,373.875020265439,Inf,6.34763744108437,6.27078496589604e-06,"rank,('add', 0.1),False,del","score,('add', 0.8),False,add"
"rank","rank,('add', 0.1),False,del - (score,('add', 0.8),False,all-sep)",2366.59615384615,373.875020265439,Inf,6.32991247226399,7.03521283288299e-06,"rank,('add', 0.1),False,del","(score,('add', 0.8),False,all-sep)"
"rank","rank,('add', 0.1),False,del - (score,('add', 0.8),False,all-uni)",2373.22307692308,373.875020265439,Inf,6.34763744108437,6.27078496589604e-06,"rank,('add', 0.1),False,del","(score,('add', 0.8),False,all-uni)"
"rank","rank,('add', 0.1),False,del - score,('add', 0.8),False,del",2373.22307692308,373.875020265439,Inf,6.34763744108437,6.27078496589604e-06,"rank,('add', 0.1),False,del","score,('add', 0.8),False,del"
"rank","rank,('add', 0.1),False,del - score,('add', 0.8),True,add",2363.54230769231,373.875020265439,Inf,6.32174437868106,7.41742117656404e-06,"rank,('add', 0.1),False,del","score,('add', 0.8),True,add"
"rank","rank,('add', 0.1),False,del - (score,('add', 0.8),True,all-sep)",2371.27307692308,373.875020265439,Inf,6.34242179442625,6.48687208460587e-06,"rank,('add', 0.1),False,del","(score,('add', 0.8),True,all-sep)"
"rank","rank,('add', 0.1),False,del - (score,('add', 0.8),True,all-uni)",2363.54230769231,373.875020265439,Inf,6.32174437868106,7.41742117656409e-06,"rank,('add', 0.1),False,del","(score,('add', 0.8),True,all-uni)"
"rank","rank,('add', 0.1),False,del - score,('add', 0.8),True,del",2313.43461538462,373.875020265439,Inf,6.18772180538339,1.75062508508017e-05,"rank,('add', 0.1),False,del","score,('add', 0.8),True,del"
"rank","rank,('add', 0.1),False,del - score,('add', 0.9),False,add",2357.19230769231,373.875020265439,Inf,6.30476009340977,8.27821336328008e-06,"rank,('add', 0.1),False,del","score,('add', 0.9),False,add"
"rank","rank,('add', 0.1),False,del - (score,('add', 0.9),False,all-sep)",2356.96923076923,373.875020265439,Inf,6.30416343166189,8.31016268989865e-06,"rank,('add', 0.1),False,del","(score,('add', 0.9),False,all-sep)"
"rank","rank,('add', 0.1),False,del - (score,('add', 0.9),False,all-uni)",2357.19230769231,373.875020265439,Inf,6.30476009340977,8.27821336328013e-06,"rank,('add', 0.1),False,del","(score,('add', 0.9),False,all-uni)"
"rank","rank,('add', 0.1),False,del - score,('add', 0.9),False,del",2357.19230769231,373.875020265439,Inf,6.30476009340977,8.27821336328008e-06,"rank,('add', 0.1),False,del","score,('add', 0.9),False,del"
"rank","rank,('add', 0.1),False,del - score,('add', 0.9),True,add",2362.73461538462,373.875020265439,Inf,6.31958405166291,7.52185395766683e-06,"rank,('add', 0.1),False,del","score,('add', 0.9),True,add"
"rank","rank,('add', 0.1),False,del - (score,('add', 0.9),True,all-sep)",2363.26538461538,373.875020265439,Inf,6.32100369513198,7.45306617102592e-06,"rank,('add', 0.1),False,del","(score,('add', 0.9),True,all-sep)"
"rank","rank,('add', 0.1),False,del - (score,('add', 0.9),True,all-uni)",2362.73461538462,373.875020265439,Inf,6.31958405166291,7.52185395766683e-06,"rank,('add', 0.1),False,del","(score,('add', 0.9),True,all-uni)"
"rank","rank,('add', 0.1),False,del - score,('add', 0.9),True,del",2358.20769230769,373.875020265439,Inf,6.30747593308973,8.1342979965829e-06,"rank,('add', 0.1),False,del","score,('add', 0.9),True,del"
"rank","rank,('add', 0.1),False,del - score,mul,False,add",2615.06923076923,373.875020265439,Inf,6.99450107394877,7.63474632674546e-08,"rank,('add', 0.1),False,del","score,mul,False,add"
"rank","rank,('add', 0.1),False,del - (score,mul,False,all-sep)",2912.6,373.875020265439,Inf,7.79030382380762,1.91720796118352e-10,"rank,('add', 0.1),False,del","(score,mul,False,all-sep)"
"rank","rank,('add', 0.1),False,del - (score,mul,False,all-uni)",2675.52307692308,373.875020265439,Inf,7.15619640762184,2.37889932734977e-08,"rank,('add', 0.1),False,del","(score,mul,False,all-uni)"
"rank","rank,('add', 0.1),False,del - score,mul,False,del",2675.52307692308,373.875020265439,Inf,7.15619640762184,2.37889932734978e-08,"rank,('add', 0.1),False,del","score,mul,False,del"
"rank","rank,('add', 0.1),False,del - score,mul,True,add",2129.23846153846,373.875020265439,Inf,5.69505408525761,0.000353718522365007,"rank,('add', 0.1),False,del","score,mul,True,add"
"rank","rank,('add', 0.1),False,del - (score,mul,True,all-sep)",2410.83076923077,373.875020265439,Inf,6.44822638195822,3.24561934586429e-06,"rank,('add', 0.1),False,del","(score,mul,True,all-sep)"
"rank","rank,('add', 0.1),False,del - (score,mul,True,all-uni)",2189.65384615385,373.875020265439,Inf,5.85664654621553,0.00013545759912847,"rank,('add', 0.1),False,del","(score,mul,True,all-uni)"
"rank","rank,('add', 0.1),False,del - score,mul,True,del",2705.76538461538,373.875020265413,Inf,7.23708522354493,1.31477753764911e-08,"rank,('add', 0.1),False,del","score,mul,True,del"
"rank","rank,('add', 0.1),True,add - (rank,('add', 0.3),True,all-sep)",2148.87307692308,373.875020265439,Inf,5.74757060634179,0.000259653801787656,"rank,('add', 0.1),True,add","(rank,('add', 0.3),True,all-sep)"
"rank","rank,('add', 0.1),True,add - rank,('add', 0.4),False,add",1968.23076923077,373.875020265439,Inf,5.26440832509589,0.00403359983487612,"rank,('add', 0.1),True,add","rank,('add', 0.4),False,add"
"rank","rank,('add', 0.1),True,add - (rank,('add', 0.4),False,all-sep)",2273.85769230769,373.875020265439,Inf,6.08186578149385,3.40695437862215e-05,"rank,('add', 0.1),True,add","(rank,('add', 0.4),False,all-sep)"
"rank","rank,('add', 0.1),True,add - (rank,('add', 0.4),False,all-uni)",2026.44230769231,373.875020265439,Inf,5.4201061794757,0.00170828541867219,"rank,('add', 0.1),True,add","(rank,('add', 0.4),False,all-uni)"
"rank","rank,('add', 0.1),True,add - rank,('add', 0.4),False,del",2029.00769230769,373.875020265439,Inf,5.42696778957622,0.0016439223259764,"rank,('add', 0.1),True,add","rank,('add', 0.4),False,del"
"rank","rank,('add', 0.1),True,add - rank,('add', 0.4),True,add",2087.96153846154,373.875020265439,Inf,5.58465108735843,0.000671599170544722,"rank,('add', 0.1),True,add","rank,('add', 0.4),True,add"
"rank","rank,('add', 0.1),True,add - (rank,('add', 0.4),True,all-sep)",2502.87307692308,373.875020265439,Inf,6.69441107658415,6.21042204964285e-07,"rank,('add', 0.1),True,add","(rank,('add', 0.4),True,all-sep)"
"rank","rank,('add', 0.1),True,add - (rank,('add', 0.4),True,all-uni)",2087.96153846154,373.875020265439,Inf,5.58465108735843,0.000671599170544725,"rank,('add', 0.1),True,add","(rank,('add', 0.4),True,all-uni)"
"rank","rank,('add', 0.1),True,add - rank,('add', 0.4),True,del",2109.89615384615,373.875020265439,Inf,5.64331939680858,0.00047838953839157,"rank,('add', 0.1),True,add","rank,('add', 0.4),True,del"
"rank","rank,('add', 0.1),True,add - rank,('add', 0.5),False,add",2366.13846153846,373.875020265439,Inf,6.3286882869537,7.09124527582977e-06,"rank,('add', 0.1),True,add","rank,('add', 0.5),False,add"
"rank","rank,('add', 0.1),True,add - (rank,('add', 0.5),False,all-sep)",2375.93846153846,373.875020265439,Inf,6.35490025477397,5.98155552572588e-06,"rank,('add', 0.1),True,add","(rank,('add', 0.5),False,all-sep)"
"rank","rank,('add', 0.1),True,add - (rank,('add', 0.5),False,all-uni)",2426.63846153846,373.875020265439,Inf,6.49050706788495,2.45351527109919e-06,"rank,('add', 0.1),True,add","(rank,('add', 0.5),False,all-uni)"
"rank","rank,('add', 0.1),True,add - rank,('add', 0.5),False,del",2426.59230769231,373.875020265439,Inf,6.49038362062677,2.4555265944107e-06,"rank,('add', 0.1),True,add","rank,('add', 0.5),False,del"
"rank","rank,('add', 0.1),True,add - rank,('add', 0.5),True,add",2223.36153846154,373.875020265439,Inf,5.94680419377316,7.84191963750637e-05,"rank,('add', 0.1),True,add","rank,('add', 0.5),True,add"
"rank","rank,('add', 0.1),True,add - (rank,('add', 0.5),True,all-sep)",2380.31153846154,373.875020265439,Inf,6.36659688248655,5.54293316466238e-06,"rank,('add', 0.1),True,add","(rank,('add', 0.5),True,all-sep)"
"rank","rank,('add', 0.1),True,add - (rank,('add', 0.5),True,all-uni)",2225.24230769231,373.875020265439,Inf,5.95183466954401,7.60459253031806e-05,"rank,('add', 0.1),True,add","(rank,('add', 0.5),True,all-uni)"
"rank","rank,('add', 0.1),True,add - rank,('add', 0.5),True,del",2374.73461538462,373.875020265439,Inf,6.35168033878977,6.10813849476125e-06,"rank,('add', 0.1),True,add","rank,('add', 0.5),True,del"
"rank","rank,('add', 0.1),True,add - rank,('add', 0.6),False,add",2435.63846153846,373.875020265439,Inf,6.5145792832301,2.09059054469061e-06,"rank,('add', 0.1),True,add","rank,('add', 0.6),False,add"
"rank","rank,('add', 0.1),True,add - (rank,('add', 0.6),False,all-sep)",2408.39230769231,373.875020265439,Inf,6.4417042518177,3.38823573210989e-06,"rank,('add', 0.1),True,add","(rank,('add', 0.6),False,all-sep)"
"rank","rank,('add', 0.1),True,add - (rank,('add', 0.6),False,all-uni)",2493.00384615385,373.875020265439,Inf,6.66801393787661,7.43638458353004e-07,"rank,('add', 0.1),True,add","(rank,('add', 0.6),False,all-uni)"
"rank","rank,('add', 0.1),True,add - rank,('add', 0.6),False,del",2495.76923076923,373.875020265439,Inf,6.67541048609591,7.07079904175389e-07,"rank,('add', 0.1),True,add","rank,('add', 0.6),False,del"
"rank","rank,('add', 0.1),True,add - rank,('add', 0.6),True,add",2080.94230769231,373.875020265439,Inf,5.56587681684352,0.000748081847333931,"rank,('add', 0.1),True,add","rank,('add', 0.6),True,add"
"rank","rank,('add', 0.1),True,add - (rank,('add', 0.6),True,all-sep)",2322.71153846154,373.875020265439,Inf,6.21253470427762,1.49527942916894e-05,"rank,('add', 0.1),True,add","(rank,('add', 0.6),True,all-sep)"
"rank","rank,('add', 0.1),True,add - (rank,('add', 0.6),True,all-uni)",2080.94230769231,373.875020265439,Inf,5.56587681684352,0.000748081847333935,"rank,('add', 0.1),True,add","(rank,('add', 0.6),True,all-uni)"
"rank","rank,('add', 0.1),True,add - rank,('add', 0.6),True,del",2412.33076923077,373.875020265439,Inf,6.45223841784908,3.16082307697347e-06,"rank,('add', 0.1),True,add","rank,('add', 0.6),True,del"
"rank","rank,('add', 0.1),True,add - rank,('add', 0.7),False,add",2449.10384615385,373.875020265439,Inf,6.55059502080418,1.64360140936926e-06,"rank,('add', 0.1),True,add","rank,('add', 0.7),False,add"
"rank","rank,('add', 0.1),True,add - (rank,('add', 0.7),False,all-sep)",2439.31538461538,373.875020265439,Inf,6.52441391479846,1.95792466407044e-06,"rank,('add', 0.1),True,add","(rank,('add', 0.7),False,all-sep)"
"rank","rank,('add', 0.1),True,add - (rank,('add', 0.7),False,all-uni)",2505.77692307692,373.875020265439,Inf,6.70217796657799,5.88902896762722e-07,"rank,('add', 0.1),True,add","(rank,('add', 0.7),False,all-uni)"
"rank","rank,('add', 0.1),True,add - rank,('add', 0.7),False,del",2535.04230769231,373.875020265439,Inf,6.78045381553577,3.43583447280735e-07,"rank,('add', 0.1),True,add","rank,('add', 0.7),False,del"
"rank","rank,('add', 0.1),True,add - rank,('add', 0.7),True,add",2155.08076923077,373.875020265439,Inf,5.76417426256703,0.000235344053288982,"rank,('add', 0.1),True,add","rank,('add', 0.7),True,add"
"rank","rank,('add', 0.1),True,add - (rank,('add', 0.7),True,all-sep)",2324.2,373.875020265439,Inf,6.21651587835393,1.45784732549467e-05,"rank,('add', 0.1),True,add","(rank,('add', 0.7),True,all-sep)"
"rank","rank,('add', 0.1),True,add - (rank,('add', 0.7),True,all-uni)",2146.36538461538,373.875020265439,Inf,5.74086330531399,0.000270151558811088,"rank,('add', 0.1),True,add","(rank,('add', 0.7),True,all-uni)"
"rank","rank,('add', 0.1),True,add - rank,('add', 0.7),True,del",2389.03846153846,373.875020265439,Inf,6.38993870155413,4.75951099793162e-06,"rank,('add', 0.1),True,add","rank,('add', 0.7),True,del"
"rank","rank,('add', 0.1),True,add - rank,('add', 0.8),False,add",2445.91923076923,373.875020265439,Inf,6.54207715998974,1.74002087944434e-06,"rank,('add', 0.1),True,add","rank,('add', 0.8),False,add"
"rank","rank,('add', 0.1),True,add - (rank,('add', 0.8),False,all-sep)",2415.50384615385,373.875020265439,Inf,6.46072541684897,2.98852039775855e-06,"rank,('add', 0.1),True,add","(rank,('add', 0.8),False,all-sep)"
"rank","rank,('add', 0.1),True,add - (rank,('add', 0.8),False,all-uni)",2445.91923076923,373.875020265439,Inf,6.54207715998974,1.74002087944434e-06,"rank,('add', 0.1),True,add","(rank,('add', 0.8),False,all-uni)"
"rank","rank,('add', 0.1),True,add - rank,('add', 0.8),False,del",2445.91923076923,373.875020265439,Inf,6.54207715998974,1.74002087944434e-06,"rank,('add', 0.1),True,add","rank,('add', 0.8),False,del"
"rank","rank,('add', 0.1),True,add - rank,('add', 0.8),True,add",2169.37692307692,373.875020265439,Inf,5.80241205078836,0.000187474514068298,"rank,('add', 0.1),True,add","rank,('add', 0.8),True,add"
"rank","rank,('add', 0.1),True,add - (rank,('add', 0.8),True,all-sep)",2347.55384615385,373.875020265439,Inf,6.27898019099313,9.77417283357962e-06,"rank,('add', 0.1),True,add","(rank,('add', 0.8),True,all-sep)"
"rank","rank,('add', 0.1),True,add - (rank,('add', 0.8),True,all-uni)",2169.37692307692,373.875020265439,Inf,5.80241205078836,0.000187474514068298,"rank,('add', 0.1),True,add","(rank,('add', 0.8),True,all-uni)"
"rank","rank,('add', 0.1),True,add - rank,('add', 0.8),True,del",2437.77307692308,373.875020265439,Inf,6.52028871892093,2.01253832810293e-06,"rank,('add', 0.1),True,add","rank,('add', 0.8),True,del"
"rank","rank,('add', 0.1),True,add - rank,('add', 0.9),False,add",2252.93846153846,373.875020265439,Inf,6.02591331172366,4.82275139801183e-05,"rank,('add', 0.1),True,add","rank,('add', 0.9),False,add"
"rank","rank,('add', 0.1),True,add - (rank,('add', 0.9),False,all-sep)",2202.68846153846,373.875020265439,Inf,5.89151010937993,0.000109753267524796,"rank,('add', 0.1),True,add","(rank,('add', 0.9),False,all-sep)"
"rank","rank,('add', 0.1),True,add - (rank,('add', 0.9),False,all-uni)",2226.85769230769,373.875020265439,Inf,5.95615532358032,7.40634928628983e-05,"rank,('add', 0.1),True,add","(rank,('add', 0.9),False,all-uni)"
"rank","rank,('add', 0.1),True,add - rank,('add', 0.9),False,del",2252.93846153846,373.875020265439,Inf,6.02591331172366,4.82275139801183e-05,"rank,('add', 0.1),True,add","rank,('add', 0.9),False,del"
"rank","rank,('add', 0.1),True,add - rank,('add', 0.9),True,add",2222.28461538462,373.875020265439,Inf,5.94392375774896,7.98104376787954e-05,"rank,('add', 0.1),True,add","rank,('add', 0.9),True,add"
"rank","rank,('add', 0.1),True,add - (rank,('add', 0.9),True,all-sep)",2318.39230769231,373.875020265439,Inf,6.20098209836626,1.60928920189449e-05,"rank,('add', 0.1),True,add","(rank,('add', 0.9),True,all-sep)"
"rank","rank,('add', 0.1),True,add - (rank,('add', 0.9),True,all-uni)",2222.28461538462,373.875020265439,Inf,5.94392375774896,7.9810437678795e-05,"rank,('add', 0.1),True,add","(rank,('add', 0.9),True,all-uni)"
"rank","rank,('add', 0.1),True,add - rank,('add', 0.9),True,del",2193.45,373.875020265439,Inf,5.86680008320086,0.000127421172593363,"rank,('add', 0.1),True,add","rank,('add', 0.9),True,del"
"rank","rank,('add', 0.1),True,add - (rank,mul,False,all-sep)",1793.25769230769,373.875020265439,Inf,4.79640948206312,0.0463282097590108,"rank,('add', 0.1),True,add","(rank,mul,False,all-sep)"
"rank","rank,('add', 0.1),True,add - rank,mul,True,add",1795.17307692308,373.875020265439,Inf,4.8015325432776,0.0451583559433966,"rank,('add', 0.1),True,add","rank,mul,True,add"
"rank","rank,('add', 0.1),True,add - (rank,mul,True,all-sep)",2214.01538461538,373.875020265439,Inf,5.92180612399167,9.13242590708264e-05,"rank,('add', 0.1),True,add","(rank,mul,True,all-sep)"
"rank","rank,('add', 0.1),True,add - (rank,mul,True,all-uni)",1789.00769230769,373.875020265439,Inf,4.78504204703902,0.0490289020400289,"rank,('add', 0.1),True,add","(rank,mul,True,all-uni)"
"rank","rank,('add', 0.1),True,add - score,('add', 0.1),False,add",2449.88461538462,373.875020265439,Inf,6.55268333692173,1.6207719401977e-06,"rank,('add', 0.1),True,add","score,('add', 0.1),False,add"
"rank","rank,('add', 0.1),True,add - (score,('add', 0.1),False,all-sep)",2643.48846153846,373.875020265439,Inf,7.07051372317325,4.42707830191639e-08,"rank,('add', 0.1),True,add","(score,('add', 0.1),False,all-sep)"
"rank","rank,('add', 0.1),True,add - (score,('add', 0.1),False,all-uni)",2388.89230769231,373.875020265439,Inf,6.38954778523656,4.77169353613823e-06,"rank,('add', 0.1),True,add","(score,('add', 0.1),False,all-uni)"
"rank","rank,('add', 0.1),True,add - score,('add', 0.1),False,del",2513.52307692308,373.875020265439,Inf,6.72289653140923,5.10925861457041e-07,"rank,('add', 0.1),True,add","score,('add', 0.1),False,del"
"rank","rank,('add', 0.1),True,add - score,('add', 0.1),True,add",1993.23461538462,373.875020265439,Inf,5.33128587721502,0.00279686670023478,"rank,('add', 0.1),True,add","score,('add', 0.1),True,add"
"rank","rank,('add', 0.1),True,add - (score,('add', 0.1),True,all-sep)",2482.66538461538,373.875020265439,Inf,6.64036175204424,8.97437950834611e-07,"rank,('add', 0.1),True,add","(score,('add', 0.1),True,all-sep)"
"rank","rank,('add', 0.1),True,add - (score,('add', 0.1),True,all-uni)",1991.97692307692,373.875020265439,Inf,5.32792193942961,0.00284915148886063,"rank,('add', 0.1),True,add","(score,('add', 0.1),True,all-uni)"
"rank","rank,('add', 0.1),True,add - score,('add', 0.1),True,del",2513.89615384615,373.875020265439,Inf,6.72389439674619,5.07437207046537e-07,"rank,('add', 0.1),True,add","score,('add', 0.1),True,del"
"rank","rank,('add', 0.1),True,add - score,('add', 0.2),False,add",2498.04230769231,373.875020265439,Inf,6.68149026356128,6.7835225508276e-07,"rank,('add', 0.1),True,add","score,('add', 0.2),False,add"
"rank","rank,('add', 0.1),True,add - (score,('add', 0.2),False,all-sep)",2455.56153846154,373.875020265439,Inf,6.5678673496779,1.46385524163467e-06,"rank,('add', 0.1),True,add","(score,('add', 0.2),False,all-sep)"
"rank","rank,('add', 0.1),True,add - (score,('add', 0.2),False,all-uni)",2482.80384615385,373.875020265439,Inf,6.64073209381878,8.9518573613338e-07,"rank,('add', 0.1),True,add","(score,('add', 0.2),False,all-uni)"
"rank","rank,('add', 0.1),True,add - score,('add', 0.2),False,del",2498.17307692308,373.875020265439,Inf,6.68184003079279,6.76734785803571e-07,"rank,('add', 0.1),True,add","score,('add', 0.2),False,del"
"rank","rank,('add', 0.1),True,add - score,('add', 0.2),True,add",2127.18461538461,373.875020265439,Inf,5.68956068226859,0.000365287474225948,"rank,('add', 0.1),True,add","score,('add', 0.2),True,add"
"rank","rank,('add', 0.1),True,add - (score,('add', 0.2),True,all-sep)",2468.54230769231,373.875020265439,Inf,6.60258689104109,1.15879907653748e-06,"rank,('add', 0.1),True,add","(score,('add', 0.2),True,all-sep)"
"rank","rank,('add', 0.1),True,add - (score,('add', 0.2),True,all-uni)",2101.10384615385,373.875020265439,Inf,5.61980269412525,0.000548291791061495,"rank,('add', 0.1),True,add","(score,('add', 0.2),True,all-uni)"
"rank","rank,('add', 0.1),True,add - score,('add', 0.2),True,del",2522.33076923077,373.875020265439,Inf,6.74645438317863,4.34506785153938e-07,"rank,('add', 0.1),True,add","score,('add', 0.2),True,del"
"rank","rank,('add', 0.1),True,add - score,('add', 0.3),False,add",2325.47307692308,373.875020265439,Inf,6.2199209652254,1.42655859810102e-05,"rank,('add', 0.1),True,add","score,('add', 0.3),False,add"
"rank","rank,('add', 0.1),True,add - (score,('add', 0.3),False,all-sep)",2114.01538461538,373.875020265439,Inf,5.65433706460117,0.000448695523472187,"rank,('add', 0.1),True,add","(score,('add', 0.3),False,all-sep)"
"rank","rank,('add', 0.1),True,add - (score,('add', 0.3),False,all-uni)",2325.47307692308,373.875020265439,Inf,6.2199209652254,1.42655859810102e-05,"rank,('add', 0.1),True,add","(score,('add', 0.3),False,all-uni)"
"rank","rank,('add', 0.1),True,add - score,('add', 0.3),False,del",2325.61153846154,373.875020265439,Inf,6.22029130699995,1.42319537266254e-05,"rank,('add', 0.1),True,add","score,('add', 0.3),False,del"
"rank","rank,('add', 0.1),True,add - score,('add', 0.3),True,add",2231.08461538462,373.875020265439,Inf,5.96746103497532,6.91112883634251e-05,"rank,('add', 0.1),True,add","score,('add', 0.3),True,add"
"rank","rank,('add', 0.1),True,add - (score,('add', 0.3),True,all-sep)",2279.34230769231,373.875020265439,Inf,6.09653543067426,3.10868066996798e-05,"rank,('add', 0.1),True,add","(score,('add', 0.3),True,all-sep)"
"rank","rank,('add', 0.1),True,add - (score,('add', 0.3),True,all-uni)",2205.00384615385,373.875020265439,Inf,5.89770304683198,0.000105713491243375,"rank,('add', 0.1),True,add","(score,('add', 0.3),True,all-uni)"
"rank","rank,('add', 0.1),True,add - score,('add', 0.3),True,del",2420.65,373.875020265439,Inf,6.47448978613607,2.72841002149926e-06,"rank,('add', 0.1),True,add","score,('add', 0.3),True,del"
"rank","rank,('add', 0.1),True,add - score,('add', 0.4),False,add",2131.74230769231,373.875020265439,Inf,5.70175109901389,0.000340095738147043,"rank,('add', 0.1),True,add","score,('add', 0.4),False,add"
"rank","rank,('add', 0.1),True,add - (score,('add', 0.4),False,all-sep)",2171.88846153846,373.875020265439,Inf,5.80912963908766,0.000180105953544035,"rank,('add', 0.1),True,add","(score,('add', 0.4),False,all-sep)"
"rank","rank,('add', 0.1),True,add - (score,('add', 0.4),False,all-uni)",2131.74230769231,373.875020265439,Inf,5.70175109901389,0.000340095738147045,"rank,('add', 0.1),True,add","(score,('add', 0.4),False,all-uni)"
"rank","rank,('add', 0.1),True,add - score,('add', 0.4),False,del",2140.84615384615,373.875020265439,Inf,5.72610107068994,0.000294730052394021,"rank,('add', 0.1),True,add","score,('add', 0.4),False,del"
"rank","rank,('add', 0.1),True,add - score,('add', 0.4),True,add",2134.42692307692,373.875020265439,Inf,5.70893161453137,0.000326055909659813,"rank,('add', 0.1),True,add","score,('add', 0.4),True,add"
"rank","rank,('add', 0.1),True,add - (score,('add', 0.4),True,all-sep)",2258.06153846154,373.875020265439,Inf,6.03961595738167,4.4305283595234e-05,"rank,('add', 0.1),True,add","(score,('add', 0.4),True,all-sep)"
"rank","rank,('add', 0.1),True,add - (score,('add', 0.4),True,all-uni)",2108.34615384615,373.875020265439,Inf,5.63917362638803,0.000490049942424405,"rank,('add', 0.1),True,add","(score,('add', 0.4),True,all-uni)"
"rank","rank,('add', 0.1),True,add - score,('add', 0.4),True,del",2295.39615384615,373.875020265439,Inf,6.13947450197796,2.37455807320622e-05,"rank,('add', 0.1),True,add","score,('add', 0.4),True,del"
"rank","rank,('add', 0.1),True,add - score,('add', 0.5),False,add",2111.13076923077,373.875020265439,Inf,5.64662161096491,0.000469294941853111,"rank,('add', 0.1),True,add","score,('add', 0.5),False,add"
"rank","rank,('add', 0.1),True,add - (score,('add', 0.5),False,all-sep)",2181.12692307692,373.875020265439,Inf,5.83383966526674,0.000155348586447716,"rank,('add', 0.1),True,add","(score,('add', 0.5),False,all-sep)"
"rank","rank,('add', 0.1),True,add - (score,('add', 0.5),False,all-uni)",2111.13076923077,373.875020265439,Inf,5.6466216109649,0.000469294941853113,"rank,('add', 0.1),True,add","(score,('add', 0.5),False,all-uni)"
"rank","rank,('add', 0.1),True,add - score,('add', 0.5),False,del",2137.21153846154,373.875020265439,Inf,5.71637959910825,0.000312088611294511,"rank,('add', 0.1),True,add","score,('add', 0.5),False,del"
"rank","rank,('add', 0.1),True,add - score,('add', 0.5),True,add",2167.82307692308,373.875020265439,Inf,5.79825599309629,0.000192179262420686,"rank,('add', 0.1),True,add","score,('add', 0.5),True,add"
"rank","rank,('add', 0.1),True,add - (score,('add', 0.5),True,all-sep)",2229.73846153846,373.875020265439,Inf,5.96386048994506,7.06523460184342e-05,"rank,('add', 0.1),True,add","(score,('add', 0.5),True,all-sep)"
"rank","rank,('add', 0.1),True,add - (score,('add', 0.5),True,all-uni)",2167.82307692308,373.875020265439,Inf,5.79825599309629,0.000192179262420686,"rank,('add', 0.1),True,add","(score,('add', 0.5),True,all-uni)"
"rank","rank,('add', 0.1),True,add - score,('add', 0.5),True,del",2179.41538461538,373.875020265439,Inf,5.82926182944255,0.00015967043122008,"rank,('add', 0.1),True,add","score,('add', 0.5),True,del"
"rank","rank,('add', 0.1),True,add - score,('add', 0.6),False,add",2164.44230769231,373.875020265439,Inf,5.78921348143458,0.000202815704589846,"rank,('add', 0.1),True,add","score,('add', 0.6),False,add"
"rank","rank,('add', 0.1),True,add - (score,('add', 0.6),False,all-sep)",2195.69230769231,373.875020265439,Inf,5.87279756249411,0.00012289426293116,"rank,('add', 0.1),True,add","(score,('add', 0.6),False,all-sep)"
"rank","rank,('add', 0.1),True,add - (score,('add', 0.6),False,all-uni)",2164.44230769231,373.875020265439,Inf,5.78921348143459,0.000202815704589845,"rank,('add', 0.1),True,add","(score,('add', 0.6),False,all-uni)"
"rank","rank,('add', 0.1),True,add - score,('add', 0.6),False,del",2164.44230769231,373.875020265439,Inf,5.78921348143458,0.000202815704589846,"rank,('add', 0.1),True,add","score,('add', 0.6),False,del"
"rank","rank,('add', 0.1),True,add - score,('add', 0.6),True,add",2264.14230769231,373.875020265439,Inf,6.05588013364691,4.00521841781128e-05,"rank,('add', 0.1),True,add","score,('add', 0.6),True,add"
"rank","rank,('add', 0.1),True,add - (score,('add', 0.6),True,all-sep)",2277.38461538462,373.875020265439,Inf,6.09129920947312,3.21210255877365e-05,"rank,('add', 0.1),True,add","(score,('add', 0.6),True,all-sep)"
"rank","rank,('add', 0.1),True,add - (score,('add', 0.6),True,all-uni)",2264.12692307692,373.875020265439,Inf,6.05583898456085,4.00624252208137e-05,"rank,('add', 0.1),True,add","(score,('add', 0.6),True,all-uni)"
"rank","rank,('add', 0.1),True,add - score,('add', 0.6),True,del",2259.88076923077,373.875020265439,Inf,6.04448183680827,4.29887209588241e-05,"rank,('add', 0.1),True,add","score,('add', 0.6),True,del"
"rank","rank,('add', 0.1),True,add - score,('add', 0.7),False,add",2195.30384615385,373.875020265439,Inf,5.8717585480711,0.000123667142949198,"rank,('add', 0.1),True,add","score,('add', 0.7),False,add"
"rank","rank,('add', 0.1),True,add - (score,('add', 0.7),False,all-sep)",2216.82307692308,373.875020265439,Inf,5.92931583219763,8.72444118750997e-05,"rank,('add', 0.1),True,add","(score,('add', 0.7),False,all-sep)"
"rank","rank,('add', 0.1),True,add - (score,('add', 0.7),False,all-uni)",2195.30384615385,373.875020265439,Inf,5.8717585480711,0.000123667142949198,"rank,('add', 0.1),True,add","(score,('add', 0.7),False,all-uni)"
"rank","rank,('add', 0.1),True,add - score,('add', 0.7),False,del",2195.30384615385,373.875020265439,Inf,5.8717585480711,0.000123667142949197,"rank,('add', 0.1),True,add","score,('add', 0.7),False,del"
"rank","rank,('add', 0.1),True,add - score,('add', 0.7),True,add",2277.81153846154,373.875020265439,Inf,6.09244109661129,3.18926668601136e-05,"rank,('add', 0.1),True,add","score,('add', 0.7),True,add"
"rank","rank,('add', 0.1),True,add - (score,('add', 0.7),True,all-sep)",2323.49230769231,373.875020265439,Inf,6.21462302039517,1.4755290407579e-05,"rank,('add', 0.1),True,add","(score,('add', 0.7),True,all-sep)"
"rank","rank,('add', 0.1),True,add - (score,('add', 0.7),True,all-uni)",2277.78076923077,373.875020265439,Inf,6.09235879843917,3.19090720799749e-05,"rank,('add', 0.1),True,add","(score,('add', 0.7),True,all-uni)"
"rank","rank,('add', 0.1),True,add - score,('add', 0.7),True,del",2190.71153846154,373.875020265439,Inf,5.85947554588216,0.000133170203486783,"rank,('add', 0.1),True,add","score,('add', 0.7),True,del"
"rank","rank,('add', 0.1),True,add - score,('add', 0.8),False,add",2251.56923076923,373.875020265439,Inf,6.02225104306431,4.93318438627183e-05,"rank,('add', 0.1),True,add","score,('add', 0.8),False,add"
"rank","rank,('add', 0.1),True,add - (score,('add', 0.8),False,all-sep)",2244.94230769231,373.875020265439,Inf,6.00452607424393,5.50345041482032e-05,"rank,('add', 0.1),True,add","(score,('add', 0.8),False,all-sep)"
"rank","rank,('add', 0.1),True,add - (score,('add', 0.8),False,all-uni)",2251.56923076923,373.875020265439,Inf,6.02225104306431,4.93318438627183e-05,"rank,('add', 0.1),True,add","(score,('add', 0.8),False,all-uni)"
"rank","rank,('add', 0.1),True,add - score,('add', 0.8),False,del",2251.56923076923,373.875020265439,Inf,6.02225104306431,4.93318438627183e-05,"rank,('add', 0.1),True,add","score,('add', 0.8),False,del"
"rank","rank,('add', 0.1),True,add - score,('add', 0.8),True,add",2241.88846153846,373.875020265439,Inf,5.99635798066101,5.78739241481565e-05,"rank,('add', 0.1),True,add","score,('add', 0.8),True,add"
"rank","rank,('add', 0.1),True,add - (score,('add', 0.8),True,all-sep)",2249.61923076923,373.875020265439,Inf,6.0170353964062,5.0947223491384e-05,"rank,('add', 0.1),True,add","(score,('add', 0.8),True,all-sep)"
"rank","rank,('add', 0.1),True,add - (score,('add', 0.8),True,all-uni)",2241.88846153846,373.875020265439,Inf,5.99635798066101,5.78739241481565e-05,"rank,('add', 0.1),True,add","(score,('add', 0.8),True,all-uni)"
"rank","rank,('add', 0.1),True,add - score,('add', 0.8),True,del",2191.78076923077,373.875020265439,Inf,5.86233540736334,0.00013089607414151,"rank,('add', 0.1),True,add","score,('add', 0.8),True,del"
"rank","rank,('add', 0.1),True,add - score,('add', 0.9),False,add",2235.53846153846,373.875020265439,Inf,5.97937369538971,6.42423860744877e-05,"rank,('add', 0.1),True,add","score,('add', 0.9),False,add"
"rank","rank,('add', 0.1),True,add - (score,('add', 0.9),False,all-sep)",2235.31538461538,373.875020265439,Inf,5.97877703364184,6.44780953107206e-05,"rank,('add', 0.1),True,add","(score,('add', 0.9),False,all-sep)"
"rank","rank,('add', 0.1),True,add - (score,('add', 0.9),False,all-uni)",2235.53846153846,373.875020265439,Inf,5.97937369538971,6.42423860744877e-05,"rank,('add', 0.1),True,add","(score,('add', 0.9),False,all-uni)"
"rank","rank,('add', 0.1),True,add - score,('add', 0.9),False,del",2235.53846153846,373.875020265439,Inf,5.97937369538971,6.42423860744877e-05,"rank,('add', 0.1),True,add","score,('add', 0.9),False,del"
"rank","rank,('add', 0.1),True,add - score,('add', 0.9),True,add",2241.08076923077,373.875020265439,Inf,5.99419765364286,5.86484591488532e-05,"rank,('add', 0.1),True,add","score,('add', 0.9),True,add"
"rank","rank,('add', 0.1),True,add - (score,('add', 0.9),True,all-sep)",2241.61153846154,373.875020265439,Inf,5.99561729711193,5.81383496650461e-05,"rank,('add', 0.1),True,add","(score,('add', 0.9),True,all-sep)"
"rank","rank,('add', 0.1),True,add - (score,('add', 0.9),True,all-uni)",2241.08076923077,373.875020265439,Inf,5.99419765364286,5.86484591488532e-05,"rank,('add', 0.1),True,add","(score,('add', 0.9),True,all-uni)"
"rank","rank,('add', 0.1),True,add - score,('add', 0.9),True,del",2236.55384615385,373.875020265439,Inf,5.98208953506968,6.3180065475353e-05,"rank,('add', 0.1),True,add","score,('add', 0.9),True,del"
"rank","rank,('add', 0.1),True,add - score,mul,False,add",2493.41538461538,373.875020265439,Inf,6.66911467592871,7.38082990462827e-07,"rank,('add', 0.1),True,add","score,mul,False,add"
"rank","rank,('add', 0.1),True,add - (score,mul,False,all-sep)",2790.94615384615,373.875020265439,Inf,7.46491742578756,2.39053154173329e-09,"rank,('add', 0.1),True,add","(score,mul,False,all-sep)"
"rank","rank,('add', 0.1),True,add - (score,mul,False,all-uni)",2553.86923076923,373.875020265439,Inf,6.83081000960178,2.42163878736027e-07,"rank,('add', 0.1),True,add","(score,mul,False,all-uni)"
"rank","rank,('add', 0.1),True,add - score,mul,False,del",2553.86923076923,373.875020265439,Inf,6.83081000960178,2.42163878736027e-07,"rank,('add', 0.1),True,add","score,mul,False,del"
"rank","rank,('add', 0.1),True,add - score,mul,True,add",2007.58461538462,373.875020265439,Inf,5.36966768723756,0.0022623317575996,"rank,('add', 0.1),True,add","score,mul,True,add"
"rank","rank,('add', 0.1),True,add - (score,mul,True,all-sep)",2289.17692307692,373.875020265439,Inf,6.12283998393817,2.63632293028626e-05,"rank,('add', 0.1),True,add","(score,mul,True,all-sep)"
"rank","rank,('add', 0.1),True,add - (score,mul,True,all-uni)",2068,373.875020265439,Inf,5.53126014819548,0.000911847284440395,"rank,('add', 0.1),True,add","(score,mul,True,all-uni)"
"rank","rank,('add', 0.1),True,add - score,mul,True,del",2584.11153846154,373.875020265413,Inf,6.91169882552486,1.37343853738629e-07,"rank,('add', 0.1),True,add","score,mul,True,del"
"rank","(rank,('add', 0.1),True,all-sep) - (rank,('add', 0.4),True,all-sep)",1801.25384615385,373.875020265439,Inf,4.81779671954285,0.0416296336393608,"(rank,('add', 0.1),True,all-sep)","(rank,('add', 0.4),True,all-sep)"
"rank","(rank,('add', 0.1),True,all-sep) - (rank,('add', 0.6),False,all-uni)",1791.38461538462,373.875020265439,Inf,4.79139958083531,0.0475003634306392,"(rank,('add', 0.1),True,all-sep)","(rank,('add', 0.6),False,all-uni)"
"rank","(rank,('add', 0.1),True,all-sep) - rank,('add', 0.6),False,del",1794.15,373.875020265439,Inf,4.7987961290546,0.045779638298355,"(rank,('add', 0.1),True,all-sep)","rank,('add', 0.6),False,del"
"rank","(rank,('add', 0.1),True,all-sep) - (rank,('add', 0.7),False,all-uni)",1804.15769230769,373.875020265439,Inf,4.82556360953668,0.0400395448052722,"(rank,('add', 0.1),True,all-sep)","(rank,('add', 0.7),False,all-uni)"
"rank","(rank,('add', 0.1),True,all-sep) - rank,('add', 0.7),False,del",1833.42307692308,373.875020265439,Inf,4.90383945849447,0.0269538395766945,"(rank,('add', 0.1),True,all-sep)","rank,('add', 0.7),False,del"
"rank","(rank,('add', 0.1),True,all-sep) - (score,('add', 0.1),False,all-sep)",1941.86923076923,373.875020265439,Inf,5.19389936613194,0.00590620107965594,"(rank,('add', 0.1),True,all-sep)","(score,('add', 0.1),False,all-sep)"
"rank","(rank,('add', 0.1),True,all-sep) - score,('add', 0.1),False,del",1811.90384615385,373.875020265439,Inf,4.84628217436793,0.0360784544214422,"(rank,('add', 0.1),True,all-sep)","score,('add', 0.1),False,del"
"rank","(rank,('add', 0.1),True,all-sep) - score,('add', 0.1),True,del",1812.27692307692,373.875020265439,Inf,4.84728003970489,0.0358975190941307,"(rank,('add', 0.1),True,all-sep)","score,('add', 0.1),True,del"
"rank","(rank,('add', 0.1),True,all-sep) - score,('add', 0.2),False,add",1796.42307692308,373.875020265439,Inf,4.80487590651998,0.0444102673983818,"(rank,('add', 0.1),True,all-sep)","score,('add', 0.2),False,add"
"rank","(rank,('add', 0.1),True,all-sep) - score,('add', 0.2),False,del",1796.55384615385,373.875020265439,Inf,4.80522567375149,0.0443326978147239,"(rank,('add', 0.1),True,all-sep)","score,('add', 0.2),False,del"
"rank","(rank,('add', 0.1),True,all-sep) - score,('add', 0.2),True,del",1820.71153846154,373.875020265439,Inf,4.86984002613733,0.0320323002785753,"(rank,('add', 0.1),True,all-sep)","score,('add', 0.2),True,del"
"rank","(rank,('add', 0.1),True,all-sep) - score,mul,False,add",1791.79615384615,373.875020265439,Inf,4.79250031888741,0.0472404082900035,"(rank,('add', 0.1),True,all-sep)","score,mul,False,add"
"rank","(rank,('add', 0.1),True,all-sep) - (score,mul,False,all-sep)",2089.32692307692,373.875020265439,Inf,5.58830306874626,0.000657630139618383,"(rank,('add', 0.1),True,all-sep)","(score,mul,False,all-sep)"
"rank","(rank,('add', 0.1),True,all-sep) - (score,mul,False,all-uni)",1852.25,373.875020265439,Inf,4.95419565256048,0.0208303122251524,"(rank,('add', 0.1),True,all-sep)","(score,mul,False,all-uni)"
"rank","(rank,('add', 0.1),True,all-sep) - score,mul,False,del",1852.25,373.875020265439,Inf,4.95419565256048,0.0208303122251524,"(rank,('add', 0.1),True,all-sep)","score,mul,False,del"
"rank","(rank,('add', 0.1),True,all-sep) - score,mul,True,del",1882.49230769231,373.875020265413,Inf,5.03508446848342,0.0136986626471729,"(rank,('add', 0.1),True,all-sep)","score,mul,True,del"
"rank","(rank,('add', 0.1),True,all-uni) - (rank,('add', 0.3),True,all-sep)",2148.93846153846,373.875020265439,Inf,5.74774548995754,0.000259385462160824,"(rank,('add', 0.1),True,all-uni)","(rank,('add', 0.3),True,all-sep)"
"rank","(rank,('add', 0.1),True,all-uni) - rank,('add', 0.4),False,add",1968.29615384615,373.875020265439,Inf,5.26458320871164,0.00402976231291337,"(rank,('add', 0.1),True,all-uni)","rank,('add', 0.4),False,add"
"rank","(rank,('add', 0.1),True,all-uni) - (rank,('add', 0.4),False,all-sep)",2273.92307692308,373.875020265439,Inf,6.08204066510961,3.40323938348733e-05,"(rank,('add', 0.1),True,all-uni)","(rank,('add', 0.4),False,all-sep)"
"rank","(rank,('add', 0.1),True,all-uni) - (rank,('add', 0.4),False,all-uni)",2026.50769230769,373.875020265439,Inf,5.42028106309146,0.00170661506525353,"(rank,('add', 0.1),True,all-uni)","(rank,('add', 0.4),False,all-uni)"
"rank","(rank,('add', 0.1),True,all-uni) - rank,('add', 0.4),False,del",2029.07307692308,373.875020265439,Inf,5.42714267319197,0.00164231299196495,"(rank,('add', 0.1),True,all-uni)","rank,('add', 0.4),False,del"
"rank","(rank,('add', 0.1),True,all-uni) - rank,('add', 0.4),True,add",2088.02692307692,373.875020265439,Inf,5.58482597097419,0.000670923714732869,"(rank,('add', 0.1),True,all-uni)","rank,('add', 0.4),True,add"
"rank","(rank,('add', 0.1),True,all-uni) - (rank,('add', 0.4),True,all-sep)",2502.93846153846,373.875020265439,Inf,6.6945859601999,6.2029998915472e-07,"(rank,('add', 0.1),True,all-uni)","(rank,('add', 0.4),True,all-sep)"
"rank","(rank,('add', 0.1),True,all-uni) - (rank,('add', 0.4),True,all-uni)",2088.02692307692,373.875020265439,Inf,5.58482597097419,0.000670923714732872,"(rank,('add', 0.1),True,all-uni)","(rank,('add', 0.4),True,all-uni)"
"rank","(rank,('add', 0.1),True,all-uni) - rank,('add', 0.4),True,del",2109.96153846154,373.875020265439,Inf,5.64349428042434,0.00047790363025475,"(rank,('add', 0.1),True,all-uni)","rank,('add', 0.4),True,del"
"rank","(rank,('add', 0.1),True,all-uni) - rank,('add', 0.5),False,add",2366.20384615385,373.875020265439,Inf,6.32886317056946,7.08321403646236e-06,"(rank,('add', 0.1),True,all-uni)","rank,('add', 0.5),False,add"
"rank","(rank,('add', 0.1),True,all-uni) - (rank,('add', 0.5),False,all-sep)",2376.00384615385,373.875020265439,Inf,6.35507513838973,5.974754280892e-06,"(rank,('add', 0.1),True,all-uni)","(rank,('add', 0.5),False,all-sep)"
"rank","(rank,('add', 0.1),True,all-uni) - (rank,('add', 0.5),False,all-uni)",2426.70384615385,373.875020265439,Inf,6.49068195150071,2.45066865365222e-06,"(rank,('add', 0.1),True,all-uni)","(rank,('add', 0.5),False,all-uni)"
"rank","(rank,('add', 0.1),True,all-uni) - rank,('add', 0.5),False,del",2426.65769230769,373.875020265439,Inf,6.49055850424253,2.4526776952303e-06,"(rank,('add', 0.1),True,all-uni)","rank,('add', 0.5),False,del"
"rank","(rank,('add', 0.1),True,all-uni) - rank,('add', 0.5),True,add",2223.42692307692,373.875020265439,Inf,5.94697907738892,7.83354929496107e-05,"(rank,('add', 0.1),True,all-uni)","rank,('add', 0.5),True,add"
"rank","(rank,('add', 0.1),True,all-uni) - (rank,('add', 0.5),True,all-sep)",2380.37692307692,373.875020265439,Inf,6.3667717661023,5.5366195691335e-06,"(rank,('add', 0.1),True,all-uni)","(rank,('add', 0.5),True,all-sep)"
"rank","(rank,('add', 0.1),True,all-uni) - (rank,('add', 0.5),True,all-uni)",2225.30769230769,373.875020265439,Inf,5.95200955315976,7.59646898672562e-05,"(rank,('add', 0.1),True,all-uni)","(rank,('add', 0.5),True,all-uni)"
"rank","(rank,('add', 0.1),True,all-uni) - rank,('add', 0.5),True,del",2374.8,373.875020265439,Inf,6.35185522240553,6.10119668160758e-06,"(rank,('add', 0.1),True,all-uni)","rank,('add', 0.5),True,del"
"rank","(rank,('add', 0.1),True,all-uni) - rank,('add', 0.6),False,add",2435.70384615385,373.875020265439,Inf,6.51475416684586,2.08815639204969e-06,"(rank,('add', 0.1),True,all-uni)","rank,('add', 0.6),False,add"
"rank","(rank,('add', 0.1),True,all-uni) - (rank,('add', 0.6),False,all-sep)",2408.45769230769,373.875020265439,Inf,6.44187913543346,3.38433291019083e-06,"(rank,('add', 0.1),True,all-uni)","(rank,('add', 0.6),False,all-sep)"
"rank","(rank,('add', 0.1),True,all-uni) - (rank,('add', 0.6),False,all-uni)",2493.06923076923,373.875020265439,Inf,6.66818882149236,7.42753086924305e-07,"(rank,('add', 0.1),True,all-uni)","(rank,('add', 0.6),False,all-uni)"
"rank","(rank,('add', 0.1),True,all-uni) - rank,('add', 0.6),False,del",2495.83461538462,373.875020265439,Inf,6.67558536971166,7.06237163775467e-07,"(rank,('add', 0.1),True,all-uni)","rank,('add', 0.6),False,del"
"rank","(rank,('add', 0.1),True,all-uni) - rank,('add', 0.6),True,add",2081.00769230769,373.875020265439,Inf,5.56605170045928,0.000747331856567654,"(rank,('add', 0.1),True,all-uni)","rank,('add', 0.6),True,add"
"rank","(rank,('add', 0.1),True,all-uni) - (rank,('add', 0.6),True,all-sep)",2322.77692307692,373.875020265439,Inf,6.21270958789338,1.49361560626168e-05,"(rank,('add', 0.1),True,all-uni)","(rank,('add', 0.6),True,all-sep)"
"rank","(rank,('add', 0.1),True,all-uni) - (rank,('add', 0.6),True,all-uni)",2081.00769230769,373.875020265439,Inf,5.56605170045928,0.000747331856567662,"(rank,('add', 0.1),True,all-uni)","(rank,('add', 0.6),True,all-uni)"
"rank","(rank,('add', 0.1),True,all-uni) - rank,('add', 0.6),True,del",2412.39615384615,373.875020265439,Inf,6.45241330146484,3.15717651254056e-06,"(rank,('add', 0.1),True,all-uni)","rank,('add', 0.6),True,del"
"rank","(rank,('add', 0.1),True,all-uni) - rank,('add', 0.7),False,add",2449.16923076923,373.875020265439,Inf,6.55076990441994,1.64167757625155e-06,"(rank,('add', 0.1),True,all-uni)","rank,('add', 0.7),False,add"
"rank","(rank,('add', 0.1),True,all-uni) - (rank,('add', 0.7),False,all-sep)",2439.38076923077,373.875020265439,Inf,6.52458879841421,1.9556416854617e-06,"(rank,('add', 0.1),True,all-uni)","(rank,('add', 0.7),False,all-sep)"
"rank","(rank,('add', 0.1),True,all-uni) - (rank,('add', 0.7),False,all-uni)",2505.84230769231,373.875020265439,Inf,6.70235285019374,5.88198307903957e-07,"(rank,('add', 0.1),True,all-uni)","(rank,('add', 0.7),False,all-uni)"
"rank","(rank,('add', 0.1),True,all-uni) - rank,('add', 0.7),False,del",2535.10769230769,373.875020265439,Inf,6.78062869915152,3.43167763268381e-07,"(rank,('add', 0.1),True,all-uni)","rank,('add', 0.7),False,del"
"rank","(rank,('add', 0.1),True,all-uni) - rank,('add', 0.7),True,add",2155.14615384615,373.875020265439,Inf,5.76434914618278,0.000235100171542143,"(rank,('add', 0.1),True,all-uni)","rank,('add', 0.7),True,add"
"rank","(rank,('add', 0.1),True,all-uni) - (rank,('add', 0.7),True,all-sep)",2324.26538461538,373.875020265439,Inf,6.21669076196969,1.45622416291512e-05,"(rank,('add', 0.1),True,all-uni)","(rank,('add', 0.7),True,all-sep)"
"rank","(rank,('add', 0.1),True,all-uni) - (rank,('add', 0.7),True,all-uni)",2146.43076923077,373.875020265439,Inf,5.74103818892975,0.000269872678632765,"(rank,('add', 0.1),True,all-uni)","(rank,('add', 0.7),True,all-uni)"
"rank","(rank,('add', 0.1),True,all-uni) - rank,('add', 0.7),True,del",2389.10384615385,373.875020265439,Inf,6.39011358516988,4.75407075935857e-06,"(rank,('add', 0.1),True,all-uni)","rank,('add', 0.7),True,del"
"rank","(rank,('add', 0.1),True,all-uni) - rank,('add', 0.8),False,add",2445.98461538462,373.875020265439,Inf,6.5422520436055,1.73798672314976e-06,"(rank,('add', 0.1),True,all-uni)","rank,('add', 0.8),False,add"
"rank","(rank,('add', 0.1),True,all-uni) - (rank,('add', 0.8),False,all-sep)",2415.56923076923,373.875020265439,Inf,6.46090030046473,2.98506827761888e-06,"(rank,('add', 0.1),True,all-uni)","(rank,('add', 0.8),False,all-sep)"
"rank","(rank,('add', 0.1),True,all-uni) - (rank,('add', 0.8),False,all-uni)",2445.98461538462,373.875020265439,Inf,6.5422520436055,1.73798672314977e-06,"(rank,('add', 0.1),True,all-uni)","(rank,('add', 0.8),False,all-uni)"
"rank","(rank,('add', 0.1),True,all-uni) - rank,('add', 0.8),False,del",2445.98461538462,373.875020265439,Inf,6.5422520436055,1.73798672314977e-06,"(rank,('add', 0.1),True,all-uni)","rank,('add', 0.8),False,del"
"rank","(rank,('add', 0.1),True,all-uni) - rank,('add', 0.8),True,add",2169.44230769231,373.875020265439,Inf,5.80258693440411,0.000187279018095103,"(rank,('add', 0.1),True,all-uni)","rank,('add', 0.8),True,add"
"rank","(rank,('add', 0.1),True,all-uni) - (rank,('add', 0.8),True,all-sep)",2347.61923076923,373.875020265439,Inf,6.27915507460889,9.76318603084382e-06,"(rank,('add', 0.1),True,all-uni)","(rank,('add', 0.8),True,all-sep)"
"rank","(rank,('add', 0.1),True,all-uni) - (rank,('add', 0.8),True,all-uni)",2169.44230769231,373.875020265439,Inf,5.80258693440411,0.000187279018095103,"(rank,('add', 0.1),True,all-uni)","(rank,('add', 0.8),True,all-uni)"
"rank","(rank,('add', 0.1),True,all-uni) - rank,('add', 0.8),True,del",2437.83846153846,373.875020265439,Inf,6.52046360253669,2.01019308905737e-06,"(rank,('add', 0.1),True,all-uni)","rank,('add', 0.8),True,del"
"rank","(rank,('add', 0.1),True,all-uni) - rank,('add', 0.9),False,add",2253.00384615385,373.875020265439,Inf,6.02608819533942,4.81753862307123e-05,"(rank,('add', 0.1),True,all-uni)","rank,('add', 0.9),False,add"
"rank","(rank,('add', 0.1),True,all-uni) - (rank,('add', 0.9),False,all-sep)",2202.75384615385,373.875020265439,Inf,5.89168499299569,0.000109637152753315,"(rank,('add', 0.1),True,all-uni)","(rank,('add', 0.9),False,all-sep)"
"rank","(rank,('add', 0.1),True,all-uni) - (rank,('add', 0.9),False,all-uni)",2226.92307692308,373.875020265439,Inf,5.95633020719607,7.39843205997489e-05,"(rank,('add', 0.1),True,all-uni)","(rank,('add', 0.9),False,all-uni)"
"rank","(rank,('add', 0.1),True,all-uni) - rank,('add', 0.9),False,del",2253.00384615385,373.875020265439,Inf,6.02608819533942,4.81753862307121e-05,"(rank,('add', 0.1),True,all-uni)","rank,('add', 0.9),False,del"
"rank","(rank,('add', 0.1),True,all-uni) - rank,('add', 0.9),True,add",2222.35,373.875020265439,Inf,5.94409864136471,7.97252884462218e-05,"(rank,('add', 0.1),True,all-uni)","rank,('add', 0.9),True,add"
"rank","(rank,('add', 0.1),True,all-uni) - (rank,('add', 0.9),True,all-sep)",2318.45769230769,373.875020265439,Inf,6.20115698198201,1.60750169267273e-05,"(rank,('add', 0.1),True,all-uni)","(rank,('add', 0.9),True,all-sep)"
"rank","(rank,('add', 0.1),True,all-uni) - (rank,('add', 0.9),True,all-uni)",2222.35,373.875020265439,Inf,5.94409864136471,7.97252884462218e-05,"(rank,('add', 0.1),True,all-uni)","(rank,('add', 0.9),True,all-uni)"
"rank","(rank,('add', 0.1),True,all-uni) - rank,('add', 0.9),True,del",2193.51538461538,373.875020265439,Inf,5.86697496681662,0.000127286902237566,"(rank,('add', 0.1),True,all-uni)","rank,('add', 0.9),True,del"
"rank","(rank,('add', 0.1),True,all-uni) - (rank,mul,False,all-sep)",1793.32307692308,373.875020265439,Inf,4.79658436567888,0.046287799111616,"(rank,('add', 0.1),True,all-uni)","(rank,mul,False,all-sep)"
"rank","(rank,('add', 0.1),True,all-uni) - rank,mul,True,add",1795.23846153846,373.875020265439,Inf,4.80170742689335,0.0451189267130014,"(rank,('add', 0.1),True,all-uni)","rank,mul,True,add"
"rank","(rank,('add', 0.1),True,all-uni) - (rank,mul,True,all-sep)",2214.08076923077,373.875020265439,Inf,5.92198100760742,9.12271700535071e-05,"(rank,('add', 0.1),True,all-uni)","(rank,mul,True,all-sep)"
"rank","(rank,('add', 0.1),True,all-uni) - (rank,mul,True,all-uni)",1789.07307692308,373.875020265439,Inf,4.78521693065478,0.0489862296308076,"(rank,('add', 0.1),True,all-uni)","(rank,mul,True,all-uni)"
"rank","(rank,('add', 0.1),True,all-uni) - score,('add', 0.1),False,add",2449.95,373.875020265439,Inf,6.55285822053748,1.61887424985986e-06,"(rank,('add', 0.1),True,all-uni)","score,('add', 0.1),False,add"
"rank","(rank,('add', 0.1),True,all-uni) - (score,('add', 0.1),False,all-sep)",2643.55384615385,373.875020265439,Inf,7.070688606789,4.42150208958522e-08,"(rank,('add', 0.1),True,all-uni)","(score,('add', 0.1),False,all-sep)"
"rank","(rank,('add', 0.1),True,all-uni) - (score,('add', 0.1),False,all-uni)",2388.95769230769,373.875020265439,Inf,6.38972266885231,4.76623969146652e-06,"(rank,('add', 0.1),True,all-uni)","(score,('add', 0.1),False,all-uni)"
"rank","(rank,('add', 0.1),True,all-uni) - score,('add', 0.1),False,del",2513.58846153846,373.875020265439,Inf,6.72307141502499,5.10312755050495e-07,"(rank,('add', 0.1),True,all-uni)","score,('add', 0.1),False,del"
"rank","(rank,('add', 0.1),True,all-uni) - score,('add', 0.1),True,add",1993.3,373.875020265439,Inf,5.33146076083078,0.00279417408226454,"(rank,('add', 0.1),True,all-uni)","score,('add', 0.1),True,add"
"rank","(rank,('add', 0.1),True,all-uni) - (score,('add', 0.1),True,all-sep)",2482.73076923077,373.875020265439,Inf,6.64053663565999,8.96373714774031e-07,"(rank,('add', 0.1),True,all-uni)","(score,('add', 0.1),True,all-sep)"
"rank","(rank,('add', 0.1),True,all-uni) - (score,('add', 0.1),True,all-uni)",1992.04230769231,373.875020265439,Inf,5.32809682304537,0.00284641016026018,"(rank,('add', 0.1),True,all-uni)","(score,('add', 0.1),True,all-uni)"
"rank","(rank,('add', 0.1),True,all-uni) - score,('add', 0.1),True,del",2513.96153846154,373.875020265439,Inf,6.72406928036195,5.06828200283003e-07,"(rank,('add', 0.1),True,all-uni)","score,('add', 0.1),True,del"
"rank","(rank,('add', 0.1),True,all-uni) - score,('add', 0.2),False,add",2498.10769230769,373.875020265439,Inf,6.68166514717704,6.77543047934443e-07,"(rank,('add', 0.1),True,all-uni)","score,('add', 0.2),False,add"
"rank","(rank,('add', 0.1),True,all-uni) - (score,('add', 0.2),False,all-sep)",2455.62692307692,373.875020265439,Inf,6.56804223329365,1.46213747513015e-06,"(rank,('add', 0.1),True,all-uni)","(score,('add', 0.2),False,all-sep)"
"rank","(rank,('add', 0.1),True,all-uni) - (score,('add', 0.2),False,all-uni)",2482.86923076923,373.875020265439,Inf,6.64090697743453,8.94124114137421e-07,"(rank,('add', 0.1),True,all-uni)","(score,('add', 0.2),False,all-uni)"
"rank","(rank,('add', 0.1),True,all-uni) - score,('add', 0.2),False,del",2498.23846153846,373.875020265439,Inf,6.68201491440855,6.75927467611214e-07,"(rank,('add', 0.1),True,all-uni)","score,('add', 0.2),False,del"
"rank","(rank,('add', 0.1),True,all-uni) - score,('add', 0.2),True,add",2127.25,373.875020265439,Inf,5.68973556588435,0.000364913572845881,"(rank,('add', 0.1),True,all-uni)","score,('add', 0.2),True,add"
"rank","(rank,('add', 0.1),True,all-uni) - (score,('add', 0.2),True,all-sep)",2468.60769230769,373.875020265439,Inf,6.60276177465684,1.15743239467706e-06,"(rank,('add', 0.1),True,all-uni)","(score,('add', 0.2),True,all-sep)"
"rank","(rank,('add', 0.1),True,all-uni) - (score,('add', 0.2),True,all-uni)",2101.16923076923,373.875020265439,Inf,5.61997757774101,0.000547737074440859,"(rank,('add', 0.1),True,all-uni)","(score,('add', 0.2),True,all-uni)"
"rank","(rank,('add', 0.1),True,all-uni) - score,('add', 0.2),True,del",2522.39615384615,373.875020265439,Inf,6.74662926679438,4.33983627971749e-07,"(rank,('add', 0.1),True,all-uni)","score,('add', 0.2),True,del"
"rank","(rank,('add', 0.1),True,all-uni) - score,('add', 0.3),False,add",2325.53846153846,373.875020265439,Inf,6.22009584884116,1.42496944285352e-05,"(rank,('add', 0.1),True,all-uni)","score,('add', 0.3),False,add"
"rank","(rank,('add', 0.1),True,all-uni) - (score,('add', 0.3),False,all-sep)",2114.08076923077,373.875020265439,Inf,5.65451194821692,0.000448238935354164,"(rank,('add', 0.1),True,all-uni)","(score,('add', 0.3),False,all-sep)"
"rank","(rank,('add', 0.1),True,all-uni) - (score,('add', 0.3),False,all-uni)",2325.53846153846,373.875020265439,Inf,6.22009584884116,1.42496944285352e-05,"(rank,('add', 0.1),True,all-uni)","(score,('add', 0.3),False,all-uni)"
"rank","(rank,('add', 0.1),True,all-uni) - score,('add', 0.3),False,del",2325.67692307692,373.875020265439,Inf,6.2204661906157,1.42160987397591e-05,"(rank,('add', 0.1),True,all-uni)","score,('add', 0.3),False,del"
"rank","(rank,('add', 0.1),True,all-uni) - score,('add', 0.3),True,add",2231.15,373.875020265439,Inf,5.96763591859108,6.90372767104358e-05,"(rank,('add', 0.1),True,all-uni)","score,('add', 0.3),True,add"
"rank","(rank,('add', 0.1),True,all-uni) - (score,('add', 0.3),True,all-sep)",2279.40769230769,373.875020265439,Inf,6.09671031429002,3.10528313673236e-05,"(rank,('add', 0.1),True,all-uni)","(score,('add', 0.3),True,all-sep)"
"rank","(rank,('add', 0.1),True,all-uni) - (score,('add', 0.3),True,all-uni)",2205.06923076923,373.875020265439,Inf,5.89787793044773,0.000105601538859154,"(rank,('add', 0.1),True,all-uni)","(score,('add', 0.3),True,all-uni)"
"rank","(rank,('add', 0.1),True,all-uni) - score,('add', 0.3),True,del",2420.71538461538,373.875020265439,Inf,6.47466466975183,2.72525193965257e-06,"(rank,('add', 0.1),True,all-uni)","score,('add', 0.3),True,del"
"rank","(rank,('add', 0.1),True,all-uni) - score,('add', 0.4),False,add",2131.80769230769,373.875020265439,Inf,5.70192598262965,0.000339746917254614,"(rank,('add', 0.1),True,all-uni)","score,('add', 0.4),False,add"
"rank","(rank,('add', 0.1),True,all-uni) - (score,('add', 0.4),False,all-sep)",2171.95384615385,373.875020265439,Inf,5.80930452270342,0.000179917935409936,"(rank,('add', 0.1),True,all-uni)","(score,('add', 0.4),False,all-sep)"
"rank","(rank,('add', 0.1),True,all-uni) - (score,('add', 0.4),False,all-uni)",2131.80769230769,373.875020265439,Inf,5.70192598262965,0.000339746917254614,"(rank,('add', 0.1),True,all-uni)","(score,('add', 0.4),False,all-uni)"
"rank","(rank,('add', 0.1),True,all-uni) - score,('add', 0.4),False,del",2140.91153846154,373.875020265439,Inf,5.7262759543057,0.000294426539977403,"(rank,('add', 0.1),True,all-uni)","score,('add', 0.4),False,del"
"rank","(rank,('add', 0.1),True,all-uni) - score,('add', 0.4),True,add",2134.49230769231,373.875020265439,Inf,5.70910649814713,0.000325721090465269,"(rank,('add', 0.1),True,all-uni)","score,('add', 0.4),True,add"
"rank","(rank,('add', 0.1),True,all-uni) - (score,('add', 0.4),True,all-sep)",2258.12692307692,373.875020265439,Inf,6.03979084099742,4.42572917362981e-05,"(rank,('add', 0.1),True,all-uni)","(score,('add', 0.4),True,all-sep)"
"rank","(rank,('add', 0.1),True,all-uni) - (score,('add', 0.4),True,all-uni)",2108.41153846154,373.875020265439,Inf,5.63934851000379,0.000489552536091889,"(rank,('add', 0.1),True,all-uni)","(score,('add', 0.4),True,all-uni)"
"rank","(rank,('add', 0.1),True,all-uni) - score,('add', 0.4),True,del",2295.46153846154,373.875020265439,Inf,6.13964938559371,2.37194547699498e-05,"(rank,('add', 0.1),True,all-uni)","score,('add', 0.4),True,del"
"rank","(rank,('add', 0.1),True,all-uni) - score,('add', 0.5),False,add",2111.19615384615,373.875020265439,Inf,5.64679649458066,0.00046881800771938,"(rank,('add', 0.1),True,all-uni)","score,('add', 0.5),False,add"
"rank","(rank,('add', 0.1),True,all-uni) - (score,('add', 0.5),False,all-sep)",2181.19230769231,373.875020265439,Inf,5.83401454888249,0.000155185759621909,"(rank,('add', 0.1),True,all-uni)","(score,('add', 0.5),False,all-sep)"
"rank","(rank,('add', 0.1),True,all-uni) - (score,('add', 0.5),False,all-uni)",2111.19615384615,373.875020265439,Inf,5.64679649458066,0.000468818007719382,"(rank,('add', 0.1),True,all-uni)","(score,('add', 0.5),False,all-uni)"
"rank","(rank,('add', 0.1),True,all-uni) - score,('add', 0.5),False,del",2137.27692307692,373.875020265439,Inf,5.71655448272401,0.00031176773930843,"(rank,('add', 0.1),True,all-uni)","score,('add', 0.5),False,del"
"rank","(rank,('add', 0.1),True,all-uni) - score,('add', 0.5),True,add",2167.88846153846,373.875020265439,Inf,5.79843087671204,0.000191978996383628,"(rank,('add', 0.1),True,all-uni)","score,('add', 0.5),True,add"
"rank","(rank,('add', 0.1),True,all-uni) - (score,('add', 0.5),True,all-sep)",2229.80384615385,373.875020265439,Inf,5.96403537356082,7.0576727402255e-05,"(rank,('add', 0.1),True,all-uni)","(score,('add', 0.5),True,all-sep)"
"rank","(rank,('add', 0.1),True,all-uni) - (score,('add', 0.5),True,all-uni)",2167.88846153846,373.875020265439,Inf,5.79843087671204,0.000191978996383628,"(rank,('add', 0.1),True,all-uni)","(score,('add', 0.5),True,all-uni)"
"rank","(rank,('add', 0.1),True,all-uni) - score,('add', 0.5),True,del",2179.48076923077,373.875020265439,Inf,5.82943671305831,0.00015950319898095,"(rank,('add', 0.1),True,all-uni)","score,('add', 0.5),True,del"
"rank","(rank,('add', 0.1),True,all-uni) - score,('add', 0.6),False,add",2164.50769230769,373.875020265439,Inf,5.78938836505034,0.000202604666767041,"(rank,('add', 0.1),True,all-uni)","score,('add', 0.6),False,add"
"rank","(rank,('add', 0.1),True,all-uni) - (score,('add', 0.6),False,all-sep)",2195.75769230769,373.875020265439,Inf,5.87297244610987,0.000122764637262273,"(rank,('add', 0.1),True,all-uni)","(score,('add', 0.6),False,all-sep)"
"rank","(rank,('add', 0.1),True,all-uni) - (score,('add', 0.6),False,all-uni)",2164.50769230769,373.875020265439,Inf,5.78938836505034,0.000202604666767041,"(rank,('add', 0.1),True,all-uni)","(score,('add', 0.6),False,all-uni)"
"rank","(rank,('add', 0.1),True,all-uni) - score,('add', 0.6),False,del",2164.50769230769,373.875020265439,Inf,5.78938836505034,0.000202604666767041,"(rank,('add', 0.1),True,all-uni)","score,('add', 0.6),False,del"
"rank","(rank,('add', 0.1),True,all-uni) - score,('add', 0.6),True,add",2264.20769230769,373.875020265439,Inf,6.05605501726267,4.00086882064265e-05,"(rank,('add', 0.1),True,all-uni)","score,('add', 0.6),True,add"
"rank","(rank,('add', 0.1),True,all-uni) - (score,('add', 0.6),True,all-sep)",2277.45,373.875020265439,Inf,6.09147409308888,3.20859486349436e-05,"(rank,('add', 0.1),True,all-uni)","(score,('add', 0.6),True,all-sep)"
"rank","(rank,('add', 0.1),True,all-uni) - (score,('add', 0.6),True,all-uni)",2264.19230769231,373.875020265439,Inf,6.05601386817661,4.00189184087251e-05,"(rank,('add', 0.1),True,all-uni)","(score,('add', 0.6),True,all-uni)"
"rank","(rank,('add', 0.1),True,all-uni) - score,('add', 0.6),True,del",2259.94615384615,373.875020265439,Inf,6.04465672042403,4.29421195354956e-05,"(rank,('add', 0.1),True,all-uni)","score,('add', 0.6),True,del"
"rank","(rank,('add', 0.1),True,all-uni) - score,('add', 0.7),False,add",2195.36923076923,373.875020265439,Inf,5.87193343168685,0.000123536723955101,"(rank,('add', 0.1),True,all-uni)","score,('add', 0.7),False,add"
"rank","(rank,('add', 0.1),True,all-uni) - (score,('add', 0.7),False,all-sep)",2216.88846153846,373.875020265439,Inf,5.92949071581339,8.71515485888237e-05,"(rank,('add', 0.1),True,all-uni)","(score,('add', 0.7),False,all-sep)"
"rank","(rank,('add', 0.1),True,all-uni) - (score,('add', 0.7),False,all-uni)",2195.36923076923,373.875020265439,Inf,5.87193343168685,0.000123536723955101,"(rank,('add', 0.1),True,all-uni)","(score,('add', 0.7),False,all-uni)"
"rank","(rank,('add', 0.1),True,all-uni) - score,('add', 0.7),False,del",2195.36923076923,373.875020265439,Inf,5.87193343168685,0.000123536723955101,"(rank,('add', 0.1),True,all-uni)","score,('add', 0.7),False,del"
"rank","(rank,('add', 0.1),True,all-uni) - score,('add', 0.7),True,add",2277.87692307692,373.875020265439,Inf,6.09261598022704,3.18578330673787e-05,"(rank,('add', 0.1),True,all-uni)","score,('add', 0.7),True,add"
"rank","(rank,('add', 0.1),True,all-uni) - (score,('add', 0.7),True,all-sep)",2323.55769230769,373.875020265439,Inf,6.21479790401093,1.47388666830954e-05,"(rank,('add', 0.1),True,all-uni)","(score,('add', 0.7),True,all-sep)"
"rank","(rank,('add', 0.1),True,all-uni) - (score,('add', 0.7),True,all-uni)",2277.84615384615,373.875020265439,Inf,6.09253368205492,3.1874220817177e-05,"(rank,('add', 0.1),True,all-uni)","(score,('add', 0.7),True,all-uni)"
"rank","(rank,('add', 0.1),True,all-uni) - score,('add', 0.7),True,del",2190.77692307692,373.875020265439,Inf,5.85965042949792,0.000133030041225584,"(rank,('add', 0.1),True,all-uni)","score,('add', 0.7),True,del"
"rank","(rank,('add', 0.1),True,all-uni) - score,('add', 0.8),False,add",2251.63461538462,373.875020265439,Inf,6.02242592668007,4.92785532841799e-05,"(rank,('add', 0.1),True,all-uni)","score,('add', 0.8),False,add"
"rank","(rank,('add', 0.1),True,all-uni) - (score,('add', 0.8),False,all-sep)",2245.00769230769,373.875020265439,Inf,6.00470095785969,5.49752196281671e-05,"(rank,('add', 0.1),True,all-uni)","(score,('add', 0.8),False,all-sep)"
"rank","(rank,('add', 0.1),True,all-uni) - (score,('add', 0.8),False,all-uni)",2251.63461538462,373.875020265439,Inf,6.02242592668007,4.92785532841799e-05,"(rank,('add', 0.1),True,all-uni)","(score,('add', 0.8),False,all-uni)"
"rank","(rank,('add', 0.1),True,all-uni) - score,('add', 0.8),False,del",2251.63461538462,373.875020265439,Inf,6.02242592668007,4.92785532841799e-05,"(rank,('add', 0.1),True,all-uni)","score,('add', 0.8),False,del"
"rank","(rank,('add', 0.1),True,all-uni) - score,('add', 0.8),True,add",2241.95384615385,373.875020265439,Inf,5.99653286427677,5.78116615364117e-05,"(rank,('add', 0.1),True,all-uni)","score,('add', 0.8),True,add"
"rank","(rank,('add', 0.1),True,all-uni) - (score,('add', 0.8),True,all-sep)",2249.68461538462,373.875020265439,Inf,6.01721028002195,5.08922332169741e-05,"(rank,('add', 0.1),True,all-uni)","(score,('add', 0.8),True,all-sep)"
"rank","(rank,('add', 0.1),True,all-uni) - (score,('add', 0.8),True,all-uni)",2241.95384615385,373.875020265439,Inf,5.99653286427677,5.78116615364117e-05,"(rank,('add', 0.1),True,all-uni)","(score,('add', 0.8),True,all-uni)"
"rank","(rank,('add', 0.1),True,all-uni) - score,('add', 0.8),True,del",2191.84615384615,373.875020265439,Inf,5.8625102909791,0.000130758241648075,"(rank,('add', 0.1),True,all-uni)","score,('add', 0.8),True,del"
"rank","(rank,('add', 0.1),True,all-uni) - score,('add', 0.9),False,add",2235.60384615385,373.875020265439,Inf,5.97954857900547,6.41734580925443e-05,"(rank,('add', 0.1),True,all-uni)","score,('add', 0.9),False,add"
"rank","(rank,('add', 0.1),True,all-uni) - (score,('add', 0.9),False,all-sep)",2235.38076923077,373.875020265439,Inf,5.9789519172576,6.44089209864453e-05,"(rank,('add', 0.1),True,all-uni)","(score,('add', 0.9),False,all-sep)"
"rank","(rank,('add', 0.1),True,all-uni) - (score,('add', 0.9),False,all-uni)",2235.60384615385,373.875020265439,Inf,5.97954857900547,6.41734580925443e-05,"(rank,('add', 0.1),True,all-uni)","(score,('add', 0.9),False,all-uni)"
"rank","(rank,('add', 0.1),True,all-uni) - score,('add', 0.9),False,del",2235.60384615385,373.875020265439,Inf,5.97954857900547,6.41734580925443e-05,"(rank,('add', 0.1),True,all-uni)","score,('add', 0.9),False,del"
"rank","(rank,('add', 0.1),True,all-uni) - score,('add', 0.9),True,add",2241.14615384615,373.875020265439,Inf,5.99437253725861,5.85853848699148e-05,"(rank,('add', 0.1),True,all-uni)","score,('add', 0.9),True,add"
"rank","(rank,('add', 0.1),True,all-uni) - (score,('add', 0.9),True,all-sep)",2241.67692307692,373.875020265439,Inf,5.99579218072768,5.80758099180037e-05,"(rank,('add', 0.1),True,all-uni)","(score,('add', 0.9),True,all-sep)"
"rank","(rank,('add', 0.1),True,all-uni) - (score,('add', 0.9),True,all-uni)",2241.14615384615,373.875020265439,Inf,5.99437253725861,5.85853848699148e-05,"(rank,('add', 0.1),True,all-uni)","(score,('add', 0.9),True,all-uni)"
"rank","(rank,('add', 0.1),True,all-uni) - score,('add', 0.9),True,del",2236.61923076923,373.875020265439,Inf,5.98226441868543,6.31122480431596e-05,"(rank,('add', 0.1),True,all-uni)","score,('add', 0.9),True,del"
"rank","(rank,('add', 0.1),True,all-uni) - score,mul,False,add",2493.48076923077,373.875020265439,Inf,6.66928955954447,7.37204094254286e-07,"(rank,('add', 0.1),True,all-uni)","score,mul,False,add"
"rank","(rank,('add', 0.1),True,all-uni) - (score,mul,False,all-sep)",2791.01153846154,373.875020265439,Inf,7.46509230940332,2.3873586403473e-09,"(rank,('add', 0.1),True,all-uni)","(score,mul,False,all-sep)"
"rank","(rank,('add', 0.1),True,all-uni) - (score,mul,False,all-uni)",2553.93461538462,373.875020265439,Inf,6.83098489321754,2.41868807955297e-07,"(rank,('add', 0.1),True,all-uni)","(score,mul,False,all-uni)"
"rank","(rank,('add', 0.1),True,all-uni) - score,mul,False,del",2553.93461538461,373.875020265439,Inf,6.83098489321754,2.41868807955298e-07,"(rank,('add', 0.1),True,all-uni)","score,mul,False,del"
"rank","(rank,('add', 0.1),True,all-uni) - score,mul,True,add",2007.65,373.875020265439,Inf,5.36984257085332,0.00226013902264051,"(rank,('add', 0.1),True,all-uni)","score,mul,True,add"
"rank","(rank,('add', 0.1),True,all-uni) - (score,mul,True,all-sep)",2289.24230769231,373.875020265439,Inf,6.12301486755393,2.63342981248684e-05,"(rank,('add', 0.1),True,all-uni)","(score,mul,True,all-sep)"
"rank","(rank,('add', 0.1),True,all-uni) - (score,mul,True,all-uni)",2068.06538461538,373.875020265439,Inf,5.53143503181124,0.000910938473689289,"(rank,('add', 0.1),True,all-uni)","(score,mul,True,all-uni)"
"rank","(rank,('add', 0.1),True,all-uni) - score,mul,True,del",2584.17692307692,373.875020265413,Inf,6.91187370914061,1.37174599736658e-07,"(rank,('add', 0.1),True,all-uni)","score,mul,True,del"
"rank","rank,('add', 0.1),True,del - (rank,('add', 0.3),False,all-sep)",1856.42692307692,373.875020265439,Inf,4.9653676294258,0.0196661772713049,"rank,('add', 0.1),True,del","(rank,('add', 0.3),False,all-sep)"
"rank","rank,('add', 0.1),True,del - rank,('add', 0.3),False,del",1811.72307692308,373.875020265439,Inf,4.84579867260673,0.0361664393229112,"rank,('add', 0.1),True,del","rank,('add', 0.3),False,del"
"rank","rank,('add', 0.1),True,del - rank,('add', 0.3),True,add",1884.41538461539,373.875020265439,Inf,5.04022810424059,0.0133355490083282,"rank,('add', 0.1),True,del","rank,('add', 0.3),True,add"
"rank","rank,('add', 0.1),True,del - (rank,('add', 0.3),True,all-sep)",2288.91538461538,373.875020265439,Inf,6.12214044947515,2.64792642946658e-05,"rank,('add', 0.1),True,del","(rank,('add', 0.3),True,all-sep)"
"rank","rank,('add', 0.1),True,del - (rank,('add', 0.3),True,all-uni)",1884.41538461539,373.875020265439,Inf,5.04022810424059,0.0133355490083282,"rank,('add', 0.1),True,del","(rank,('add', 0.3),True,all-uni)"
"rank","rank,('add', 0.1),True,del - rank,('add', 0.3),True,del",1808.35384615385,373.875020265439,Inf,4.83678702275957,0.0378446024435329,"rank,('add', 0.1),True,del","rank,('add', 0.3),True,del"
"rank","rank,('add', 0.1),True,del - rank,('add', 0.4),False,add",2108.27307692308,373.875020265439,Inf,5.63897816822925,0.000490606447959661,"rank,('add', 0.1),True,del","rank,('add', 0.4),False,add"
"rank","rank,('add', 0.1),True,del - (rank,('add', 0.4),False,all-sep)",2413.9,373.875020265439,Inf,6.45643562462721,3.07443148089923e-06,"rank,('add', 0.1),True,del","(rank,('add', 0.4),False,all-sep)"
"rank","rank,('add', 0.1),True,del - (rank,('add', 0.4),False,all-uni)",2166.48461538462,373.875020265439,Inf,5.79467602260906,0.00019632376217845,"rank,('add', 0.1),True,del","(rank,('add', 0.4),False,all-uni)"
"rank","rank,('add', 0.1),True,del - rank,('add', 0.4),False,del",2169.05,373.875020265439,Inf,5.80153763270958,0.0001884549750414,"rank,('add', 0.1),True,del","rank,('add', 0.4),False,del"
"rank","rank,('add', 0.1),True,del - rank,('add', 0.4),True,add",2228.00384615385,373.875020265439,Inf,5.95922093049179,7.26875291303142e-05,"rank,('add', 0.1),True,del","rank,('add', 0.4),True,add"
"rank","rank,('add', 0.1),True,del - (rank,('add', 0.4),True,all-sep)",2642.91538461538,373.875020265439,Inf,7.06898091971751,4.47624833082087e-08,"rank,('add', 0.1),True,del","(rank,('add', 0.4),True,all-sep)"
"rank","rank,('add', 0.1),True,del - (rank,('add', 0.4),True,all-uni)",2228.00384615385,373.875020265439,Inf,5.95922093049179,7.26875291303146e-05,"rank,('add', 0.1),True,del","(rank,('add', 0.4),True,all-uni)"
"rank","rank,('add', 0.1),True,del - rank,('add', 0.4),True,del",2249.93846153846,373.875020265439,Inf,6.01788923994195,5.06792891705687e-05,"rank,('add', 0.1),True,del","rank,('add', 0.4),True,del"
"rank","rank,('add', 0.1),True,del - rank,('add', 0.5),False,add",2506.18076923077,373.875020265439,Inf,6.70325813008707,5.84564198148143e-07,"rank,('add', 0.1),True,del","rank,('add', 0.5),False,add"
"rank","rank,('add', 0.1),True,del - (rank,('add', 0.5),False,all-sep)",2515.98076923077,373.875020265439,Inf,6.72947009790733,4.88368991023916e-07,"rank,('add', 0.1),True,del","(rank,('add', 0.5),False,all-sep)"
"rank","rank,('add', 0.1),True,del - (rank,('add', 0.5),False,all-uni)",2566.68076923077,373.875020265439,Inf,6.86507691101832,1.90594200124123e-07,"rank,('add', 0.1),True,del","(rank,('add', 0.5),False,all-uni)"
"rank","rank,('add', 0.1),True,del - rank,('add', 0.5),False,del",2566.63461538462,373.875020265439,Inf,6.86495346376014,1.90759089000971e-07,"rank,('add', 0.1),True,del","rank,('add', 0.5),False,del"
"rank","rank,('add', 0.1),True,del - rank,('add', 0.5),True,add",2363.40384615385,373.875020265439,Inf,6.32137403690653,7.43522281195773e-06,"rank,('add', 0.1),True,del","rank,('add', 0.5),True,add"
"rank","rank,('add', 0.1),True,del - (rank,('add', 0.5),True,all-sep)",2520.35384615385,373.875020265439,Inf,6.74116672561991,4.5061954123787e-07,"rank,('add', 0.1),True,del","(rank,('add', 0.5),True,all-sep)"
"rank","rank,('add', 0.1),True,del - (rank,('add', 0.5),True,all-uni)",2365.28461538462,373.875020265439,Inf,6.32640451267737,7.19694377791606e-06,"rank,('add', 0.1),True,del","(rank,('add', 0.5),True,all-uni)"
"rank","rank,('add', 0.1),True,del - rank,('add', 0.5),True,del",2514.77692307692,373.875020265439,Inf,6.72625018192313,4.99293380519448e-07,"rank,('add', 0.1),True,del","rank,('add', 0.5),True,del"
"rank","rank,('add', 0.1),True,del - rank,('add', 0.6),False,add",2575.68076923077,373.875020265439,Inf,6.88914912636346,1.60972460585793e-07,"rank,('add', 0.1),True,del","rank,('add', 0.6),False,add"
"rank","rank,('add', 0.1),True,del - (rank,('add', 0.6),False,all-sep)",2548.43461538462,373.875020265439,Inf,6.81627409495106,2.67962858937402e-07,"rank,('add', 0.1),True,del","(rank,('add', 0.6),False,all-sep)"
"rank","rank,('add', 0.1),True,del - (rank,('add', 0.6),False,all-uni)",2633.04615384615,373.875020265439,Inf,7.04258378100997,5.41212523153566e-08,"rank,('add', 0.1),True,del","(rank,('add', 0.6),False,all-uni)"
"rank","rank,('add', 0.1),True,del - rank,('add', 0.6),False,del",2635.81153846154,373.875020265439,Inf,7.04998032922927,5.13208770503748e-08,"rank,('add', 0.1),True,del","rank,('add', 0.6),False,del"
"rank","rank,('add', 0.1),True,del - rank,('add', 0.6),True,add",2220.98461538462,373.875020265439,Inf,5.94044665997688,8.15219064781187e-05,"rank,('add', 0.1),True,del","rank,('add', 0.6),True,add"
"rank","rank,('add', 0.1),True,del - (rank,('add', 0.6),True,all-sep)",2462.75384615385,373.875020265439,Inf,6.58710454741098,1.28625926604303e-06,"rank,('add', 0.1),True,del","(rank,('add', 0.6),True,all-sep)"
"rank","rank,('add', 0.1),True,del - (rank,('add', 0.6),True,all-uni)",2220.98461538462,373.875020265439,Inf,5.94044665997688,8.15219064781191e-05,"rank,('add', 0.1),True,del","(rank,('add', 0.6),True,all-uni)"
"rank","rank,('add', 0.1),True,del - rank,('add', 0.6),True,del",2552.37307692308,373.875020265439,Inf,6.82680826098244,2.49012992493885e-07,"rank,('add', 0.1),True,del","rank,('add', 0.6),True,del"
"rank","rank,('add', 0.1),True,del - rank,('add', 0.7),False,add",2589.14615384615,373.875020265439,Inf,6.92516486393754,1.24892245257705e-07,"rank,('add', 0.1),True,del","rank,('add', 0.7),False,add"
"rank","rank,('add', 0.1),True,del - (rank,('add', 0.7),False,all-sep)",2579.35769230769,373.875020265439,Inf,6.89898375793182,1.5021396277864e-07,"rank,('add', 0.1),True,del","(rank,('add', 0.7),False,all-sep)"
"rank","rank,('add', 0.1),True,del - (rank,('add', 0.7),False,all-uni)",2645.81923076923,373.875020265439,Inf,7.07674780971135,4.23250089882984e-08,"rank,('add', 0.1),True,del","(rank,('add', 0.7),False,all-uni)"
"rank","rank,('add', 0.1),True,del - rank,('add', 0.7),False,del",2675.08461538462,373.875020265439,Inf,7.15502365866913,2.39932557278501e-08,"rank,('add', 0.1),True,del","rank,('add', 0.7),False,del"
"rank","rank,('add', 0.1),True,del - rank,('add', 0.7),True,add",2295.12307692308,373.875020265439,Inf,6.13874410570039,2.38549987689244e-05,"rank,('add', 0.1),True,del","rank,('add', 0.7),True,add"
"rank","rank,('add', 0.1),True,del - (rank,('add', 0.7),True,all-sep)",2464.24230769231,373.875020265439,Inf,6.5910857214873,1.25223098629518e-06,"rank,('add', 0.1),True,del","(rank,('add', 0.7),True,all-sep)"
"rank","rank,('add', 0.1),True,del - (rank,('add', 0.7),True,all-uni)",2286.40769230769,373.875020265439,Inf,6.11543314844736,2.7617418940248e-05,"rank,('add', 0.1),True,del","(rank,('add', 0.7),True,all-uni)"
"rank","rank,('add', 0.1),True,del - rank,('add', 0.7),True,del",2529.08076923077,373.875020265439,Inf,6.76450854468749,3.83630752089912e-07,"rank,('add', 0.1),True,del","rank,('add', 0.7),True,del"
"rank","rank,('add', 0.1),True,del - rank,('add', 0.8),False,add",2585.96153846154,373.875020265439,Inf,6.91664700312311,1.32633099398432e-07,"rank,('add', 0.1),True,del","rank,('add', 0.8),False,add"
"rank","rank,('add', 0.1),True,del - (rank,('add', 0.8),False,all-sep)",2555.54615384615,373.875020265439,Inf,6.83529525998234,2.34706507550681e-07,"rank,('add', 0.1),True,del","(rank,('add', 0.8),False,all-sep)"
"rank","rank,('add', 0.1),True,del - (rank,('add', 0.8),False,all-uni)",2585.96153846154,373.875020265439,Inf,6.91664700312311,1.32633099398432e-07,"rank,('add', 0.1),True,del","(rank,('add', 0.8),False,all-uni)"
"rank","rank,('add', 0.1),True,del - rank,('add', 0.8),False,del",2585.96153846154,373.875020265439,Inf,6.91664700312311,1.32633099398432e-07,"rank,('add', 0.1),True,del","rank,('add', 0.8),False,del"
"rank","rank,('add', 0.1),True,del - rank,('add', 0.8),True,add",2309.41923076923,373.875020265439,Inf,6.17698189392172,1.87390998511688e-05,"rank,('add', 0.1),True,del","rank,('add', 0.8),True,add"
"rank","rank,('add', 0.1),True,del - (rank,('add', 0.8),True,all-sep)",2487.59615384615,373.875020265439,Inf,6.65355003412649,8.20553410925504e-07,"rank,('add', 0.1),True,del","(rank,('add', 0.8),True,all-sep)"
"rank","rank,('add', 0.1),True,del - (rank,('add', 0.8),True,all-uni)",2309.41923076923,373.875020265439,Inf,6.17698189392172,1.87390998511688e-05,"rank,('add', 0.1),True,del","(rank,('add', 0.8),True,all-uni)"
"rank","rank,('add', 0.1),True,del - rank,('add', 0.8),True,del",2577.81538461539,373.875020265439,Inf,6.8948585620543,1.54638033629066e-07,"rank,('add', 0.1),True,del","rank,('add', 0.8),True,del"
"rank","rank,('add', 0.1),True,del - rank,('add', 0.9),False,add",2392.98076923077,373.875020265439,Inf,6.40048315485702,4.44213160150526e-06,"rank,('add', 0.1),True,del","rank,('add', 0.9),False,add"
"rank","rank,('add', 0.1),True,del - (rank,('add', 0.9),False,all-sep)",2342.73076923077,373.875020265439,Inf,6.2660799525133,1.06187781297192e-05,"rank,('add', 0.1),True,del","(rank,('add', 0.9),False,all-sep)"
"rank","rank,('add', 0.1),True,del - (rank,('add', 0.9),False,all-uni)",2366.9,373.875020265439,Inf,6.33072516671368,6.99825390176443e-06,"rank,('add', 0.1),True,del","(rank,('add', 0.9),False,all-uni)"
"rank","rank,('add', 0.1),True,del - rank,('add', 0.9),False,del",2392.98076923077,373.875020265439,Inf,6.40048315485702,4.44213160150526e-06,"rank,('add', 0.1),True,del","rank,('add', 0.9),False,del"
"rank","rank,('add', 0.1),True,del - rank,('add', 0.9),True,add",2362.32692307692,373.875020265439,Inf,6.31849360088232,7.57511162361996e-06,"rank,('add', 0.1),True,del","rank,('add', 0.9),True,add"
"rank","rank,('add', 0.1),True,del - (rank,('add', 0.9),True,all-sep)",2458.43461538462,373.875020265439,Inf,6.57555194149962,1.39020615582189e-06,"rank,('add', 0.1),True,del","(rank,('add', 0.9),True,all-sep)"
"rank","rank,('add', 0.1),True,del - (rank,('add', 0.9),True,all-uni)",2362.32692307692,373.875020265439,Inf,6.31849360088232,7.57511162361991e-06,"rank,('add', 0.1),True,del","(rank,('add', 0.9),True,all-uni)"
"rank","rank,('add', 0.1),True,del - rank,('add', 0.9),True,del",2333.49230769231,373.875020265439,Inf,6.24136992633422,1.24400950259999e-05,"rank,('add', 0.1),True,del","rank,('add', 0.9),True,del"
"rank","rank,('add', 0.1),True,del - (rank,mul,False,all-sep)",1933.3,373.875020265439,Inf,5.17097932519648,0.006678721176948,"rank,('add', 0.1),True,del","(rank,mul,False,all-sep)"
"rank","rank,('add', 0.1),True,del - rank,mul,True,add",1935.21538461539,373.875020265439,Inf,5.17610238641096,0.0064980033120186,"rank,('add', 0.1),True,del","rank,mul,True,add"
"rank","rank,('add', 0.1),True,del - (rank,mul,True,all-sep)",2354.05769230769,373.875020265439,Inf,6.29637596712503,8.73836186865875e-06,"rank,('add', 0.1),True,del","(rank,mul,True,all-sep)"
"rank","rank,('add', 0.1),True,del - (rank,mul,True,all-uni)",1929.05,373.875020265439,Inf,5.15961189017239,0.00709721863463112,"rank,('add', 0.1),True,del","(rank,mul,True,all-uni)"
"rank","rank,('add', 0.1),True,del - rank,mul,True,del",1859.54230769231,373.875020265439,Inf,4.97370031935296,0.018838982537003,"rank,('add', 0.1),True,del","rank,mul,True,del"
"rank","rank,('add', 0.1),True,del - score,('add', 0.1),False,add",2589.92692307692,373.875020265439,Inf,6.92725318005509,1.2306308793194e-07,"rank,('add', 0.1),True,del","score,('add', 0.1),False,add"
"rank","rank,('add', 0.1),True,del - (score,('add', 0.1),False,all-sep)",2783.53076923077,373.875020265439,Inf,7.44508356630661,2.77860650403594e-09,"rank,('add', 0.1),True,del","(score,('add', 0.1),False,all-sep)"
"rank","rank,('add', 0.1),True,del - (score,('add', 0.1),False,all-uni)",2528.93461538462,373.875020265439,Inf,6.76411762836992,3.84667871689884e-07,"rank,('add', 0.1),True,del","(score,('add', 0.1),False,all-uni)"
"rank","rank,('add', 0.1),True,del - score,('add', 0.1),False,del",2653.56538461539,373.875020265439,Inf,7.0974663745426,3.64421581921847e-08,"rank,('add', 0.1),True,del","score,('add', 0.1),False,del"
"rank","rank,('add', 0.1),True,del - score,('add', 0.1),True,add",2133.27692307692,373.875020265439,Inf,5.70585572034839,0.000331999753770164,"rank,('add', 0.1),True,del","score,('add', 0.1),True,add"
"rank","rank,('add', 0.1),True,del - (score,('add', 0.1),True,all-sep)",2622.70769230769,373.875020265439,Inf,7.0149315951776,6.59816338733864e-08,"rank,('add', 0.1),True,del","(score,('add', 0.1),True,all-sep)"
"rank","rank,('add', 0.1),True,del - (score,('add', 0.1),True,all-uni)",2132.01923076923,373.875020265439,Inf,5.70249178256297,0.000338620759261933,"rank,('add', 0.1),True,del","(score,('add', 0.1),True,all-uni)"
"rank","rank,('add', 0.1),True,del - score,('add', 0.1),True,del",2653.93846153846,373.875020265439,Inf,7.09846423987955,3.6180054779205e-08,"rank,('add', 0.1),True,del","score,('add', 0.1),True,del"
"rank","rank,('add', 0.1),True,del - score,('add', 0.2),False,add",2638.08461538462,373.875020265439,Inf,7.05606010669464,4.91259022402369e-08,"rank,('add', 0.1),True,del","score,('add', 0.2),False,add"
"rank","rank,('add', 0.1),True,del - (score,('add', 0.2),False,all-sep)",2595.60384615385,373.875020265439,Inf,6.94243719281126,1.10530515589647e-07,"rank,('add', 0.1),True,del","(score,('add', 0.2),False,all-sep)"
"rank","rank,('add', 0.1),True,del - (score,('add', 0.2),False,all-uni)",2622.84615384615,373.875020265439,Inf,7.01530193695214,6.58070911667212e-08,"rank,('add', 0.1),True,del","(score,('add', 0.2),False,all-uni)"
"rank","rank,('add', 0.1),True,del - score,('add', 0.2),False,del",2638.21538461539,373.875020265439,Inf,7.05640987392616,4.90024670170434e-08,"rank,('add', 0.1),True,del","score,('add', 0.2),False,del"
"rank","rank,('add', 0.1),True,del - score,('add', 0.2),True,add",2267.22692307692,373.875020265439,Inf,6.06413052540196,3.80495789917611e-05,"rank,('add', 0.1),True,del","score,('add', 0.2),True,add"
"rank","rank,('add', 0.1),True,del - (score,('add', 0.2),True,all-sep)",2608.58461538462,373.875020265439,Inf,6.97715673417445,8.63880651818481e-08,"rank,('add', 0.1),True,del","(score,('add', 0.2),True,all-sep)"
"rank","rank,('add', 0.1),True,del - (score,('add', 0.2),True,all-uni)",2241.14615384615,373.875020265439,Inf,5.99437253725861,5.85853848699142e-05,"rank,('add', 0.1),True,del","(score,('add', 0.2),True,all-uni)"
"rank","rank,('add', 0.1),True,del - score,('add', 0.2),True,del",2662.37307692308,373.875020265439,Inf,7.12102422631199,3.07242982736851e-08,"rank,('add', 0.1),True,del","score,('add', 0.2),True,del"
"rank","rank,('add', 0.1),True,del - score,('add', 0.3),False,add",2465.51538461538,373.875020265439,Inf,6.59449080835877,1.22382678934376e-06,"rank,('add', 0.1),True,del","score,('add', 0.3),False,add"
"rank","rank,('add', 0.1),True,del - (score,('add', 0.3),False,all-sep)",2254.05769230769,373.875020265439,Inf,6.02890690773453,4.73427448680343e-05,"rank,('add', 0.1),True,del","(score,('add', 0.3),False,all-sep)"
"rank","rank,('add', 0.1),True,del - (score,('add', 0.3),False,all-uni)",2465.51538461539,373.875020265439,Inf,6.59449080835877,1.22382678934376e-06,"rank,('add', 0.1),True,del","(score,('add', 0.3),False,all-uni)"
"rank","rank,('add', 0.1),True,del - score,('add', 0.3),False,del",2465.65384615385,373.875020265439,Inf,6.59486115013331,1.22077578715691e-06,"rank,('add', 0.1),True,del","score,('add', 0.3),False,del"
"rank","rank,('add', 0.1),True,del - score,('add', 0.3),True,add",2371.12692307692,373.875020265439,Inf,6.34203087810868,6.50335782083531e-06,"rank,('add', 0.1),True,del","score,('add', 0.3),True,add"
"rank","rank,('add', 0.1),True,del - (score,('add', 0.3),True,all-sep)",2419.38461538462,373.875020265439,Inf,6.47110527380763,2.79023762449969e-06,"rank,('add', 0.1),True,del","(score,('add', 0.3),True,all-sep)"
"rank","rank,('add', 0.1),True,del - (score,('add', 0.3),True,all-uni)",2345.04615384615,373.875020265439,Inf,6.27227288996534,1.02047811289651e-05,"rank,('add', 0.1),True,del","(score,('add', 0.3),True,all-uni)"
"rank","rank,('add', 0.1),True,del - score,('add', 0.3),True,del",2560.69230769231,373.875020265439,Inf,6.84905962926943,2.13198541805307e-07,"rank,('add', 0.1),True,del","score,('add', 0.3),True,del"
"rank","rank,('add', 0.1),True,del - score,('add', 0.4),False,add",2271.78461538462,373.875020265439,Inf,6.07632094214725,3.52681326022194e-05,"rank,('add', 0.1),True,del","score,('add', 0.4),False,add"
"rank","rank,('add', 0.1),True,del - (score,('add', 0.4),False,all-sep)",2311.93076923077,373.875020265439,Inf,6.18369948222102,1.79584176661813e-05,"rank,('add', 0.1),True,del","(score,('add', 0.4),False,all-sep)"
"rank","rank,('add', 0.1),True,del - (score,('add', 0.4),False,all-uni)",2271.78461538462,373.875020265439,Inf,6.07632094214725,3.52681326022194e-05,"rank,('add', 0.1),True,del","(score,('add', 0.4),False,all-uni)"
"rank","rank,('add', 0.1),True,del - score,('add', 0.4),False,del",2280.88846153846,373.875020265439,Inf,6.1006709138233,3.02930125821025e-05,"rank,('add', 0.1),True,del","score,('add', 0.4),False,del"
"rank","rank,('add', 0.1),True,del - score,('add', 0.4),True,add",2274.46923076923,373.875020265439,Inf,6.08350145766474,3.37236212783924e-05,"rank,('add', 0.1),True,del","score,('add', 0.4),True,add"
"rank","rank,('add', 0.1),True,del - (score,('add', 0.4),True,all-sep)",2398.10384615385,373.875020265439,Inf,6.41418580051503,4.06044142993881e-06,"rank,('add', 0.1),True,del","(score,('add', 0.4),True,all-sep)"
"rank","rank,('add', 0.1),True,del - (score,('add', 0.4),True,all-uni)",2248.38846153846,373.875020265439,Inf,6.01374346952139,5.19932023623799e-05,"rank,('add', 0.1),True,del","(score,('add', 0.4),True,all-uni)"
"rank","rank,('add', 0.1),True,del - score,('add', 0.4),True,del",2435.43846153846,373.875020265439,Inf,6.51404434511132,2.09805342606874e-06,"rank,('add', 0.1),True,del","score,('add', 0.4),True,del"
"rank","rank,('add', 0.1),True,del - score,('add', 0.5),False,add",2251.17307692308,373.875020265439,Inf,6.02119145409827,4.96559249703933e-05,"rank,('add', 0.1),True,del","score,('add', 0.5),False,add"
"rank","rank,('add', 0.1),True,del - (score,('add', 0.5),False,all-sep)",2321.16923076923,373.875020265439,Inf,6.2084095084001,1.53505479048705e-05,"rank,('add', 0.1),True,del","(score,('add', 0.5),False,all-sep)"
"rank","rank,('add', 0.1),True,del - (score,('add', 0.5),False,all-uni)",2251.17307692308,373.875020265439,Inf,6.02119145409827,4.96559249703933e-05,"rank,('add', 0.1),True,del","(score,('add', 0.5),False,all-uni)"
"rank","rank,('add', 0.1),True,del - score,('add', 0.5),False,del",2277.25384615385,373.875020265439,Inf,6.09094944224161,3.21912916909341e-05,"rank,('add', 0.1),True,del","score,('add', 0.5),False,del"
"rank","rank,('add', 0.1),True,del - score,('add', 0.5),True,add",2307.86538461539,373.875020265439,Inf,6.17282583622965,1.92385707347485e-05,"rank,('add', 0.1),True,del","score,('add', 0.5),True,add"
"rank","rank,('add', 0.1),True,del - (score,('add', 0.5),True,all-sep)",2369.78076923077,373.875020265439,Inf,6.33843033307843,6.65713717944825e-06,"rank,('add', 0.1),True,del","(score,('add', 0.5),True,all-sep)"
"rank","rank,('add', 0.1),True,del - (score,('add', 0.5),True,all-uni)",2307.86538461539,373.875020265439,Inf,6.17282583622965,1.92385707347485e-05,"rank,('add', 0.1),True,del","(score,('add', 0.5),True,all-uni)"
"rank","rank,('add', 0.1),True,del - score,('add', 0.5),True,del",2319.45769230769,373.875020265439,Inf,6.20383167257592,1.58040351870668e-05,"rank,('add', 0.1),True,del","score,('add', 0.5),True,del"
"rank","rank,('add', 0.1),True,del - score,('add', 0.6),False,add",2304.48461538462,373.875020265439,Inf,6.16378332456795,2.03705772264811e-05,"rank,('add', 0.1),True,del","score,('add', 0.6),False,add"
"rank","rank,('add', 0.1),True,del - (score,('add', 0.6),False,all-sep)",2335.73461538462,373.875020265439,Inf,6.24736740562748,1.19718458018357e-05,"rank,('add', 0.1),True,del","(score,('add', 0.6),False,all-sep)"
"rank","rank,('add', 0.1),True,del - (score,('add', 0.6),False,all-uni)",2304.48461538462,373.875020265439,Inf,6.16378332456795,2.03705772264811e-05,"rank,('add', 0.1),True,del","(score,('add', 0.6),False,all-uni)"
"rank","rank,('add', 0.1),True,del - score,('add', 0.6),False,del",2304.48461538462,373.875020265439,Inf,6.16378332456795,2.03705772264811e-05,"rank,('add', 0.1),True,del","score,('add', 0.6),False,del"
"rank","rank,('add', 0.1),True,del - score,('add', 0.6),True,add",2404.18461538462,373.875020265439,Inf,6.43044997678027,3.64886307171869e-06,"rank,('add', 0.1),True,del","score,('add', 0.6),True,add"
"rank","rank,('add', 0.1),True,del - (score,('add', 0.6),True,all-sep)",2417.42692307692,373.875020265439,Inf,6.46586905260648,2.88859997957058e-06,"rank,('add', 0.1),True,del","(score,('add', 0.6),True,all-sep)"
"rank","rank,('add', 0.1),True,del - (score,('add', 0.6),True,all-uni)",2404.16923076923,373.875020265439,Inf,6.43040882769421,3.64985105430386e-06,"rank,('add', 0.1),True,del","(score,('add', 0.6),True,all-uni)"
"rank","rank,('add', 0.1),True,del - score,('add', 0.6),True,del",2399.92307692308,373.875020265439,Inf,6.41905167994163,3.93276954572126e-06,"rank,('add', 0.1),True,del","score,('add', 0.6),True,del"
"rank","rank,('add', 0.1),True,del - score,('add', 0.7),False,add",2335.34615384615,373.875020265439,Inf,6.24632839120446,1.20517153352456e-05,"rank,('add', 0.1),True,del","score,('add', 0.7),False,add"
"rank","rank,('add', 0.1),True,del - (score,('add', 0.7),False,all-sep)",2356.86538461539,373.875020265439,Inf,6.30388567533099,8.32507669605377e-06,"rank,('add', 0.1),True,del","(score,('add', 0.7),False,all-sep)"
"rank","rank,('add', 0.1),True,del - (score,('add', 0.7),False,all-uni)",2335.34615384615,373.875020265439,Inf,6.24632839120446,1.20517153352457e-05,"rank,('add', 0.1),True,del","(score,('add', 0.7),False,all-uni)"
"rank","rank,('add', 0.1),True,del - score,('add', 0.7),False,del",2335.34615384615,373.875020265439,Inf,6.24632839120446,1.20517153352456e-05,"rank,('add', 0.1),True,del","score,('add', 0.7),False,del"
"rank","rank,('add', 0.1),True,del - score,('add', 0.7),True,add",2417.85384615385,373.875020265439,Inf,6.46701093974465,2.86686471833402e-06,"rank,('add', 0.1),True,del","score,('add', 0.7),True,add"
"rank","rank,('add', 0.1),True,del - (score,('add', 0.7),True,all-sep)",2463.53461538462,373.875020265439,Inf,6.58919286352853,1.26829852040866e-06,"rank,('add', 0.1),True,del","(score,('add', 0.7),True,all-sep)"
"rank","rank,('add', 0.1),True,del - (score,('add', 0.7),True,all-uni)",2417.82307692308,373.875020265439,Inf,6.46692864157253,2.86842586250195e-06,"rank,('add', 0.1),True,del","(score,('add', 0.7),True,all-uni)"
"rank","rank,('add', 0.1),True,del - score,('add', 0.7),True,del",2330.75384615385,373.875020265439,Inf,6.23404538901553,1.30362441333335e-05,"rank,('add', 0.1),True,del","score,('add', 0.7),True,del"
"rank","rank,('add', 0.1),True,del - score,('add', 0.8),False,add",2391.61153846154,373.875020265439,Inf,6.39682088619768,4.54994541490122e-06,"rank,('add', 0.1),True,del","score,('add', 0.8),False,add"
"rank","rank,('add', 0.1),True,del - (score,('add', 0.8),False,all-sep)",2384.98461538462,373.875020265439,Inf,6.3790959173773,5.10895329179237e-06,"rank,('add', 0.1),True,del","(score,('add', 0.8),False,all-sep)"
"rank","rank,('add', 0.1),True,del - (score,('add', 0.8),False,all-uni)",2391.61153846154,373.875020265439,Inf,6.39682088619768,4.54994541490122e-06,"rank,('add', 0.1),True,del","(score,('add', 0.8),False,all-uni)"
"rank","rank,('add', 0.1),True,del - score,('add', 0.8),False,del",2391.61153846154,373.875020265439,Inf,6.39682088619768,4.54994541490122e-06,"rank,('add', 0.1),True,del","score,('add', 0.8),False,del"
"rank","rank,('add', 0.1),True,del - score,('add', 0.8),True,add",2381.93076923077,373.875020265439,Inf,6.37092782379437,5.38862936662757e-06,"rank,('add', 0.1),True,del","score,('add', 0.8),True,add"
"rank","rank,('add', 0.1),True,del - (score,('add', 0.8),True,all-sep)",2389.66153846154,373.875020265439,Inf,6.39160523953956,4.70791498849811e-06,"rank,('add', 0.1),True,del","(score,('add', 0.8),True,all-sep)"
"rank","rank,('add', 0.1),True,del - (score,('add', 0.8),True,all-uni)",2381.93076923077,373.875020265439,Inf,6.37092782379437,5.3886293666276e-06,"rank,('add', 0.1),True,del","(score,('add', 0.8),True,all-uni)"
"rank","rank,('add', 0.1),True,del - score,('add', 0.8),True,del",2331.82307692308,373.875020265439,Inf,6.2369052504967,1.28002317281144e-05,"rank,('add', 0.1),True,del","score,('add', 0.8),True,del"
"rank","rank,('add', 0.1),True,del - score,('add', 0.9),False,add",2375.58076923077,373.875020265439,Inf,6.35394353852308,6.01889640746048e-06,"rank,('add', 0.1),True,del","score,('add', 0.9),False,add"
"rank","rank,('add', 0.1),True,del - (score,('add', 0.9),False,all-sep)",2375.35769230769,373.875020265439,Inf,6.3533468767752,6.04229945987756e-06,"rank,('add', 0.1),True,del","(score,('add', 0.9),False,all-sep)"
"rank","rank,('add', 0.1),True,del - (score,('add', 0.9),False,all-uni)",2375.58076923077,373.875020265439,Inf,6.35394353852308,6.01889640746052e-06,"rank,('add', 0.1),True,del","(score,('add', 0.9),False,all-uni)"
"rank","rank,('add', 0.1),True,del - score,('add', 0.9),False,del",2375.58076923077,373.875020265439,Inf,6.35394353852308,6.01889640746048e-06,"rank,('add', 0.1),True,del","score,('add', 0.9),False,del"
"rank","rank,('add', 0.1),True,del - score,('add', 0.9),True,add",2381.12307692308,373.875020265439,Inf,6.36876749677622,5.46506600917049e-06,"rank,('add', 0.1),True,del","score,('add', 0.9),True,add"
"rank","rank,('add', 0.1),True,del - (score,('add', 0.9),True,all-sep)",2381.65384615385,373.875020265439,Inf,6.37018714024529,5.41471780611915e-06,"rank,('add', 0.1),True,del","(score,('add', 0.9),True,all-sep)"
"rank","rank,('add', 0.1),True,del - (score,('add', 0.9),True,all-uni)",2381.12307692308,373.875020265439,Inf,6.36876749677622,5.46506600917049e-06,"rank,('add', 0.1),True,del","(score,('add', 0.9),True,all-uni)"
"rank","rank,('add', 0.1),True,del - score,('add', 0.9),True,del",2376.59615384615,373.875020265439,Inf,6.35665937820304,5.91348620045419e-06,"rank,('add', 0.1),True,del","score,('add', 0.9),True,del"
"rank","rank,('add', 0.1),True,del - score,mul,False,add",2633.45769230769,373.875020265439,Inf,7.04368451906208,5.36952078087497e-08,"rank,('add', 0.1),True,del","score,mul,False,add"
"rank","rank,('add', 0.1),True,del - (score,mul,False,all-sep)",2930.98846153846,373.875020265439,Inf,7.83948726892093,1.29745400717769e-10,"rank,('add', 0.1),True,del","(score,mul,False,all-sep)"
"rank","rank,('add', 0.1),True,del - (score,mul,False,all-uni)",2693.91153846154,373.875020265439,Inf,7.20537985273515,1.66006327778122e-08,"rank,('add', 0.1),True,del","(score,mul,False,all-uni)"
"rank","rank,('add', 0.1),True,del - score,mul,False,del",2693.91153846154,373.875020265439,Inf,7.20537985273515,1.66006327778123e-08,"rank,('add', 0.1),True,del","score,mul,False,del"
"rank","rank,('add', 0.1),True,del - score,mul,True,add",2147.62692307692,373.875020265439,Inf,5.74423753037092,0.000264819926585334,"rank,('add', 0.1),True,del","score,mul,True,add"
"rank","rank,('add', 0.1),True,del - (score,mul,True,all-sep)",2429.21923076923,373.875020265439,Inf,6.49740982707153,2.34357587243049e-06,"rank,('add', 0.1),True,del","(score,mul,True,all-sep)"
"rank","rank,('add', 0.1),True,del - (score,mul,True,all-uni)",2208.04230769231,373.875020265439,Inf,5.90582999132884,0.00010063114344523,"rank,('add', 0.1),True,del","(score,mul,True,all-uni)"
"rank","rank,('add', 0.1),True,del - score,mul,True,del",2724.15384615385,373.875020265413,Inf,7.28626866865824,9.13908874995612e-09,"rank,('add', 0.1),True,del","score,mul,True,del"
"rank","rank,('add', 0.2),False,add - (rank,('add', 0.4),True,all-sep)",1857.03461538462,373.875020265439,Inf,4.96699301832517,0.019502123305899,"rank,('add', 0.2),False,add","(rank,('add', 0.4),True,all-sep)"
"rank","rank,('add', 0.2),False,add - rank,('add', 0.6),False,add",1789.8,373.875020265439,Inf,4.78716122497112,0.0485142108289029,"rank,('add', 0.2),False,add","rank,('add', 0.6),False,add"
"rank","rank,('add', 0.2),False,add - (rank,('add', 0.6),False,all-uni)",1847.16538461538,373.875020265439,Inf,4.94059587961763,0.0223371835320762,"rank,('add', 0.2),False,add","(rank,('add', 0.6),False,all-uni)"
"rank","rank,('add', 0.2),False,add - rank,('add', 0.6),False,del",1849.93076923077,373.875020265439,Inf,4.94799242783693,0.0215050742659005,"rank,('add', 0.2),False,add","rank,('add', 0.6),False,del"
"rank","rank,('add', 0.2),False,add - rank,('add', 0.7),False,add",1803.26538461538,373.875020265439,Inf,4.8231769625452,0.0405218319283244,"rank,('add', 0.2),False,add","rank,('add', 0.7),False,add"
"rank","rank,('add', 0.2),False,add - (rank,('add', 0.7),False,all-sep)",1793.47692307692,373.875020265439,Inf,4.79699585653947,0.0461928488471821,"rank,('add', 0.2),False,add","(rank,('add', 0.7),False,all-sep)"
"rank","rank,('add', 0.2),False,add - (rank,('add', 0.7),False,all-uni)",1859.93846153846,373.875020265439,Inf,4.974759908319,0.0187362304891008,"rank,('add', 0.2),False,add","(rank,('add', 0.7),False,all-uni)"
"rank","rank,('add', 0.2),False,add - rank,('add', 0.7),False,del",1889.20384615385,373.875020265439,Inf,5.05303575727679,0.0124712814321183,"rank,('add', 0.2),False,add","rank,('add', 0.7),False,del"
"rank","rank,('add', 0.2),False,add - rank,('add', 0.8),False,add",1800.08076923077,373.875020265439,Inf,4.81465910173076,0.0422890575132987,"rank,('add', 0.2),False,add","rank,('add', 0.8),False,add"
"rank","rank,('add', 0.2),False,add - (rank,('add', 0.8),False,all-uni)",1800.08076923077,373.875020265439,Inf,4.81465910173076,0.0422890575132987,"rank,('add', 0.2),False,add","(rank,('add', 0.8),False,all-uni)"
"rank","rank,('add', 0.2),False,add - rank,('add', 0.8),False,del",1800.08076923077,373.875020265439,Inf,4.81465910173076,0.0422890575132987,"rank,('add', 0.2),False,add","rank,('add', 0.8),False,del"
"rank","rank,('add', 0.2),False,add - rank,('add', 0.8),True,del",1791.93461538461,373.875020265439,Inf,4.79287066066195,0.0471532545870995,"rank,('add', 0.2),False,add","rank,('add', 0.8),True,del"
"rank","rank,('add', 0.2),False,add - score,('add', 0.1),False,add",1804.04615384615,373.875020265439,Inf,4.82526527866275,0.0400995274299651,"rank,('add', 0.2),False,add","score,('add', 0.1),False,add"
"rank","rank,('add', 0.2),False,add - (score,('add', 0.1),False,all-sep)",1997.65,373.875020265439,Inf,5.34309566491426,0.00262056355453849,"rank,('add', 0.2),False,add","(score,('add', 0.1),False,all-sep)"
"rank","rank,('add', 0.2),False,add - score,('add', 0.1),False,del",1867.68461538461,373.875020265439,Inf,4.99547847315025,0.0168323122860831,"rank,('add', 0.2),False,add","score,('add', 0.1),False,del"
"rank","rank,('add', 0.2),False,add - (score,('add', 0.1),True,all-sep)",1836.82692307692,373.875020265439,Inf,4.91294369378526,0.0257314232663992,"rank,('add', 0.2),False,add","(score,('add', 0.1),True,all-sep)"
"rank","rank,('add', 0.2),False,add - score,('add', 0.1),True,del",1868.05769230769,373.875020265439,Inf,4.99647633848721,0.0167454878459221,"rank,('add', 0.2),False,add","score,('add', 0.1),True,del"
"rank","rank,('add', 0.2),False,add - score,('add', 0.2),False,add",1852.20384615385,373.875020265439,Inf,4.9540722053023,0.0208435391758775,"rank,('add', 0.2),False,add","score,('add', 0.2),False,add"
"rank","rank,('add', 0.2),False,add - (score,('add', 0.2),False,all-sep)",1809.72307692308,373.875020265439,Inf,4.84044929141892,0.0371537669546763,"rank,('add', 0.2),False,add","(score,('add', 0.2),False,all-sep)"
"rank","rank,('add', 0.2),False,add - (score,('add', 0.2),False,all-uni)",1836.96538461538,373.875020265439,Inf,4.9133140355598,0.0256828451695059,"rank,('add', 0.2),False,add","(score,('add', 0.2),False,all-uni)"
"rank","rank,('add', 0.2),False,add - score,('add', 0.2),False,del",1852.33461538462,373.875020265439,Inf,4.95442197253381,0.0208060838155186,"rank,('add', 0.2),False,add","score,('add', 0.2),False,del"
"rank","rank,('add', 0.2),False,add - (score,('add', 0.2),True,all-sep)",1822.70384615385,373.875020265439,Inf,4.8751688327821,0.0311795866748687,"rank,('add', 0.2),False,add","(score,('add', 0.2),True,all-sep)"
"rank","rank,('add', 0.2),False,add - score,('add', 0.2),True,del",1876.49230769231,373.875020265439,Inf,5.01903632491965,0.0148939055619915,"rank,('add', 0.2),False,add","score,('add', 0.2),True,del"
"rank","rank,('add', 0.2),False,add - score,mul,False,add",1847.57692307692,373.875020265439,Inf,4.94169661766973,0.0222114156264926,"rank,('add', 0.2),False,add","score,mul,False,add"
"rank","rank,('add', 0.2),False,add - (score,mul,False,all-sep)",2145.10769230769,373.875020265439,Inf,5.73749936752858,0.000275570743195296,"rank,('add', 0.2),False,add","(score,mul,False,all-sep)"
"rank","rank,('add', 0.2),False,add - (score,mul,False,all-uni)",1908.03076923077,373.875020265439,Inf,5.1033919513428,0.00956819365753995,"rank,('add', 0.2),False,add","(score,mul,False,all-uni)"
"rank","rank,('add', 0.2),False,add - score,mul,False,del",1908.03076923077,373.875020265439,Inf,5.1033919513428,0.00956819365753995,"rank,('add', 0.2),False,add","score,mul,False,del"
"rank","rank,('add', 0.2),False,add - score,mul,True,del",1938.27307692308,373.875020265413,Inf,5.18428076726576,0.00621925952798634,"rank,('add', 0.2),False,add","score,mul,True,del"
"rank","(rank,('add', 0.2),False,all-sep) - (score,('add', 0.1),False,all-sep)",1792.21153846154,373.875020265439,Inf,4.79361134421103,0.0469794106009827,"(rank,('add', 0.2),False,all-sep)","(score,('add', 0.1),False,all-sep)"
"rank","(rank,('add', 0.2),False,all-sep) - (score,mul,False,all-sep)",1939.66923076923,373.875020265439,Inf,5.18801504682535,0.00609586039052567,"(rank,('add', 0.2),False,all-sep)","(score,mul,False,all-sep)"
"rank","(rank,('add', 0.2),False,all-uni) - (rank,('add', 0.4),True,all-sep)",1856.65,373.875020265439,Inf,4.96596429117367,0.019605801043704,"(rank,('add', 0.2),False,all-uni)","(rank,('add', 0.4),True,all-sep)"
"rank","(rank,('add', 0.2),False,all-uni) - rank,('add', 0.6),False,add",1789.41538461539,373.875020265439,Inf,4.78613249781962,0.0487634089786725,"(rank,('add', 0.2),False,all-uni)","rank,('add', 0.6),False,add"
"rank","(rank,('add', 0.2),False,all-uni) - (rank,('add', 0.6),False,all-uni)",1846.78076923077,373.875020265439,Inf,4.93956715246613,0.0224553435539444,"(rank,('add', 0.2),False,all-uni)","(rank,('add', 0.6),False,all-uni)"
"rank","(rank,('add', 0.2),False,all-uni) - rank,('add', 0.6),False,del",1849.54615384615,373.875020265439,Inf,4.94696370068543,0.0216189915857652,"(rank,('add', 0.2),False,all-uni)","rank,('add', 0.6),False,del"
"rank","(rank,('add', 0.2),False,all-uni) - rank,('add', 0.7),False,add",1802.88076923077,373.875020265439,Inf,4.8221482353937,0.0407314328172653,"(rank,('add', 0.2),False,all-uni)","rank,('add', 0.7),False,add"
"rank","(rank,('add', 0.2),False,all-uni) - (rank,('add', 0.7),False,all-sep)",1793.09230769231,373.875020265439,Inf,4.79596712938798,0.0464305763562915,"(rank,('add', 0.2),False,all-uni)","(rank,('add', 0.7),False,all-sep)"
"rank","(rank,('add', 0.2),False,all-uni) - (rank,('add', 0.7),False,all-uni)",1859.55384615385,373.875020265439,Inf,4.97373118116751,0.0188359820956206,"(rank,('add', 0.2),False,all-uni)","(rank,('add', 0.7),False,all-uni)"
"rank","(rank,('add', 0.2),False,all-uni) - rank,('add', 0.7),False,del",1888.81923076923,373.875020265439,Inf,5.05200703012529,0.0125386552408901,"(rank,('add', 0.2),False,all-uni)","rank,('add', 0.7),False,del"
"rank","(rank,('add', 0.2),False,all-uni) - rank,('add', 0.8),False,add",1799.69615384615,373.875020265439,Inf,4.81363037457926,0.0425074399192393,"(rank,('add', 0.2),False,all-uni)","rank,('add', 0.8),False,add"
"rank","(rank,('add', 0.2),False,all-uni) - (rank,('add', 0.8),False,all-uni)",1799.69615384615,373.875020265439,Inf,4.81363037457926,0.0425074399192395,"(rank,('add', 0.2),False,all-uni)","(rank,('add', 0.8),False,all-uni)"
"rank","(rank,('add', 0.2),False,all-uni) - rank,('add', 0.8),False,del",1799.69615384615,373.875020265439,Inf,4.81363037457926,0.0425074399192395,"(rank,('add', 0.2),False,all-uni)","rank,('add', 0.8),False,del"
"rank","(rank,('add', 0.2),False,all-uni) - rank,('add', 0.8),True,del",1791.55,373.875020265439,Inf,4.79184193351045,0.0473957306542535,"(rank,('add', 0.2),False,all-uni)","rank,('add', 0.8),True,del"
"rank","(rank,('add', 0.2),False,all-uni) - score,('add', 0.1),False,add",1803.66153846154,373.875020265439,Inf,4.82423655151125,0.0403070275192358,"(rank,('add', 0.2),False,all-uni)","score,('add', 0.1),False,add"
"rank","(rank,('add', 0.2),False,all-uni) - (score,('add', 0.1),False,all-sep)",1997.26538461538,373.875020265439,Inf,5.34206693776277,0.00263548284768863,"(rank,('add', 0.2),False,all-uni)","(score,('add', 0.1),False,all-sep)"
"rank","(rank,('add', 0.2),False,all-uni) - score,('add', 0.1),False,del",1867.3,373.875020265439,Inf,4.99444974599875,0.01692227626104,"(rank,('add', 0.2),False,all-uni)","score,('add', 0.1),False,del"
"rank","(rank,('add', 0.2),False,all-uni) - (score,('add', 0.1),True,all-sep)",1836.44230769231,373.875020265439,Inf,4.91191496663376,0.0258668270821906,"(rank,('add', 0.2),False,all-uni)","(score,('add', 0.1),True,all-sep)"
"rank","(rank,('add', 0.2),False,all-uni) - score,('add', 0.1),True,del",1867.67307692308,373.875020265439,Inf,4.99544761133571,0.0168350044844166,"(rank,('add', 0.2),False,all-uni)","score,('add', 0.1),True,del"
"rank","(rank,('add', 0.2),False,all-uni) - score,('add', 0.2),False,add",1851.81923076923,373.875020265439,Inf,4.9530434781508,0.0209540788917542,"(rank,('add', 0.2),False,all-uni)","score,('add', 0.2),False,add"
"rank","(rank,('add', 0.2),False,all-uni) - (score,('add', 0.2),False,all-sep)",1809.33846153846,373.875020265439,Inf,4.83942056426742,0.0373465870141736,"(rank,('add', 0.2),False,all-uni)","(score,('add', 0.2),False,all-sep)"
"rank","(rank,('add', 0.2),False,all-uni) - (score,('add', 0.2),False,all-uni)",1836.58076923077,373.875020265439,Inf,4.9122853084083,0.0258180028628369,"(rank,('add', 0.2),False,all-uni)","(score,('add', 0.2),False,all-uni)"
"rank","(rank,('add', 0.2),False,all-uni) - score,('add', 0.2),False,del",1851.95,373.875020265439,Inf,4.95339324538231,0.0209164321702288,"(rank,('add', 0.2),False,all-uni)","score,('add', 0.2),False,del"
"rank","(rank,('add', 0.2),False,all-uni) - (score,('add', 0.2),True,all-sep)",1822.31923076923,373.875020265439,Inf,4.87414010563061,0.031342483070724,"(rank,('add', 0.2),False,all-uni)","(score,('add', 0.2),True,all-sep)"
"rank","(rank,('add', 0.2),False,all-uni) - score,('add', 0.2),True,del",1876.10769230769,373.875020265439,Inf,5.01800759776815,0.0149738603409685,"(rank,('add', 0.2),False,all-uni)","score,('add', 0.2),True,del"
"rank","(rank,('add', 0.2),False,all-uni) - score,mul,False,add",1847.19230769231,373.875020265439,Inf,4.94066789051823,0.0223289347980258,"(rank,('add', 0.2),False,all-uni)","score,mul,False,add"
"rank","(rank,('add', 0.2),False,all-uni) - (score,mul,False,all-sep)",2144.72307692308,373.875020265439,Inf,5.73647064037708,0.000277248981178105,"(rank,('add', 0.2),False,all-uni)","(score,mul,False,all-sep)"
"rank","(rank,('add', 0.2),False,all-uni) - (score,mul,False,all-uni)",1907.64615384615,373.875020265439,Inf,5.1023632241913,0.00962036653391085,"(rank,('add', 0.2),False,all-uni)","(score,mul,False,all-uni)"
"rank","(rank,('add', 0.2),False,all-uni) - score,mul,False,del",1907.64615384615,373.875020265439,Inf,5.1023632241913,0.00962036653391085,"(rank,('add', 0.2),False,all-uni)","score,mul,False,del"
"rank","(rank,('add', 0.2),False,all-uni) - score,mul,True,del",1937.88846153846,373.875020265413,Inf,5.18325204011426,0.00625367566524147,"(rank,('add', 0.2),False,all-uni)","score,mul,True,del"
"rank","rank,('add', 0.2),False,del - rank,('add', 0.7),False,del",1796.22307692308,373.875020265439,Inf,4.8043409684012,0.044529155670356,"rank,('add', 0.2),False,del","rank,('add', 0.7),False,del"
"rank","rank,('add', 0.2),False,del - (score,('add', 0.1),False,all-sep)",1904.66923076923,373.875020265439,Inf,5.09440087603868,0.0100335779764434,"rank,('add', 0.2),False,del","(score,('add', 0.1),False,all-sep)"
"rank","rank,('add', 0.2),False,del - (score,mul,False,all-sep)",2052.12692307692,373.875020265439,Inf,5.488804578653,0.00116057353433064,"rank,('add', 0.2),False,del","(score,mul,False,all-sep)"
"rank","rank,('add', 0.2),False,del - (score,mul,False,all-uni)",1815.05,373.875020265439,Inf,4.85469716246722,0.0345797218338753,"rank,('add', 0.2),False,del","(score,mul,False,all-uni)"
"rank","rank,('add', 0.2),False,del - score,mul,False,del",1815.05,373.875020265439,Inf,4.85469716246722,0.0345797218338753,"rank,('add', 0.2),False,del","score,mul,False,del"
"rank","rank,('add', 0.2),False,del - score,mul,True,del",1845.29230769231,373.875020265413,Inf,4.93558597839015,0.0229183218892934,"rank,('add', 0.2),False,del","score,mul,True,del"
"rank","rank,('add', 0.2),True,add - (score,mul,False,all-sep)",1818.32307692308,373.875020265439,Inf,4.8634516305265,0.0330841653693677,"rank,('add', 0.2),True,add","(score,mul,False,all-sep)"
"rank","(rank,('add', 0.2),True,all-uni) - (score,mul,False,all-sep)",1816.10769230769,373.875020265439,Inf,4.85752616213385,0.0340894599587022,"(rank,('add', 0.2),True,all-uni)","(score,mul,False,all-sep)"
"rank","rank,('add', 0.2),True,del - (rank,('add', 0.4),True,all-sep)",1834.38846153846,373.875020265439,Inf,4.90642156364473,0.026601576604106,"rank,('add', 0.2),True,del","(rank,('add', 0.4),True,all-sep)"
"rank","rank,('add', 0.2),True,del - (rank,('add', 0.6),False,all-uni)",1824.51923076923,373.875020265439,Inf,4.88002442493719,0.0304216512159776,"rank,('add', 0.2),True,del","(rank,('add', 0.6),False,all-uni)"
"rank","rank,('add', 0.2),True,del - rank,('add', 0.6),False,del",1827.28461538462,373.875020265439,Inf,4.88742097315649,0.0293010607316997,"rank,('add', 0.2),True,del","rank,('add', 0.6),False,del"
"rank","rank,('add', 0.2),True,del - (rank,('add', 0.7),False,all-uni)",1837.29230769231,373.875020265439,Inf,4.91418845363857,0.0255684970306109,"rank,('add', 0.2),True,del","(rank,('add', 0.7),False,all-uni)"
"rank","rank,('add', 0.2),True,del - rank,('add', 0.7),False,del",1866.55769230769,373.875020265439,Inf,4.99246430259635,0.0170972190309334,"rank,('add', 0.2),True,del","rank,('add', 0.7),False,del"
"rank","rank,('add', 0.2),True,del - (score,('add', 0.1),False,all-sep)",1975.00384615385,373.875020265439,Inf,5.28252421023383,0.00365429062182647,"rank,('add', 0.2),True,del","(score,('add', 0.1),False,all-sep)"
"rank","rank,('add', 0.2),True,del - score,('add', 0.1),False,del",1845.03846153846,373.875020265439,Inf,4.93490701846982,0.0229981916637372,"rank,('add', 0.2),True,del","score,('add', 0.1),False,del"
"rank","rank,('add', 0.2),True,del - (score,('add', 0.1),True,all-sep)",1814.18076923077,373.875020265439,Inf,4.85237223910482,0.0349876992545926,"rank,('add', 0.2),True,del","(score,('add', 0.1),True,all-sep)"
"rank","rank,('add', 0.2),True,del - score,('add', 0.1),True,del",1845.41153846154,373.875020265439,Inf,4.93590488380678,0.0228808995766983,"rank,('add', 0.2),True,del","score,('add', 0.1),True,del"
"rank","rank,('add', 0.2),True,del - score,('add', 0.2),False,add",1829.55769230769,373.875020265439,Inf,4.89350075062187,0.0284098161527173,"rank,('add', 0.2),True,del","score,('add', 0.2),False,add"
"rank","rank,('add', 0.2),True,del - (score,('add', 0.2),False,all-uni)",1814.31923076923,373.875020265439,Inf,4.85274258087936,0.0349224030666788,"rank,('add', 0.2),True,del","(score,('add', 0.2),False,all-uni)"
"rank","rank,('add', 0.2),True,del - score,('add', 0.2),False,del",1829.68846153846,373.875020265439,Inf,4.89385051785338,0.0283593450306286,"rank,('add', 0.2),True,del","score,('add', 0.2),False,del"
"rank","rank,('add', 0.2),True,del - (score,('add', 0.2),True,all-sep)",1800.05769230769,373.875020265439,Inf,4.81459737810167,0.0423021299798228,"rank,('add', 0.2),True,del","(score,('add', 0.2),True,all-sep)"
"rank","rank,('add', 0.2),True,del - score,('add', 0.2),True,del",1853.84615384615,373.875020265439,Inf,4.95846487023922,0.0203778234828194,"rank,('add', 0.2),True,del","score,('add', 0.2),True,del"
"rank","rank,('add', 0.2),True,del - score,mul,False,add",1824.93076923077,373.875020265439,Inf,4.8811251629893,0.0302523133163851,"rank,('add', 0.2),True,del","score,mul,False,add"
"rank","rank,('add', 0.2),True,del - (score,mul,False,all-sep)",2122.46153846154,373.875020265439,Inf,5.67692791284815,0.000393303834816545,"rank,('add', 0.2),True,del","(score,mul,False,all-sep)"
"rank","rank,('add', 0.2),True,del - (score,mul,False,all-uni)",1885.38461538462,373.875020265439,Inf,5.04282049666237,0.0131560762222936,"rank,('add', 0.2),True,del","(score,mul,False,all-uni)"
"rank","rank,('add', 0.2),True,del - score,mul,False,del",1885.38461538462,373.875020265439,Inf,5.04282049666237,0.0131560762222936,"rank,('add', 0.2),True,del","score,mul,False,del"
"rank","rank,('add', 0.2),True,del - score,mul,True,del",1915.62692307692,373.875020265413,Inf,5.12370931258532,0.00859203274396662,"rank,('add', 0.2),True,del","score,mul,True,del"
"num_iters","both,('add', 0.1),False,add - rank,('add', 0.1),False,add",-1363.72692307693,237.469680591121,Inf,-5.74274121935177,0.000267171512279397,"both,('add', 0.1),False,add","rank,('add', 0.1),False,add"
"num_iters","both,('add', 0.1),False,add - (rank,('add', 0.1),False,all-sep)",-1303.5076923077,237.469680591121,Inf,-5.48915419039156,0.00115827897693516,"both,('add', 0.1),False,add","(rank,('add', 0.1),False,all-sep)"
"num_iters","both,('add', 0.1),False,add - (rank,('add', 0.1),False,all-uni)",-1412.0576923077,237.469680591121,Inf,-5.94626517706486,7.86777307913986e-05,"both,('add', 0.1),False,add","(rank,('add', 0.1),False,all-uni)"
"num_iters","both,('add', 0.1),False,add - rank,('add', 0.1),False,del",-1390.86538461539,237.469680591121,Inf,-5.85702301512,0.000135151013207213,"both,('add', 0.1),False,add","rank,('add', 0.1),False,del"
"num_iters","both,('add', 0.1),False,add - (rank,mul,False,all-sep)",1245.64615384615,237.469680591121,Inf,5.24549555440268,0.00447014563217159,"both,('add', 0.1),False,add","(rank,mul,False,all-sep)"
"num_iters","both,('add', 0.1),False,add - (rank,mul,True,all-sep)",1207.8923076923,237.469680591121,Inf,5.08651169566388,0.0104598609892755,"both,('add', 0.1),False,add","(rank,mul,True,all-sep)"
"num_iters","both,('add', 0.1),False,add - score,('add', 0.1),False,add",-1448.58846153847,237.469680591121,Inf,-6.10009858072227,3.04016802003246e-05,"both,('add', 0.1),False,add","score,('add', 0.1),False,add"
"num_iters","both,('add', 0.1),False,add - (score,('add', 0.1),False,all-sep)",-1691.00384615385,237.469680591121,Inf,-7.12092525641389,3.07463711520399e-08,"both,('add', 0.1),False,add","(score,('add', 0.1),False,all-sep)"
"num_iters","both,('add', 0.1),False,add - (score,('add', 0.1),False,all-uni)",-1448.58846153847,237.469680591121,Inf,-6.10009858072227,3.04016802003244e-05,"both,('add', 0.1),False,add","(score,('add', 0.1),False,all-uni)"
"num_iters","both,('add', 0.1),False,add - score,('add', 0.1),False,del",-1454.90384615385,237.469680591121,Inf,-6.12669306890983,2.5732933836494e-05,"both,('add', 0.1),False,add","score,('add', 0.1),False,del"
"num_iters","both,('add', 0.1),False,add - score,('add', 0.1),True,add",-1272.16153846154,237.469680591121,Inf,-5.35715353343137,0.00242470116188309,"both,('add', 0.1),False,add","score,('add', 0.1),True,add"
"num_iters","both,('add', 0.1),False,add - (score,('add', 0.1),True,all-uni)",-1272.16153846154,237.469680591121,Inf,-5.35715353343138,0.00242470116188305,"both,('add', 0.1),False,add","(score,('add', 0.1),True,all-uni)"
"num_iters","both,('add', 0.1),False,add - (score,('add', 0.2),False,all-sep)",-1229.15000000001,237.469680591121,Inf,-5.17602919640245,0.0065005515301051,"both,('add', 0.1),False,add","(score,('add', 0.2),False,all-sep)"
"num_iters","(both,('add', 0.1),False,all-sep) - rank,('add', 0.1),False,add",-1420.34230769231,237.469680591121,Inf,-5.98115222186147,6.35447540688001e-05,"(both,('add', 0.1),False,all-sep)","rank,('add', 0.1),False,add"
"num_iters","(both,('add', 0.1),False,all-sep) - (rank,('add', 0.1),False,all-sep)",-1360.12307692308,237.469680591121,Inf,-5.72756519290126,0.000292198407895225,"(both,('add', 0.1),False,all-sep)","(rank,('add', 0.1),False,all-sep)"
"num_iters","(both,('add', 0.1),False,all-sep) - (rank,('add', 0.1),False,all-uni)",-1468.67307692308,237.469680591121,Inf,-6.18467617957456,1.78475865052797e-05,"(both,('add', 0.1),False,all-sep)","(rank,('add', 0.1),False,all-uni)"
"num_iters","(both,('add', 0.1),False,all-sep) - rank,('add', 0.1),False,del",-1447.48076923078,237.469680591121,Inf,-6.0954340176297,3.13016170163544e-05,"(both,('add', 0.1),False,all-sep)","rank,('add', 0.1),False,del"
"num_iters","(both,('add', 0.1),False,all-sep) - (rank,mul,False,all-sep)",1189.03076923076,237.469680591121,Inf,5.00708455189298,0.0158487562659816,"(both,('add', 0.1),False,all-sep)","(rank,mul,False,all-sep)"
"num_iters","(both,('add', 0.1),False,all-sep) - (rank,mul,True,all-sep)",1151.27692307692,237.469680591121,Inf,4.84810069315418,0.0357493706841658,"(both,('add', 0.1),False,all-sep)","(rank,mul,True,all-sep)"
"num_iters","(both,('add', 0.1),False,all-sep) - score,('add', 0.1),False,add",-1505.20384615385,237.469680591121,Inf,-6.33850958323197,6.65371448573594e-06,"(both,('add', 0.1),False,all-sep)","score,('add', 0.1),False,add"
"num_iters","(both,('add', 0.1),False,all-sep) - (score,('add', 0.1),False,all-sep)",-1747.61923076924,237.469680591121,Inf,-7.35933625892359,5.30083592660081e-09,"(both,('add', 0.1),False,all-sep)","(score,('add', 0.1),False,all-sep)"
"num_iters","(both,('add', 0.1),False,all-sep) - (score,('add', 0.1),False,all-uni)",-1505.20384615385,237.469680591121,Inf,-6.33850958323197,6.65371448573594e-06,"(both,('add', 0.1),False,all-sep)","(score,('add', 0.1),False,all-uni)"
"num_iters","(both,('add', 0.1),False,all-sep) - score,('add', 0.1),False,del",-1511.51923076924,237.469680591121,Inf,-6.36510407141953,5.59711322699887e-06,"(both,('add', 0.1),False,all-sep)","score,('add', 0.1),False,del"
"num_iters","(both,('add', 0.1),False,all-sep) - score,('add', 0.1),True,add",-1328.77692307693,237.469680591121,Inf,-5.59556453594107,0.000630687617129587,"(both,('add', 0.1),False,all-sep)","score,('add', 0.1),True,add"
"num_iters","(both,('add', 0.1),False,all-sep) - (score,('add', 0.1),True,all-sep)",-1163.83076923078,237.469680591121,Inf,-4.90096574153683,0.0273511658615926,"(both,('add', 0.1),False,all-sep)","(score,('add', 0.1),True,all-sep)"
"num_iters","(both,('add', 0.1),False,all-sep) - (score,('add', 0.1),True,all-uni)",-1328.77692307693,237.469680591121,Inf,-5.59556453594107,0.000630687617129581,"(both,('add', 0.1),False,all-sep)","(score,('add', 0.1),True,all-uni)"
"num_iters","(both,('add', 0.1),False,all-sep) - score,('add', 0.1),True,del",-1183.83461538462,237.469680591121,Inf,-4.98520321599694,0.0177519798758777,"(both,('add', 0.1),False,all-sep)","score,('add', 0.1),True,del"
"num_iters","(both,('add', 0.1),False,all-sep) - (score,('add', 0.2),False,all-sep)",-1285.76538461539,237.469680591121,Inf,-5.41444019891214,0.0017632677951611,"(both,('add', 0.1),False,all-sep)","(score,('add', 0.2),False,all-sep)"
"num_iters","(both,('add', 0.1),False,all-uni) - rank,('add', 0.1),False,add",-1363.72692307692,237.469680591121,Inf,-5.74274121935173,0.00026717151227945,"(both,('add', 0.1),False,all-uni)","rank,('add', 0.1),False,add"
"num_iters","(both,('add', 0.1),False,all-uni) - (rank,('add', 0.1),False,all-sep)",-1303.50769230769,237.469680591121,Inf,-5.48915419039153,0.00115827897693538,"(both,('add', 0.1),False,all-uni)","(rank,('add', 0.1),False,all-sep)"
"num_iters","(both,('add', 0.1),False,all-uni) - (rank,('add', 0.1),False,all-uni)",-1412.05769230769,237.469680591121,Inf,-5.94626517706483,7.86777307914149e-05,"(both,('add', 0.1),False,all-uni)","(rank,('add', 0.1),False,all-uni)"
"num_iters","(both,('add', 0.1),False,all-uni) - rank,('add', 0.1),False,del",-1390.86538461538,237.469680591121,Inf,-5.85702301511996,0.000135151013207241,"(both,('add', 0.1),False,all-uni)","rank,('add', 0.1),False,del"
"num_iters","(both,('add', 0.1),False,all-uni) - (rank,mul,False,all-sep)",1245.64615384616,237.469680591121,Inf,5.24549555440271,0.00447014563217077,"(both,('add', 0.1),False,all-uni)","(rank,mul,False,all-sep)"
"num_iters","(both,('add', 0.1),False,all-uni) - (rank,mul,True,all-sep)",1207.89230769231,237.469680591121,Inf,5.08651169566392,0.0104598609892735,"(both,('add', 0.1),False,all-uni)","(rank,mul,True,all-sep)"
"num_iters","(both,('add', 0.1),False,all-uni) - score,('add', 0.1),False,add",-1448.58846153846,237.469680591121,Inf,-6.10009858072223,3.04016802003309e-05,"(both,('add', 0.1),False,all-uni)","score,('add', 0.1),False,add"
"num_iters","(both,('add', 0.1),False,all-uni) - (score,('add', 0.1),False,all-sep)",-1691.00384615384,237.469680591121,Inf,-7.12092525641385,3.07463711520472e-08,"(both,('add', 0.1),False,all-uni)","(score,('add', 0.1),False,all-sep)"
"num_iters","(both,('add', 0.1),False,all-uni) - (score,('add', 0.1),False,all-uni)",-1448.58846153846,237.469680591121,Inf,-6.10009858072223,3.04016802003307e-05,"(both,('add', 0.1),False,all-uni)","(score,('add', 0.1),False,all-uni)"
"num_iters","(both,('add', 0.1),False,all-uni) - score,('add', 0.1),False,del",-1454.90384615384,237.469680591121,Inf,-6.12669306890979,2.57329338364993e-05,"(both,('add', 0.1),False,all-uni)","score,('add', 0.1),False,del"
"num_iters","(both,('add', 0.1),False,all-uni) - score,('add', 0.1),True,add",-1272.16153846153,237.469680591121,Inf,-5.35715353343134,0.00242470116188354,"(both,('add', 0.1),False,all-uni)","score,('add', 0.1),True,add"
"num_iters","(both,('add', 0.1),False,all-uni) - (score,('add', 0.1),True,all-uni)",-1272.16153846154,237.469680591121,Inf,-5.35715353343134,0.00242470116188353,"(both,('add', 0.1),False,all-uni)","(score,('add', 0.1),True,all-uni)"
"num_iters","(both,('add', 0.1),False,all-uni) - (score,('add', 0.2),False,all-sep)",-1229.15,237.469680591121,Inf,-5.17602919640241,0.00650055153010628,"(both,('add', 0.1),False,all-uni)","(score,('add', 0.2),False,all-sep)"
"num_iters","both,('add', 0.1),False,del - rank,('add', 0.1),False,add",-1363.72692307692,237.469680591121,Inf,-5.74274121935173,0.000267171512279452,"both,('add', 0.1),False,del","rank,('add', 0.1),False,add"
"num_iters","both,('add', 0.1),False,del - (rank,('add', 0.1),False,all-sep)",-1303.50769230769,237.469680591121,Inf,-5.48915419039153,0.00115827897693538,"both,('add', 0.1),False,del","(rank,('add', 0.1),False,all-sep)"
"num_iters","both,('add', 0.1),False,del - (rank,('add', 0.1),False,all-uni)",-1412.05769230769,237.469680591121,Inf,-5.94626517706483,7.86777307914149e-05,"both,('add', 0.1),False,del","(rank,('add', 0.1),False,all-uni)"
"num_iters","both,('add', 0.1),False,del - rank,('add', 0.1),False,del",-1390.86538461538,237.469680591121,Inf,-5.85702301511996,0.000135151013207241,"both,('add', 0.1),False,del","rank,('add', 0.1),False,del"
"num_iters","both,('add', 0.1),False,del - (rank,mul,False,all-sep)",1245.64615384616,237.469680591121,Inf,5.24549555440271,0.00447014563217077,"both,('add', 0.1),False,del","(rank,mul,False,all-sep)"
"num_iters","both,('add', 0.1),False,del - (rank,mul,True,all-sep)",1207.89230769231,237.469680591121,Inf,5.08651169566392,0.0104598609892735,"both,('add', 0.1),False,del","(rank,mul,True,all-sep)"
"num_iters","both,('add', 0.1),False,del - score,('add', 0.1),False,add",-1448.58846153846,237.469680591121,Inf,-6.10009858072223,3.0401680200331e-05,"both,('add', 0.1),False,del","score,('add', 0.1),False,add"
"num_iters","both,('add', 0.1),False,del - (score,('add', 0.1),False,all-sep)",-1691.00384615384,237.469680591121,Inf,-7.12092525641385,3.07463711520474e-08,"both,('add', 0.1),False,del","(score,('add', 0.1),False,all-sep)"
"num_iters","both,('add', 0.1),False,del - (score,('add', 0.1),False,all-uni)",-1448.58846153846,237.469680591121,Inf,-6.10009858072223,3.04016802003309e-05,"both,('add', 0.1),False,del","(score,('add', 0.1),False,all-uni)"
"num_iters","both,('add', 0.1),False,del - score,('add', 0.1),False,del",-1454.90384615384,237.469680591121,Inf,-6.12669306890979,2.57329338364995e-05,"both,('add', 0.1),False,del","score,('add', 0.1),False,del"
"num_iters","both,('add', 0.1),False,del - score,('add', 0.1),True,add",-1272.16153846153,237.469680591121,Inf,-5.35715353343134,0.00242470116188354,"both,('add', 0.1),False,del","score,('add', 0.1),True,add"
"num_iters","both,('add', 0.1),False,del - (score,('add', 0.1),True,all-uni)",-1272.16153846154,237.469680591121,Inf,-5.35715353343134,0.00242470116188353,"both,('add', 0.1),False,del","(score,('add', 0.1),True,all-uni)"
"num_iters","both,('add', 0.1),False,del - (score,('add', 0.2),False,all-sep)",-1229.15,237.469680591121,Inf,-5.17602919640241,0.00650055153010628,"both,('add', 0.1),False,del","(score,('add', 0.2),False,all-sep)"
"num_iters","both,('add', 0.1),True,add - rank,('add', 0.1),False,add",-1623.44230769231,237.469680591121,Inf,-6.83641930056569,2.32873176815714e-07,"both,('add', 0.1),True,add","rank,('add', 0.1),False,add"
"num_iters","both,('add', 0.1),True,add - (rank,('add', 0.1),False,all-sep)",-1563.22307692308,237.469680591121,Inf,-6.58283227160549,1.32378207174679e-06,"both,('add', 0.1),True,add","(rank,('add', 0.1),False,all-sep)"
"num_iters","both,('add', 0.1),True,add - (rank,('add', 0.1),False,all-uni)",-1671.77307692308,237.469680591121,Inf,-7.03994325827879,5.5156840477887e-08,"both,('add', 0.1),True,add","(rank,('add', 0.1),False,all-uni)"
"num_iters","both,('add', 0.1),True,add - rank,('add', 0.1),False,del",-1650.58076923077,237.469680591121,Inf,-6.95070109633392,1.04244706438826e-07,"both,('add', 0.1),True,add","rank,('add', 0.1),False,del"
"num_iters","both,('add', 0.1),True,add - rank,('add', 0.1),True,del",-1258.71538461539,237.469680591121,Inf,-5.30053092033531,0.00331157656409455,"both,('add', 0.1),True,add","rank,('add', 0.1),True,del"
"num_iters","both,('add', 0.1),True,add - score,('add', 0.1),False,add",-1708.30384615385,237.469680591121,Inf,-7.19377666193619,1.8075069796882e-08,"both,('add', 0.1),True,add","score,('add', 0.1),False,add"
"num_iters","both,('add', 0.1),True,add - (score,('add', 0.1),False,all-sep)",-1950.71923076923,237.469680591121,Inf,-8.21460333762781,6.10501746746423e-12,"both,('add', 0.1),True,add","(score,('add', 0.1),False,all-sep)"
"num_iters","both,('add', 0.1),True,add - (score,('add', 0.1),False,all-uni)",-1708.30384615385,237.469680591121,Inf,-7.19377666193619,1.80750697968818e-08,"both,('add', 0.1),True,add","(score,('add', 0.1),False,all-uni)"
"num_iters","both,('add', 0.1),True,add - score,('add', 0.1),False,del",-1714.61923076923,237.469680591121,Inf,-7.22037115012375,1.48693967542617e-08,"both,('add', 0.1),True,add","score,('add', 0.1),False,del"
"num_iters","both,('add', 0.1),True,add - score,('add', 0.1),True,add",-1531.87692307692,237.469680591121,Inf,-6.4508316146453,3.19030701719618e-06,"both,('add', 0.1),True,add","score,('add', 0.1),True,add"
"num_iters","both,('add', 0.1),True,add - (score,('add', 0.1),True,all-sep)",-1366.93076923077,237.469680591121,Inf,-5.75623282024106,0.000246681671858799,"both,('add', 0.1),True,add","(score,('add', 0.1),True,all-sep)"
"num_iters","both,('add', 0.1),True,add - (score,('add', 0.1),True,all-uni)",-1531.87692307692,237.469680591121,Inf,-6.4508316146453,3.19030701719616e-06,"both,('add', 0.1),True,add","(score,('add', 0.1),True,all-uni)"
"num_iters","both,('add', 0.1),True,add - score,('add', 0.1),True,del",-1386.93461538462,237.469680591121,Inf,-5.84047029470117,0.000149289915794749,"both,('add', 0.1),True,add","score,('add', 0.1),True,del"
"num_iters","both,('add', 0.1),True,add - score,('add', 0.2),False,add",-1169.80769230769,237.469680591121,Inf,-4.92613494655719,0.0240545137310031,"both,('add', 0.1),True,add","score,('add', 0.2),False,add"
"num_iters","both,('add', 0.1),True,add - (score,('add', 0.2),False,all-sep)",-1488.86538461539,237.469680591121,Inf,-6.26970727761637,1.03743440169351e-05,"both,('add', 0.1),True,add","(score,('add', 0.2),False,all-sep)"
"num_iters","both,('add', 0.1),True,add - (score,('add', 0.2),False,all-uni)",-1166.68846153846,237.469680591121,Inf,-4.91299966645968,0.0257240756041953,"both,('add', 0.1),True,add","(score,('add', 0.2),False,all-uni)"
"num_iters","both,('add', 0.1),True,add - score,('add', 0.2),False,del",-1150.34615384615,237.469680591121,Inf,-4.84418116444448,0.0364622870271776,"both,('add', 0.1),True,add","score,('add', 0.2),False,del"
"num_iters","both,('add', 0.1),True,add - (score,('add', 0.3),False,all-sep)",-1137.79615384615,237.469680591121,Inf,-4.79133231246152,0.0475162943259649,"both,('add', 0.1),True,add","(score,('add', 0.3),False,all-sep)"
"num_iters","(both,('add', 0.1),True,all-sep) - rank,('add', 0.1),False,add",-1756.53461538462,237.469680591121,Inf,-7.39687951325899,3.9986213855377e-09,"(both,('add', 0.1),True,all-sep)","rank,('add', 0.1),False,add"
"num_iters","(both,('add', 0.1),True,all-sep) - (rank,('add', 0.1),False,all-sep)",-1696.31538461539,237.469680591121,Inf,-7.14329248429878,2.61336306975083e-08,"(both,('add', 0.1),True,all-sep)","(rank,('add', 0.1),False,all-sep)"
"num_iters","(both,('add', 0.1),True,all-sep) - (rank,('add', 0.1),False,all-uni)",-1804.86538461539,237.469680591121,Inf,-7.60040347097208,8.46659113906843e-10,"(both,('add', 0.1),True,all-sep)","(rank,('add', 0.1),False,all-uni)"
"num_iters","(both,('add', 0.1),True,all-sep) - rank,('add', 0.1),False,del",-1783.67307692308,237.469680591121,Inf,-7.51116130902721,1.6807949627737e-09,"(both,('add', 0.1),True,all-sep)","rank,('add', 0.1),False,del"
"num_iters","(both,('add', 0.1),True,all-sep) - (rank,('add', 0.1),True,all-sep)",-1151.41923076923,237.469680591121,Inf,-4.84869995994042,0.0356415598343969,"(both,('add', 0.1),True,all-sep)","(rank,('add', 0.1),True,all-sep)"
"num_iters","(both,('add', 0.1),True,all-sep) - rank,('add', 0.1),True,del",-1391.80769230769,237.469680591121,Inf,-5.8609911330286,0.000131960279018144,"(both,('add', 0.1),True,all-sep)","rank,('add', 0.1),True,del"
"num_iters","(both,('add', 0.1),True,all-sep) - rank,('add', 0.2),False,add",-1152.89615384616,237.469680591121,Inf,-4.8549193773972,0.0345409680892675,"(both,('add', 0.1),True,all-sep)","rank,('add', 0.2),False,add"
"num_iters","(both,('add', 0.1),True,all-sep) - score,('add', 0.1),False,add",-1841.39615384616,237.469680591121,Inf,-7.75423687462948,2.54897220670543e-10,"(both,('add', 0.1),True,all-sep)","score,('add', 0.1),False,add"
"num_iters","(both,('add', 0.1),True,all-sep) - (score,('add', 0.1),False,all-sep)",-2083.81153846154,237.469680591121,Inf,-8.77506355032111,4.89875566635364e-14,"(both,('add', 0.1),True,all-sep)","(score,('add', 0.1),False,all-sep)"
"num_iters","(both,('add', 0.1),True,all-sep) - (score,('add', 0.1),False,all-uni)",-1841.39615384616,237.469680591121,Inf,-7.75423687462948,2.54897220670543e-10,"(both,('add', 0.1),True,all-sep)","(score,('add', 0.1),False,all-uni)"
"num_iters","(both,('add', 0.1),True,all-sep) - score,('add', 0.1),False,del",-1847.71153846154,237.469680591121,Inf,-7.78083136281705,2.06637923155909e-10,"(both,('add', 0.1),True,all-sep)","score,('add', 0.1),False,del"
"num_iters","(both,('add', 0.1),True,all-sep) - score,('add', 0.1),True,add",-1664.96923076923,237.469680591121,Inf,-7.01129182733859,6.77214041141065e-08,"(both,('add', 0.1),True,all-sep)","score,('add', 0.1),True,add"
"num_iters","(both,('add', 0.1),True,all-sep) - (score,('add', 0.1),True,all-sep)",-1500.02307692308,237.469680591121,Inf,-6.31669303293435,7.66385858939517e-06,"(both,('add', 0.1),True,all-sep)","(score,('add', 0.1),True,all-sep)"
"num_iters","(both,('add', 0.1),True,all-sep) - (score,('add', 0.1),True,all-uni)",-1664.96923076923,237.469680591121,Inf,-7.01129182733859,6.77214041141052e-08,"(both,('add', 0.1),True,all-sep)","(score,('add', 0.1),True,all-uni)"
"num_iters","(both,('add', 0.1),True,all-sep) - score,('add', 0.1),True,del",-1520.02692307692,237.469680591121,Inf,-6.40093050739446,4.42913428980925e-06,"(both,('add', 0.1),True,all-sep)","score,('add', 0.1),True,del"
"num_iters","(both,('add', 0.1),True,all-sep) - score,('add', 0.2),False,add",-1302.9,237.469680591121,Inf,-5.48659515925048,0.00117517657809939,"(both,('add', 0.1),True,all-sep)","score,('add', 0.2),False,add"
"num_iters","(both,('add', 0.1),True,all-sep) - (score,('add', 0.2),False,all-sep)",-1621.95769230769,237.469680591121,Inf,-6.83016749030966,2.43250995007304e-07,"(both,('add', 0.1),True,all-sep)","(score,('add', 0.2),False,all-sep)"
"num_iters","(both,('add', 0.1),True,all-sep) - (score,('add', 0.2),False,all-uni)",-1299.78076923077,237.469680591121,Inf,-5.47345987915297,0.00126574257690965,"(both,('add', 0.1),True,all-sep)","(score,('add', 0.2),False,all-uni)"
"num_iters","(both,('add', 0.1),True,all-sep) - score,('add', 0.2),False,del",-1283.43846153846,237.469680591121,Inf,-5.40464137713777,0.00186242719682186,"(both,('add', 0.1),True,all-sep)","score,('add', 0.2),False,del"
"num_iters","(both,('add', 0.1),True,all-sep) - score,('add', 0.2),True,add",-1244.66153846154,237.469680591121,Inf,-5.24134927609819,0.00457178287427517,"(both,('add', 0.1),True,all-sep)","score,('add', 0.2),True,add"
"num_iters","(both,('add', 0.1),True,all-sep) - (score,('add', 0.2),True,all-uni)",-1244.66153846154,237.469680591121,Inf,-5.24134927609819,0.00457178287427519,"(both,('add', 0.1),True,all-sep)","(score,('add', 0.2),True,all-uni)"
"num_iters","(both,('add', 0.1),True,all-sep) - (score,('add', 0.3),False,all-sep)",-1270.88846153846,237.469680591121,Inf,-5.35179252515482,0.0024976613347071,"(both,('add', 0.1),True,all-sep)","(score,('add', 0.3),False,all-sep)"
"num_iters","(both,('add', 0.1),True,all-uni) - rank,('add', 0.1),False,add",-1589.98846153846,237.469680591121,Inf,-6.69554301660989,6.16253543110388e-07,"(both,('add', 0.1),True,all-uni)","rank,('add', 0.1),False,add"
"num_iters","(both,('add', 0.1),True,all-uni) - (rank,('add', 0.1),False,all-sep)",-1529.76923076923,237.469680591121,Inf,-6.44195598764969,3.38261921391225e-06,"(both,('add', 0.1),True,all-uni)","(rank,('add', 0.1),False,all-sep)"
"num_iters","(both,('add', 0.1),True,all-uni) - (rank,('add', 0.1),False,all-uni)",-1638.31923076923,237.469680591121,Inf,-6.89906697432298,1.50126006192812e-07,"(both,('add', 0.1),True,all-uni)","(rank,('add', 0.1),False,all-uni)"
"num_iters","(both,('add', 0.1),True,all-uni) - rank,('add', 0.1),False,del",-1617.12692307692,237.469680591121,Inf,-6.80982481237812,2.80254269329792e-07,"(both,('add', 0.1),True,all-uni)","rank,('add', 0.1),False,del"
"num_iters","(both,('add', 0.1),True,all-uni) - rank,('add', 0.1),True,del",-1225.26153846154,237.469680591121,Inf,-5.15965463637951,0.00709559845551698,"(both,('add', 0.1),True,all-uni)","rank,('add', 0.1),True,del"
"num_iters","(both,('add', 0.1),True,all-uni) - score,('add', 0.1),False,add",-1674.85,237.469680591121,Inf,-7.05290037798039,5.0254905548547e-08,"(both,('add', 0.1),True,all-uni)","score,('add', 0.1),False,add"
"num_iters","(both,('add', 0.1),True,all-uni) - (score,('add', 0.1),False,all-sep)",-1917.26538461538,237.469680591121,Inf,-8.07372705367201,1.95552298775344e-11,"(both,('add', 0.1),True,all-uni)","(score,('add', 0.1),False,all-sep)"
"num_iters","(both,('add', 0.1),True,all-uni) - (score,('add', 0.1),False,all-uni)",-1674.85,237.469680591121,Inf,-7.05290037798039,5.02549055485467e-08,"(both,('add', 0.1),True,all-uni)","(score,('add', 0.1),False,all-uni)"
"num_iters","(both,('add', 0.1),True,all-uni) - score,('add', 0.1),False,del",-1681.16538461538,237.469680591121,Inf,-7.07949486616795,4.14944704438536e-08,"(both,('add', 0.1),True,all-uni)","score,('add', 0.1),False,del"
"num_iters","(both,('add', 0.1),True,all-uni) - score,('add', 0.1),True,add",-1498.42307692308,237.469680591121,Inf,-6.3099553306895,8.00504733866791e-06,"(both,('add', 0.1),True,all-uni)","score,('add', 0.1),True,add"
"num_iters","(both,('add', 0.1),True,all-uni) - (score,('add', 0.1),True,all-sep)",-1333.47692307692,237.469680591121,Inf,-5.61535653628525,0.00056257928121789,"(both,('add', 0.1),True,all-uni)","(score,('add', 0.1),True,all-sep)"
"num_iters","(both,('add', 0.1),True,all-uni) - (score,('add', 0.1),True,all-uni)",-1498.42307692308,237.469680591121,Inf,-6.3099553306895,8.00504733866782e-06,"(both,('add', 0.1),True,all-uni)","(score,('add', 0.1),True,all-uni)"
"num_iters","(both,('add', 0.1),True,all-uni) - score,('add', 0.1),True,del",-1353.48076923077,237.469680591121,Inf,-5.69959401074537,0.000344426964945549,"(both,('add', 0.1),True,all-uni)","score,('add', 0.1),True,del"
"num_iters","(both,('add', 0.1),True,all-uni) - score,('add', 0.2),False,add",-1136.35384615384,237.469680591121,Inf,-4.78525866260138,0.0489760521196303,"(both,('add', 0.1),True,all-uni)","score,('add', 0.2),False,add"
"num_iters","(both,('add', 0.1),True,all-uni) - (score,('add', 0.2),False,all-sep)",-1455.41153846154,237.469680591121,Inf,-6.12883099366057,2.53895725107226e-05,"(both,('add', 0.1),True,all-uni)","(score,('add', 0.2),False,all-sep)"
"num_iters","both,('add', 0.1),True,del - rank,('add', 0.1),False,add",-1549.41923076923,237.469680591121,Inf,-6.52470339334412,1.95414714396712e-06,"both,('add', 0.1),True,del","rank,('add', 0.1),False,add"
"num_iters","both,('add', 0.1),True,del - (rank,('add', 0.1),False,all-sep)",-1489.2,237.469680591121,Inf,-6.27111636438392,1.02808789940437e-05,"both,('add', 0.1),True,del","(rank,('add', 0.1),False,all-sep)"
"num_iters","both,('add', 0.1),True,del - (rank,('add', 0.1),False,all-uni)",-1597.75,237.469680591121,Inf,-6.72822735105721,4.92557307687266e-07,"both,('add', 0.1),True,del","(rank,('add', 0.1),False,all-uni)"
"num_iters","both,('add', 0.1),True,del - rank,('add', 0.1),False,del",-1576.55769230769,237.469680591121,Inf,-6.63898518911235,9.05858169243483e-07,"both,('add', 0.1),True,del","rank,('add', 0.1),False,del"
"num_iters","both,('add', 0.1),True,del - rank,('add', 0.1),True,del",-1184.69230769231,237.469680591121,Inf,-4.98881501311374,0.0174233251592922,"both,('add', 0.1),True,del","rank,('add', 0.1),True,del"
"num_iters","both,('add', 0.1),True,del - score,('add', 0.1),False,add",-1634.28076923077,237.469680591121,Inf,-6.88206075471462,1.69191469315602e-07,"both,('add', 0.1),True,del","score,('add', 0.1),False,add"
"num_iters","both,('add', 0.1),True,del - (score,('add', 0.1),False,all-sep)",-1876.69615384615,237.469680591121,Inf,-7.90288743040624,7.81574972392652e-11,"both,('add', 0.1),True,del","(score,('add', 0.1),False,all-sep)"
"num_iters","both,('add', 0.1),True,del - (score,('add', 0.1),False,all-uni)",-1634.28076923077,237.469680591121,Inf,-6.88206075471462,1.69191469315601e-07,"both,('add', 0.1),True,del","(score,('add', 0.1),False,all-uni)"
"num_iters","both,('add', 0.1),True,del - score,('add', 0.1),False,del",-1640.59615384615,237.469680591121,Inf,-6.90865524290218,1.40322457154422e-07,"both,('add', 0.1),True,del","score,('add', 0.1),False,del"
"num_iters","both,('add', 0.1),True,del - score,('add', 0.1),True,add",-1457.85384615385,237.469680591121,Inf,-6.13911570742373,2.37992691436378e-05,"both,('add', 0.1),True,del","score,('add', 0.1),True,add"
"num_iters","both,('add', 0.1),True,del - (score,('add', 0.1),True,all-sep)",-1292.90769230769,237.469680591121,Inf,-5.44451691301948,0.00148981611299433,"both,('add', 0.1),True,del","(score,('add', 0.1),True,all-sep)"
"num_iters","both,('add', 0.1),True,del - (score,('add', 0.1),True,all-uni)",-1457.85384615385,237.469680591121,Inf,-6.13911570742373,2.37992691436375e-05,"both,('add', 0.1),True,del","(score,('add', 0.1),True,all-uni)"
"num_iters","both,('add', 0.1),True,del - score,('add', 0.1),True,del",-1312.91153846154,237.469680591121,Inf,-5.5287543874796,0.00092496585906534,"both,('add', 0.1),True,del","score,('add', 0.1),True,del"
"num_iters","both,('add', 0.1),True,del - (score,('add', 0.2),False,all-sep)",-1414.84230769231,237.469680591121,Inf,-5.9579913703948,7.32363869932488e-05,"both,('add', 0.1),True,del","(score,('add', 0.2),False,all-sep)"
"num_iters","both,('add', 0.2),False,add - rank,('add', 0.1),False,add",-1543.80769230769,237.469680591121,Inf,-6.50107284628831,2.28720704447708e-06,"both,('add', 0.2),False,add","rank,('add', 0.1),False,add"
"num_iters","both,('add', 0.2),False,add - (rank,('add', 0.1),False,all-sep)",-1483.58846153846,237.469680591121,Inf,-6.24748581732811,1.19627763016998e-05,"both,('add', 0.2),False,add","(rank,('add', 0.1),False,all-sep)"
"num_iters","both,('add', 0.2),False,add - (rank,('add', 0.1),False,all-uni)",-1592.13846153846,237.469680591121,Inf,-6.7045968040014,5.79230549532395e-07,"both,('add', 0.2),False,add","(rank,('add', 0.1),False,all-uni)"
"num_iters","both,('add', 0.2),False,add - rank,('add', 0.1),False,del",-1570.94615384616,237.469680591121,Inf,-6.61535464205654,1.06305874855226e-06,"both,('add', 0.2),False,add","rank,('add', 0.1),False,del"
"num_iters","both,('add', 0.2),False,add - rank,('add', 0.1),True,del",-1179.08076923077,237.469680591121,Inf,-4.96518446605793,0.0196847474934004,"both,('add', 0.2),False,add","rank,('add', 0.1),True,del"
"num_iters","both,('add', 0.2),False,add - score,('add', 0.1),False,add",-1628.66923076923,237.469680591121,Inf,-6.85843020765881,1.9967397473735e-07,"both,('add', 0.2),False,add","score,('add', 0.1),False,add"
"num_iters","both,('add', 0.2),False,add - (score,('add', 0.1),False,all-sep)",-1871.08461538462,237.469680591121,Inf,-7.87925688335043,9.44529356233355e-11,"both,('add', 0.2),False,add","(score,('add', 0.1),False,all-sep)"
"num_iters","both,('add', 0.2),False,add - (score,('add', 0.1),False,all-uni)",-1628.66923076923,237.469680591121,Inf,-6.85843020765881,1.9967397473735e-07,"both,('add', 0.2),False,add","(score,('add', 0.1),False,all-uni)"
"num_iters","both,('add', 0.2),False,add - score,('add', 0.1),False,del",-1634.98461538462,237.469680591121,Inf,-6.88502469584637,1.65705901024007e-07,"both,('add', 0.2),False,add","score,('add', 0.1),False,del"
"num_iters","both,('add', 0.2),False,add - score,('add', 0.1),True,add",-1452.24230769231,237.469680591121,Inf,-6.11548516036792,2.76084122125114e-05,"both,('add', 0.2),False,add","score,('add', 0.1),True,add"
"num_iters","both,('add', 0.2),False,add - (score,('add', 0.1),True,all-sep)",-1287.29615384615,237.469680591121,Inf,-5.42088636596367,0.00170084588834449,"both,('add', 0.2),False,add","(score,('add', 0.1),True,all-sep)"
"num_iters","both,('add', 0.2),False,add - (score,('add', 0.1),True,all-uni)",-1452.24230769231,237.469680591121,Inf,-6.11548516036792,2.76084122125111e-05,"both,('add', 0.2),False,add","(score,('add', 0.1),True,all-uni)"
"num_iters","both,('add', 0.2),False,add - score,('add', 0.1),True,del",-1307.3,237.469680591121,Inf,-5.50512384042379,0.00105803058240018,"both,('add', 0.2),False,add","score,('add', 0.1),True,del"
"num_iters","both,('add', 0.2),False,add - (score,('add', 0.2),False,all-sep)",-1409.23076923077,237.469680591121,Inf,-5.93436082333899,8.46038323764355e-05,"both,('add', 0.2),False,add","(score,('add', 0.2),False,all-sep)"
"num_iters","(both,('add', 0.2),False,all-sep) - rank,('add', 0.1),False,add",-1522.47307692308,237.469680591121,Inf,-6.41123141755724,4.13992601115411e-06,"(both,('add', 0.2),False,all-sep)","rank,('add', 0.1),False,add"
"num_iters","(both,('add', 0.2),False,all-sep) - (rank,('add', 0.1),False,all-sep)",-1462.25384615385,237.469680591121,Inf,-6.15764438859704,2.11758542516549e-05,"(both,('add', 0.2),False,all-sep)","(rank,('add', 0.1),False,all-sep)"
"num_iters","(both,('add', 0.2),False,all-sep) - (rank,('add', 0.1),False,all-uni)",-1570.80384615385,237.469680591121,Inf,-6.61475537527033,1.06737397741496e-06,"(both,('add', 0.2),False,all-sep)","(rank,('add', 0.1),False,all-uni)"
"num_iters","(both,('add', 0.2),False,all-sep) - rank,('add', 0.1),False,del",-1549.61153846154,237.469680591121,Inf,-6.52551321332547,1.94361730377333e-06,"(both,('add', 0.2),False,all-sep)","rank,('add', 0.1),False,del"
"num_iters","(both,('add', 0.2),False,all-sep) - rank,('add', 0.1),True,del",-1157.74615384615,237.469680591121,Inf,-4.87534303732686,0.0311520826072246,"(both,('add', 0.2),False,all-sep)","rank,('add', 0.1),True,del"
"num_iters","(both,('add', 0.2),False,all-sep) - score,('add', 0.1),False,add",-1607.33461538462,237.469680591121,Inf,-6.76858877892774,3.72967861232318e-07,"(both,('add', 0.2),False,all-sep)","score,('add', 0.1),False,add"
"num_iters","(both,('add', 0.2),False,all-sep) - (score,('add', 0.1),False,all-sep)",-1849.75,237.469680591121,Inf,-7.78941545461936,1.93073502445311e-10,"(both,('add', 0.2),False,all-sep)","(score,('add', 0.1),False,all-sep)"
"num_iters","(both,('add', 0.2),False,all-sep) - (score,('add', 0.1),False,all-uni)",-1607.33461538462,237.469680591121,Inf,-6.76858877892774,3.72967861232318e-07,"(both,('add', 0.2),False,all-sep)","(score,('add', 0.1),False,all-uni)"
"num_iters","(both,('add', 0.2),False,all-sep) - score,('add', 0.1),False,del",-1613.65,237.469680591121,Inf,-6.7951832671153,3.10245688470286e-07,"(both,('add', 0.2),False,all-sep)","score,('add', 0.1),False,del"
"num_iters","(both,('add', 0.2),False,all-sep) - score,('add', 0.1),True,add",-1430.90769230769,237.469680591121,Inf,-6.02564373163685,4.83079756922951e-05,"(both,('add', 0.2),False,all-sep)","score,('add', 0.1),True,add"
"num_iters","(both,('add', 0.2),False,all-sep) - (score,('add', 0.1),True,all-sep)",-1265.96153846154,237.469680591121,Inf,-5.3310449372326,0.00280058047782023,"(both,('add', 0.2),False,all-sep)","(score,('add', 0.1),True,all-sep)"
"num_iters","(both,('add', 0.2),False,all-sep) - (score,('add', 0.1),True,all-uni)",-1430.90769230769,237.469680591121,Inf,-6.02564373163685,4.83079756922946e-05,"(both,('add', 0.2),False,all-sep)","(score,('add', 0.1),True,all-uni)"
"num_iters","(both,('add', 0.2),False,all-sep) - score,('add', 0.1),True,del",-1285.96538461538,237.469680591121,Inf,-5.41528241169272,0.00175498785292468,"(both,('add', 0.2),False,all-sep)","score,('add', 0.1),True,del"
"num_iters","(both,('add', 0.2),False,all-sep) - (score,('add', 0.2),False,all-sep)",-1387.89615384615,237.469680591121,Inf,-5.84451939460792,0.000145703822243849,"(both,('add', 0.2),False,all-sep)","(score,('add', 0.2),False,all-sep)"
"num_iters","(both,('add', 0.2),False,all-uni) - rank,('add', 0.1),False,add",-1510.35384615385,237.469680591121,Inf,-6.36019656233251,5.77889757655766e-06,"(both,('add', 0.2),False,all-uni)","rank,('add', 0.1),False,add"
"num_iters","(both,('add', 0.2),False,all-uni) - (rank,('add', 0.1),False,all-sep)",-1450.13461538462,237.469680591121,Inf,-6.10660953337231,2.91875794723461e-05,"(both,('add', 0.2),False,all-uni)","(rank,('add', 0.1),False,all-sep)"
"num_iters","(both,('add', 0.2),False,all-uni) - (rank,('add', 0.1),False,all-uni)",-1558.68461538461,237.469680591121,Inf,-6.5637205200456,1.50517016488425e-06,"(both,('add', 0.2),False,all-uni)","(rank,('add', 0.1),False,all-uni)"
"num_iters","(both,('add', 0.2),False,all-uni) - rank,('add', 0.1),False,del",-1537.49230769231,237.469680591121,Inf,-6.47447835810074,2.72861651564787e-06,"(both,('add', 0.2),False,all-uni)","rank,('add', 0.1),False,del"
"num_iters","(both,('add', 0.2),False,all-uni) - rank,('add', 0.1),True,del",-1145.62692307692,237.469680591121,Inf,-4.82430818210213,0.040292545841559,"(both,('add', 0.2),False,all-uni)","rank,('add', 0.1),True,del"
"num_iters","(both,('add', 0.2),False,all-uni) - score,('add', 0.1),False,add",-1595.21538461538,237.469680591121,Inf,-6.71755392370301,5.30007515168975e-07,"(both,('add', 0.2),False,all-uni)","score,('add', 0.1),False,add"
"num_iters","(both,('add', 0.2),False,all-uni) - (score,('add', 0.1),False,all-sep)",-1837.63076923077,237.469680591121,Inf,-7.73838059939463,2.8878192250957e-10,"(both,('add', 0.2),False,all-uni)","(score,('add', 0.1),False,all-sep)"
"num_iters","(both,('add', 0.2),False,all-uni) - (score,('add', 0.1),False,all-uni)",-1595.21538461538,237.469680591121,Inf,-6.71755392370301,5.30007515168975e-07,"(both,('add', 0.2),False,all-uni)","(score,('add', 0.1),False,all-uni)"
"num_iters","(both,('add', 0.2),False,all-uni) - score,('add', 0.1),False,del",-1601.53076923077,237.469680591121,Inf,-6.74414841189057,4.41463037396019e-07,"(both,('add', 0.2),False,all-uni)","score,('add', 0.1),False,del"
"num_iters","(both,('add', 0.2),False,all-uni) - score,('add', 0.1),True,add",-1418.78846153846,237.469680591121,Inf,-5.97460887641212,6.61483715787515e-05,"(both,('add', 0.2),False,all-uni)","score,('add', 0.1),True,add"
"num_iters","(both,('add', 0.2),False,all-uni) - (score,('add', 0.1),True,all-sep)",-1253.84230769231,237.469680591121,Inf,-5.28001008200787,0.00370479000302746,"(both,('add', 0.2),False,all-uni)","(score,('add', 0.1),True,all-sep)"
"num_iters","(both,('add', 0.2),False,all-uni) - (score,('add', 0.1),True,all-uni)",-1418.78846153846,237.469680591121,Inf,-5.97460887641212,6.61483715787508e-05,"(both,('add', 0.2),False,all-uni)","(score,('add', 0.1),True,all-uni)"
"num_iters","(both,('add', 0.2),False,all-uni) - score,('add', 0.1),True,del",-1273.84615384615,237.469680591121,Inf,-5.36424755646799,0.00233132138324048,"(both,('add', 0.2),False,all-uni)","score,('add', 0.1),True,del"
"num_iters","(both,('add', 0.2),False,all-uni) - (score,('add', 0.2),False,all-sep)",-1375.77692307692,237.469680591121,Inf,-5.79348453938319,0.000197722313507159,"(both,('add', 0.2),False,all-uni)","(score,('add', 0.2),False,all-sep)"
"num_iters","both,('add', 0.2),False,del - rank,('add', 0.1),False,add",-1543.80769230769,237.469680591121,Inf,-6.5010728462883,2.28720704447721e-06,"both,('add', 0.2),False,del","rank,('add', 0.1),False,add"
"num_iters","both,('add', 0.2),False,del - (rank,('add', 0.1),False,all-sep)",-1483.58846153846,237.469680591121,Inf,-6.2474858173281,1.19627763017005e-05,"both,('add', 0.2),False,del","(rank,('add', 0.1),False,all-sep)"
"num_iters","both,('add', 0.2),False,del - (rank,('add', 0.1),False,all-uni)",-1592.13846153846,237.469680591121,Inf,-6.70459680400139,5.79230549532434e-07,"both,('add', 0.2),False,del","(rank,('add', 0.1),False,all-uni)"
"num_iters","both,('add', 0.2),False,del - rank,('add', 0.1),False,del",-1570.94615384615,237.469680591121,Inf,-6.61535464205653,1.06305874855233e-06,"both,('add', 0.2),False,del","rank,('add', 0.1),False,del"
"num_iters","both,('add', 0.2),False,del - rank,('add', 0.1),True,del",-1179.08076923077,237.469680591121,Inf,-4.96518446605792,0.0196847474934013,"both,('add', 0.2),False,del","rank,('add', 0.1),True,del"
"num_iters","both,('add', 0.2),False,del - score,('add', 0.1),False,add",-1628.66923076923,237.469680591121,Inf,-6.8584302076588,1.99673974737365e-07,"both,('add', 0.2),False,del","score,('add', 0.1),False,add"
"num_iters","both,('add', 0.2),False,del - (score,('add', 0.1),False,all-sep)",-1871.08461538461,237.469680591121,Inf,-7.87925688335042,9.44529356233435e-11,"both,('add', 0.2),False,del","(score,('add', 0.1),False,all-sep)"
"num_iters","both,('add', 0.2),False,del - (score,('add', 0.1),False,all-uni)",-1628.66923076923,237.469680591121,Inf,-6.8584302076588,1.99673974737364e-07,"both,('add', 0.2),False,del","(score,('add', 0.1),False,all-uni)"
"num_iters","both,('add', 0.2),False,del - score,('add', 0.1),False,del",-1634.98461538461,237.469680591121,Inf,-6.88502469584636,1.65705901024018e-07,"both,('add', 0.2),False,del","score,('add', 0.1),False,del"
"num_iters","both,('add', 0.2),False,del - score,('add', 0.1),True,add",-1452.24230769231,237.469680591121,Inf,-6.11548516036791,2.76084122125131e-05,"both,('add', 0.2),False,del","score,('add', 0.1),True,add"
"num_iters","both,('add', 0.2),False,del - (score,('add', 0.1),True,all-sep)",-1287.29615384615,237.469680591121,Inf,-5.42088636596366,0.00170084588834458,"both,('add', 0.2),False,del","(score,('add', 0.1),True,all-sep)"
"num_iters","both,('add', 0.2),False,del - (score,('add', 0.1),True,all-uni)",-1452.24230769231,237.469680591121,Inf,-6.11548516036791,2.76084122125128e-05,"both,('add', 0.2),False,del","(score,('add', 0.1),True,all-uni)"
"num_iters","both,('add', 0.2),False,del - score,('add', 0.1),True,del",-1307.3,237.469680591121,Inf,-5.50512384042378,0.00105803058240024,"both,('add', 0.2),False,del","score,('add', 0.1),True,del"
"num_iters","both,('add', 0.2),False,del - (score,('add', 0.2),False,all-sep)",-1409.23076923077,237.469680591121,Inf,-5.93436082333898,8.4603832376441e-05,"both,('add', 0.2),False,del","(score,('add', 0.2),False,all-sep)"
"num_iters","both,('add', 0.2),True,add - rank,('add', 0.1),False,add",-1637.71153846154,237.469680591121,Inf,-6.89650794318192,1.52854036972915e-07,"both,('add', 0.2),True,add","rank,('add', 0.1),False,add"
"num_iters","both,('add', 0.2),True,add - (rank,('add', 0.1),False,all-sep)",-1577.49230769231,237.469680591121,Inf,-6.64292091422172,8.81987064091129e-07,"both,('add', 0.2),True,add","(rank,('add', 0.1),False,all-sep)"
"num_iters","both,('add', 0.2),True,add - (rank,('add', 0.1),False,all-uni)",-1686.04230769231,237.469680591121,Inf,-7.10003190089501,3.57720177352022e-08,"both,('add', 0.2),True,add","(rank,('add', 0.1),False,all-uni)"
"num_iters","both,('add', 0.2),True,add - rank,('add', 0.1),False,del",-1664.85,237.469680591121,Inf,-7.01078973895015,6.79649011455312e-08,"both,('add', 0.2),True,add","rank,('add', 0.1),False,del"
"num_iters","both,('add', 0.2),True,add - rank,('add', 0.1),True,del",-1272.98461538462,237.469680591121,Inf,-5.36061956295154,0.00237863354334329,"both,('add', 0.2),True,add","rank,('add', 0.1),True,del"
"num_iters","both,('add', 0.2),True,add - score,('add', 0.1),False,add",-1722.57307692308,237.469680591121,Inf,-7.25386530455242,1.16166313057907e-08,"both,('add', 0.2),True,add","score,('add', 0.1),False,add"
"num_iters","both,('add', 0.2),True,add - (score,('add', 0.1),False,all-sep)",-1964.98846153846,237.469680591121,Inf,-8.27469198024404,3.69364299087288e-12,"both,('add', 0.2),True,add","(score,('add', 0.1),False,all-sep)"
"num_iters","both,('add', 0.2),True,add - (score,('add', 0.1),False,all-uni)",-1722.57307692308,237.469680591121,Inf,-7.25386530455242,1.16166313057907e-08,"both,('add', 0.2),True,add","(score,('add', 0.1),False,all-uni)"
"num_iters","both,('add', 0.2),True,add - score,('add', 0.1),False,del",-1728.88846153846,237.469680591121,Inf,-7.28045979273998,9.54138661593259e-09,"both,('add', 0.2),True,add","score,('add', 0.1),False,del"
"num_iters","both,('add', 0.2),True,add - score,('add', 0.1),True,add",-1546.14615384615,237.469680591121,Inf,-6.51092025726153,2.14216052891567e-06,"both,('add', 0.2),True,add","score,('add', 0.1),True,add"
"num_iters","both,('add', 0.2),True,add - (score,('add', 0.1),True,all-sep)",-1381.2,237.469680591121,Inf,-5.81632146285728,0.000172529497814501,"both,('add', 0.2),True,add","(score,('add', 0.1),True,all-sep)"
"num_iters","both,('add', 0.2),True,add - (score,('add', 0.1),True,all-uni)",-1546.14615384615,237.469680591121,Inf,-6.51092025726153,2.14216052891564e-06,"both,('add', 0.2),True,add","(score,('add', 0.1),True,all-uni)"
"num_iters","both,('add', 0.2),True,add - score,('add', 0.1),True,del",-1401.20384615385,237.469680591121,Inf,-5.9005589373174,0.00010389966025815,"both,('add', 0.2),True,add","score,('add', 0.1),True,del"
"num_iters","both,('add', 0.2),True,add - score,('add', 0.2),False,add",-1184.07692307692,237.469680591121,Inf,-4.98622358917341,0.0176585305229761,"both,('add', 0.2),True,add","score,('add', 0.2),False,add"
"num_iters","both,('add', 0.2),True,add - (score,('add', 0.2),False,all-sep)",-1503.13461538462,237.469680591121,Inf,-6.3297959202326,7.04052887979208e-06,"both,('add', 0.2),True,add","(score,('add', 0.2),False,all-sep)"
"num_iters","both,('add', 0.2),True,add - (score,('add', 0.2),False,all-uni)",-1180.95769230769,237.469680591121,Inf,-4.97308830907591,0.0188985785028768,"both,('add', 0.2),True,add","(score,('add', 0.2),False,all-uni)"
"num_iters","both,('add', 0.2),True,add - score,('add', 0.2),False,del",-1164.61538461538,237.469680591121,Inf,-4.90426980706071,0.0268948191441194,"both,('add', 0.2),True,add","score,('add', 0.2),False,del"
"num_iters","both,('add', 0.2),True,add - (score,('add', 0.3),False,all-sep)",-1152.06538461538,237.469680591121,Inf,-4.85142095507775,0.035155962077157,"both,('add', 0.2),True,add","(score,('add', 0.3),False,all-sep)"
"num_iters","(both,('add', 0.2),True,all-sep) - rank,('add', 0.1),False,add",-1839.44615384615,237.469680591121,Inf,-7.74602530001858,2.7192548346819e-10,"(both,('add', 0.2),True,all-sep)","rank,('add', 0.1),False,add"
"num_iters","(both,('add', 0.2),True,all-sep) - (rank,('add', 0.1),False,all-sep)",-1779.22692307692,237.469680591121,Inf,-7.49243827105838,1.93893229187336e-09,"(both,('add', 0.2),True,all-sep)","(rank,('add', 0.1),False,all-sep)"
"num_iters","(both,('add', 0.2),True,all-sep) - (rank,('add', 0.1),False,all-uni)",-1887.77692307692,237.469680591121,Inf,-7.94954925773168,5.36864769136293e-11,"(both,('add', 0.2),True,all-sep)","(rank,('add', 0.1),False,all-uni)"
"num_iters","(both,('add', 0.2),True,all-sep) - rank,('add', 0.1),False,del",-1866.58461538462,237.469680591121,Inf,-7.86030709578681,1.09899702822855e-10,"(both,('add', 0.2),True,all-sep)","rank,('add', 0.1),False,del"
"num_iters","(both,('add', 0.2),True,all-sep) - rank,('add', 0.1),True,add",-1197.23461538462,237.469680591121,Inf,-5.04163147229744,0.0132381018990954,"(both,('add', 0.2),True,all-sep)","rank,('add', 0.1),True,add"
"num_iters","(both,('add', 0.2),True,all-sep) - (rank,('add', 0.1),True,all-sep)",-1234.33076923077,237.469680591121,Inf,-5.19784574670002,0.00578221254156973,"(both,('add', 0.2),True,all-sep)","(rank,('add', 0.1),True,all-sep)"
"num_iters","(both,('add', 0.2),True,all-sep) - (rank,('add', 0.1),True,all-uni)",-1157.71153846154,237.469680591121,Inf,-4.87519726973022,0.0311750953472538,"(both,('add', 0.2),True,all-sep)","(rank,('add', 0.1),True,all-uni)"
"num_iters","(both,('add', 0.2),True,all-sep) - rank,('add', 0.1),True,del",-1474.71923076923,237.469680591121,Inf,-6.2101369197882,1.5182749006961e-05,"(both,('add', 0.2),True,all-sep)","rank,('add', 0.1),True,del"
"num_iters","(both,('add', 0.2),True,all-sep) - rank,('add', 0.2),False,add",-1235.80769230769,237.469680591121,Inf,-5.20406516415679,0.00559189981909384,"(both,('add', 0.2),True,all-sep)","rank,('add', 0.2),False,add"
"num_iters","(both,('add', 0.2),True,all-sep) - (rank,('add', 0.2),False,all-uni)",-1202.35384615385,237.469680591121,Inf,-5.063188880201,0.011824792527599,"(both,('add', 0.2),True,all-sep)","(rank,('add', 0.2),False,all-uni)"
"num_iters","(both,('add', 0.2),True,all-sep) - rank,('add', 0.2),False,del",-1202.35384615385,237.469680591121,Inf,-5.063188880201,0.0118247925275991,"(both,('add', 0.2),True,all-sep)","rank,('add', 0.2),False,del"
"num_iters","(both,('add', 0.2),True,all-sep) - score,('add', 0.1),False,add",-1924.30769230769,237.469680591121,Inf,-8.10338266138908,1.53299701446215e-11,"(both,('add', 0.2),True,all-sep)","score,('add', 0.1),False,add"
"num_iters","(both,('add', 0.2),True,all-sep) - (score,('add', 0.1),False,all-sep)",-2166.72307692308,237.469680591121,Inf,-9.1242093370807,2.07246812708918e-15,"(both,('add', 0.2),True,all-sep)","(score,('add', 0.1),False,all-sep)"
"num_iters","(both,('add', 0.2),True,all-sep) - (score,('add', 0.1),False,all-uni)",-1924.30769230769,237.469680591121,Inf,-8.10338266138908,1.53299701446215e-11,"(both,('add', 0.2),True,all-sep)","(score,('add', 0.1),False,all-uni)"
"num_iters","(both,('add', 0.2),True,all-sep) - score,('add', 0.1),False,del",-1930.62307692308,237.469680591121,Inf,-8.12997714957664,1.23143707576389e-11,"(both,('add', 0.2),True,all-sep)","score,('add', 0.1),False,del"
"num_iters","(both,('add', 0.2),True,all-sep) - score,('add', 0.1),True,add",-1747.88076923077,237.469680591121,Inf,-7.36043761409819,5.25728173243725e-09,"(both,('add', 0.2),True,all-sep)","score,('add', 0.1),True,add"
"num_iters","(both,('add', 0.2),True,all-sep) - (score,('add', 0.1),True,all-sep)",-1582.93461538462,237.469680591121,Inf,-6.66583881969394,7.54736985330548e-07,"(both,('add', 0.2),True,all-sep)","(score,('add', 0.1),True,all-sep)"
"num_iters","(both,('add', 0.2),True,all-sep) - (score,('add', 0.1),True,all-uni)",-1747.88076923077,237.469680591121,Inf,-7.36043761409819,5.25728173243718e-09,"(both,('add', 0.2),True,all-sep)","(score,('add', 0.1),True,all-uni)"
"num_iters","(both,('add', 0.2),True,all-sep) - score,('add', 0.1),True,del",-1602.93846153846,237.469680591121,Inf,-6.75007629415406,4.23796997209862e-07,"(both,('add', 0.2),True,all-sep)","score,('add', 0.1),True,del"
"num_iters","(both,('add', 0.2),True,all-sep) - score,('add', 0.2),False,add",-1385.81153846154,237.469680591121,Inf,-5.83574094601008,0.000153587267417438,"(both,('add', 0.2),True,all-sep)","score,('add', 0.2),False,add"
"num_iters","(both,('add', 0.2),True,all-sep) - (score,('add', 0.2),False,all-sep)",-1704.86923076923,237.469680591121,Inf,-7.17931327706926,2.00939073502333e-08,"(both,('add', 0.2),True,all-sep)","(score,('add', 0.2),False,all-sep)"
"num_iters","(both,('add', 0.2),True,all-sep) - (score,('add', 0.2),False,all-uni)",-1382.69230769231,237.469680591121,Inf,-5.82260566591257,0.000166163733886835,"(both,('add', 0.2),True,all-sep)","(score,('add', 0.2),False,all-uni)"
"num_iters","(both,('add', 0.2),True,all-sep) - score,('add', 0.2),False,del",-1366.35,237.469680591121,Inf,-5.75378716389737,0.000250278925769064,"(both,('add', 0.2),True,all-sep)","score,('add', 0.2),False,del"
"num_iters","(both,('add', 0.2),True,all-sep) - score,('add', 0.2),True,add",-1327.57307692308,237.469680591121,Inf,-5.59049506285779,0.000649381518907952,"(both,('add', 0.2),True,all-sep)","score,('add', 0.2),True,add"
"num_iters","(both,('add', 0.2),True,all-sep) - (score,('add', 0.2),True,all-uni)",-1327.57307692308,237.469680591121,Inf,-5.59049506285779,0.000649381518907956,"(both,('add', 0.2),True,all-sep)","(score,('add', 0.2),True,all-uni)"
"num_iters","(both,('add', 0.2),True,all-sep) - score,('add', 0.3),False,add",-1196.61923076923,237.469680591121,Inf,-5.03904004835712,0.0134185857436589,"(both,('add', 0.2),True,all-sep)","score,('add', 0.3),False,add"
"num_iters","(both,('add', 0.2),True,all-sep) - (score,('add', 0.3),False,all-sep)",-1353.8,237.469680591121,Inf,-5.70093831191442,0.000341721486588349,"(both,('add', 0.2),True,all-sep)","(score,('add', 0.3),False,all-sep)"
"num_iters","(both,('add', 0.2),True,all-sep) - (score,('add', 0.3),False,all-uni)",-1196.61923076923,237.469680591121,Inf,-5.03904004835712,0.0134185857436589,"(both,('add', 0.2),True,all-sep)","(score,('add', 0.3),False,all-uni)"
"num_iters","(both,('add', 0.2),True,all-sep) - score,('add', 0.3),False,del",-1196.61923076923,237.469680591121,Inf,-5.03904004835712,0.0134185857436588,"(both,('add', 0.2),True,all-sep)","score,('add', 0.3),False,del"
"num_iters","(both,('add', 0.2),True,all-sep) - score,('add', 0.3),True,add",-1135.72692307692,237.469680591121,Inf,-4.78261864946219,0.0496239123236852,"(both,('add', 0.2),True,all-sep)","score,('add', 0.3),True,add"
"num_iters","(both,('add', 0.2),True,all-sep) - (score,('add', 0.3),True,all-uni)",-1135.72692307692,237.469680591121,Inf,-4.78261864946219,0.0496239123236852,"(both,('add', 0.2),True,all-sep)","(score,('add', 0.3),True,all-uni)"
"num_iters","(both,('add', 0.2),True,all-uni) - rank,('add', 0.1),False,add",-1637.71153846154,237.469680591121,Inf,-6.89650794318192,1.52854036972917e-07,"(both,('add', 0.2),True,all-uni)","rank,('add', 0.1),False,add"
"num_iters","(both,('add', 0.2),True,all-uni) - (rank,('add', 0.1),False,all-sep)",-1577.49230769231,237.469680591121,Inf,-6.64292091422172,8.81987064091139e-07,"(both,('add', 0.2),True,all-uni)","(rank,('add', 0.1),False,all-sep)"
"num_iters","(both,('add', 0.2),True,all-uni) - (rank,('add', 0.1),False,all-uni)",-1686.04230769231,237.469680591121,Inf,-7.10003190089501,3.57720177352026e-08,"(both,('add', 0.2),True,all-uni)","(rank,('add', 0.1),False,all-uni)"
"num_iters","(both,('add', 0.2),True,all-uni) - rank,('add', 0.1),False,del",-1664.85,237.469680591121,Inf,-7.01078973895015,6.79649011455324e-08,"(both,('add', 0.2),True,all-uni)","rank,('add', 0.1),False,del"
"num_iters","(both,('add', 0.2),True,all-uni) - rank,('add', 0.1),True,del",-1272.98461538461,237.469680591121,Inf,-5.36061956295153,0.00237863354334332,"(both,('add', 0.2),True,all-uni)","rank,('add', 0.1),True,del"
"num_iters","(both,('add', 0.2),True,all-uni) - score,('add', 0.1),False,add",-1722.57307692308,237.469680591121,Inf,-7.25386530455242,1.16166313057909e-08,"(both,('add', 0.2),True,all-uni)","score,('add', 0.1),False,add"
"num_iters","(both,('add', 0.2),True,all-uni) - (score,('add', 0.1),False,all-sep)",-1964.98846153846,237.469680591121,Inf,-8.27469198024404,3.69364299087293e-12,"(both,('add', 0.2),True,all-uni)","(score,('add', 0.1),False,all-sep)"
"num_iters","(both,('add', 0.2),True,all-uni) - (score,('add', 0.1),False,all-uni)",-1722.57307692308,237.469680591121,Inf,-7.25386530455242,1.16166313057909e-08,"(both,('add', 0.2),True,all-uni)","(score,('add', 0.1),False,all-uni)"
"num_iters","(both,('add', 0.2),True,all-uni) - score,('add', 0.1),False,del",-1728.88846153846,237.469680591121,Inf,-7.28045979273998,9.54138661593278e-09,"(both,('add', 0.2),True,all-uni)","score,('add', 0.1),False,del"
"num_iters","(both,('add', 0.2),True,all-uni) - score,('add', 0.1),True,add",-1546.14615384615,237.469680591121,Inf,-6.51092025726152,2.14216052891571e-06,"(both,('add', 0.2),True,all-uni)","score,('add', 0.1),True,add"
"num_iters","(both,('add', 0.2),True,all-uni) - (score,('add', 0.1),True,all-sep)",-1381.2,237.469680591121,Inf,-5.81632146285728,0.000172529497814503,"(both,('add', 0.2),True,all-uni)","(score,('add', 0.1),True,all-sep)"
"num_iters","(both,('add', 0.2),True,all-uni) - (score,('add', 0.1),True,all-uni)",-1546.14615384615,237.469680591121,Inf,-6.51092025726153,2.14216052891568e-06,"(both,('add', 0.2),True,all-uni)","(score,('add', 0.1),True,all-uni)"
"num_iters","(both,('add', 0.2),True,all-uni) - score,('add', 0.1),True,del",-1401.20384615385,237.469680591121,Inf,-5.9005589373174,0.000103899660258151,"(both,('add', 0.2),True,all-uni)","score,('add', 0.1),True,del"
"num_iters","(both,('add', 0.2),True,all-uni) - score,('add', 0.2),False,add",-1184.07692307692,237.469680591121,Inf,-4.98622358917341,0.0176585305229764,"(both,('add', 0.2),True,all-uni)","score,('add', 0.2),False,add"
"num_iters","(both,('add', 0.2),True,all-uni) - (score,('add', 0.2),False,all-sep)",-1503.13461538461,237.469680591121,Inf,-6.3297959202326,7.0405288797922e-06,"(both,('add', 0.2),True,all-uni)","(score,('add', 0.2),False,all-sep)"
"num_iters","(both,('add', 0.2),True,all-uni) - (score,('add', 0.2),False,all-uni)",-1180.95769230769,237.469680591121,Inf,-4.9730883090759,0.0188985785028769,"(both,('add', 0.2),True,all-uni)","(score,('add', 0.2),False,all-uni)"
"num_iters","(both,('add', 0.2),True,all-uni) - score,('add', 0.2),False,del",-1164.61538461538,237.469680591121,Inf,-4.9042698070607,0.0268948191441198,"(both,('add', 0.2),True,all-uni)","score,('add', 0.2),False,del"
"num_iters","(both,('add', 0.2),True,all-uni) - (score,('add', 0.3),False,all-sep)",-1152.06538461538,237.469680591121,Inf,-4.85142095507775,0.0351559620771574,"(both,('add', 0.2),True,all-uni)","(score,('add', 0.3),False,all-sep)"
"num_iters","both,('add', 0.2),True,del - rank,('add', 0.1),False,add",-1631.14230769231,237.469680591121,Inf,-6.86884449261898,1.85628469367302e-07,"both,('add', 0.2),True,del","rank,('add', 0.1),False,add"
"num_iters","both,('add', 0.2),True,del - (rank,('add', 0.1),False,all-sep)",-1570.92307692308,237.469680591121,Inf,-6.61525746365877,1.06375735381943e-06,"both,('add', 0.2),True,del","(rank,('add', 0.1),False,all-sep)"
"num_iters","both,('add', 0.2),True,del - (rank,('add', 0.1),False,all-uni)",-1679.47307692308,237.469680591121,Inf,-7.07236845033207,4.3682895942796e-08,"both,('add', 0.2),True,del","(rank,('add', 0.1),False,all-uni)"
"num_iters","both,('add', 0.2),True,del - rank,('add', 0.1),False,del",-1658.28076923077,237.469680591121,Inf,-6.9831262883872,8.27941943331267e-08,"both,('add', 0.2),True,del","rank,('add', 0.1),False,del"
"num_iters","both,('add', 0.2),True,del - rank,('add', 0.1),True,del",-1266.41538461538,237.469680591121,Inf,-5.33295611238859,0.00277125294049282,"both,('add', 0.2),True,del","rank,('add', 0.1),True,del"
"num_iters","both,('add', 0.2),True,del - score,('add', 0.1),False,add",-1716.00384615385,237.469680591121,Inf,-7.22620185398947,1.42450499124533e-08,"both,('add', 0.2),True,del","score,('add', 0.1),False,add"
"num_iters","both,('add', 0.2),True,del - (score,('add', 0.1),False,all-sep)",-1958.41923076923,237.469680591121,Inf,-8.24702852968109,4.65710603172045e-12,"both,('add', 0.2),True,del","(score,('add', 0.1),False,all-sep)"
"num_iters","both,('add', 0.2),True,del - (score,('add', 0.1),False,all-uni)",-1716.00384615385,237.469680591121,Inf,-7.22620185398947,1.42450499124533e-08,"both,('add', 0.2),True,del","(score,('add', 0.1),False,all-uni)"
"num_iters","both,('add', 0.2),True,del - score,('add', 0.1),False,del",-1722.31923076923,237.469680591121,Inf,-7.25279634217704,1.17087167285997e-08,"both,('add', 0.2),True,del","score,('add', 0.1),False,del"
"num_iters","both,('add', 0.2),True,del - score,('add', 0.1),True,add",-1539.57692307692,237.469680591121,Inf,-6.48325680669858,2.574417637796e-06,"both,('add', 0.2),True,del","score,('add', 0.1),True,add"
"num_iters","both,('add', 0.2),True,del - (score,('add', 0.1),True,all-sep)",-1374.63076923077,237.469680591121,Inf,-5.78865801229434,0.000203487426313323,"both,('add', 0.2),True,del","(score,('add', 0.1),True,all-sep)"
"num_iters","both,('add', 0.2),True,del - (score,('add', 0.1),True,all-uni)",-1539.57692307692,237.469680591121,Inf,-6.48325680669858,2.57441763779598e-06,"both,('add', 0.2),True,del","(score,('add', 0.1),True,all-uni)"
"num_iters","both,('add', 0.2),True,del - score,('add', 0.1),True,del",-1394.63461538462,237.469680591121,Inf,-5.87289548675445,0.000122821663984733,"both,('add', 0.2),True,del","score,('add', 0.1),True,del"
"num_iters","both,('add', 0.2),True,del - score,('add', 0.2),False,add",-1177.50769230769,237.469680591121,Inf,-4.95856013861047,0.0203678349402589,"both,('add', 0.2),True,del","score,('add', 0.2),False,add"
"num_iters","both,('add', 0.2),True,del - (score,('add', 0.2),False,all-sep)",-1496.56538461538,237.469680591121,Inf,-6.30213246966965,8.41981929169913e-06,"both,('add', 0.2),True,del","(score,('add', 0.2),False,all-sep)"
"num_iters","both,('add', 0.2),True,del - (score,('add', 0.2),False,all-uni)",-1174.38846153846,237.469680591121,Inf,-4.94542485851296,0.0217904829494999,"both,('add', 0.2),True,del","(score,('add', 0.2),False,all-uni)"
"num_iters","both,('add', 0.2),True,del - score,('add', 0.2),False,del",-1158.04615384615,237.469680591121,Inf,-4.87660635649776,0.0309533224946521,"both,('add', 0.2),True,del","score,('add', 0.2),False,del"
"num_iters","both,('add', 0.2),True,del - (score,('add', 0.3),False,all-sep)",-1145.49615384615,237.469680591121,Inf,-4.82375750451481,0.0404040060089253,"both,('add', 0.2),True,del","(score,('add', 0.3),False,all-sep)"
"num_iters","both,('add', 0.3),False,add - rank,('add', 0.1),False,add",-1729.69230769231,237.469680591121,Inf,-7.28384484026203,9.3048858645916e-09,"both,('add', 0.3),False,add","rank,('add', 0.1),False,add"
"num_iters","both,('add', 0.3),False,add - (rank,('add', 0.1),False,all-sep)",-1669.47307692308,237.469680591121,Inf,-7.03025781130183,5.91244695817126e-08,"both,('add', 0.3),False,add","(rank,('add', 0.1),False,all-sep)"
"num_iters","both,('add', 0.3),False,add - (rank,('add', 0.1),False,all-uni)",-1778.02307692308,237.469680591121,Inf,-7.48736879797512,2.01528764822025e-09,"both,('add', 0.3),False,add","(rank,('add', 0.1),False,all-uni)"
"num_iters","both,('add', 0.3),False,add - rank,('add', 0.1),False,del",-1756.83076923077,237.469680591121,Inf,-7.39812663603026,3.96125593459129e-09,"both,('add', 0.3),False,add","rank,('add', 0.1),False,del"
"num_iters","both,('add', 0.3),False,add - rank,('add', 0.1),True,del",-1364.96538461538,237.469680591121,Inf,-5.74795646003165,0.000259062110598484,"both,('add', 0.3),False,add","rank,('add', 0.1),True,del"
"num_iters","both,('add', 0.3),False,add - score,('add', 0.1),False,add",-1814.55384615385,237.469680591121,Inf,-7.64120220163253,6.1720158756308e-10,"both,('add', 0.3),False,add","score,('add', 0.1),False,add"
"num_iters","both,('add', 0.3),False,add - (score,('add', 0.1),False,all-sep)",-2056.96923076923,237.469680591121,Inf,-8.66202887732415,1.32914853188134e-13,"both,('add', 0.3),False,add","(score,('add', 0.1),False,all-sep)"
"num_iters","both,('add', 0.3),False,add - (score,('add', 0.1),False,all-uni)",-1814.55384615385,237.469680591121,Inf,-7.64120220163253,6.1720158756308e-10,"both,('add', 0.3),False,add","(score,('add', 0.1),False,all-uni)"
"num_iters","both,('add', 0.3),False,add - score,('add', 0.1),False,del",-1820.86923076923,237.469680591121,Inf,-7.66779668982009,5.01831002098965e-10,"both,('add', 0.3),False,add","score,('add', 0.1),False,del"
"num_iters","both,('add', 0.3),False,add - score,('add', 0.1),True,add",-1638.12692307692,237.469680591121,Inf,-6.89825715434164,1.50984104450131e-07,"both,('add', 0.3),False,add","score,('add', 0.1),True,add"
"num_iters","both,('add', 0.3),False,add - (score,('add', 0.1),True,all-sep)",-1473.18076923077,237.469680591121,Inf,-6.20365835993739,1.58214581714699e-05,"both,('add', 0.3),False,add","(score,('add', 0.1),True,all-sep)"
"num_iters","both,('add', 0.3),False,add - (score,('add', 0.1),True,all-uni)",-1638.12692307692,237.469680591121,Inf,-6.89825715434164,1.50984104450129e-07,"both,('add', 0.3),False,add","(score,('add', 0.1),True,all-uni)"
"num_iters","both,('add', 0.3),False,add - score,('add', 0.1),True,del",-1493.18461538462,237.469680591121,Inf,-6.28789583439751,9.22915814902609e-06,"both,('add', 0.3),False,add","score,('add', 0.1),True,del"
"num_iters","both,('add', 0.3),False,add - score,('add', 0.2),False,add",-1276.05769230769,237.469680591121,Inf,-5.37356048625352,0.00221400688927641,"both,('add', 0.3),False,add","score,('add', 0.2),False,add"
"num_iters","both,('add', 0.3),False,add - (score,('add', 0.2),False,all-sep)",-1595.11538461538,237.469680591121,Inf,-6.71713281731271,5.31540863933692e-07,"both,('add', 0.3),False,add","(score,('add', 0.2),False,all-sep)"
"num_iters","both,('add', 0.3),False,add - (score,('add', 0.2),False,all-uni)",-1272.93846153846,237.469680591121,Inf,-5.36042520615601,0.00238119418913777,"both,('add', 0.3),False,add","(score,('add', 0.2),False,all-uni)"
"num_iters","both,('add', 0.3),False,add - score,('add', 0.2),False,del",-1256.59615384615,237.469680591121,Inf,-5.29160670414082,0.00347734718762119,"both,('add', 0.3),False,add","score,('add', 0.2),False,del"
"num_iters","both,('add', 0.3),False,add - score,('add', 0.2),True,add",-1217.81923076923,237.469680591121,Inf,-5.12831460310123,0.00838452928359432,"both,('add', 0.3),False,add","score,('add', 0.2),True,add"
"num_iters","both,('add', 0.3),False,add - (score,('add', 0.2),True,all-uni)",-1217.81923076923,237.469680591121,Inf,-5.12831460310123,0.00838452928359436,"both,('add', 0.3),False,add","(score,('add', 0.2),True,all-uni)"
"num_iters","both,('add', 0.3),False,add - (score,('add', 0.3),False,all-sep)",-1244.04615384615,237.469680591121,Inf,-5.23875785215786,0.00463643709930369,"both,('add', 0.3),False,add","(score,('add', 0.3),False,all-sep)"
"num_iters","(both,('add', 0.3),False,all-sep) - rank,('add', 0.1),False,add",-1679.62307692308,237.469680591121,Inf,-7.07300010991752,4.34844345730604e-08,"(both,('add', 0.3),False,all-sep)","rank,('add', 0.1),False,add"
"num_iters","(both,('add', 0.3),False,all-sep) - (rank,('add', 0.1),False,all-sep)",-1619.40384615385,237.469680591121,Inf,-6.81941308095732,2.62173060967863e-07,"(both,('add', 0.3),False,all-sep)","(rank,('add', 0.1),False,all-sep)"
"num_iters","(both,('add', 0.3),False,all-sep) - (rank,('add', 0.1),False,all-uni)",-1727.95384615385,237.469680591121,Inf,-7.27652406763062,9.82378988253612e-09,"(both,('add', 0.3),False,all-sep)","(rank,('add', 0.1),False,all-uni)"
"num_iters","(both,('add', 0.3),False,all-sep) - rank,('add', 0.1),False,del",-1706.76153846154,237.469680591121,Inf,-7.18728190568575,1.89557180811176e-08,"(both,('add', 0.3),False,all-sep)","rank,('add', 0.1),False,del"
"num_iters","(both,('add', 0.3),False,all-sep) - rank,('add', 0.1),True,del",-1314.89615384615,237.469680591121,Inf,-5.53711172968714,0.000881911144271825,"(both,('add', 0.3),False,all-sep)","rank,('add', 0.1),True,del"
"num_iters","(both,('add', 0.3),False,all-sep) - score,('add', 0.1),False,add",-1764.48461538461,237.469680591121,Inf,-7.43035747128802,3.10617539196946e-09,"(both,('add', 0.3),False,all-sep)","score,('add', 0.1),False,add"
"num_iters","(both,('add', 0.3),False,all-sep) - (score,('add', 0.1),False,all-sep)",-2006.9,237.469680591121,Inf,-8.45118414697964,8.27025130303015e-13,"(both,('add', 0.3),False,all-sep)","(score,('add', 0.1),False,all-sep)"
"num_iters","(both,('add', 0.3),False,all-sep) - (score,('add', 0.1),False,all-uni)",-1764.48461538462,237.469680591121,Inf,-7.43035747128802,3.10617539196944e-09,"(both,('add', 0.3),False,all-sep)","(score,('add', 0.1),False,all-uni)"
"num_iters","(both,('add', 0.3),False,all-sep) - score,('add', 0.1),False,del",-1770.8,237.469680591121,Inf,-7.45695195947558,2.53952710611794e-09,"(both,('add', 0.3),False,all-sep)","score,('add', 0.1),False,del"
"num_iters","(both,('add', 0.3),False,all-sep) - score,('add', 0.1),True,add",-1588.05769230769,237.469680591121,Inf,-6.68741242399713,6.51469237516289e-07,"(both,('add', 0.3),False,all-sep)","score,('add', 0.1),True,add"
"num_iters","(both,('add', 0.3),False,all-sep) - (score,('add', 0.1),True,all-sep)",-1423.11153846154,237.469680591121,Inf,-5.99281362959288,5.91499661578773e-05,"(both,('add', 0.3),False,all-sep)","(score,('add', 0.1),True,all-sep)"
"num_iters","(both,('add', 0.3),False,all-sep) - (score,('add', 0.1),True,all-uni)",-1588.05769230769,237.469680591121,Inf,-6.68741242399713,6.51469237516281e-07,"(both,('add', 0.3),False,all-sep)","(score,('add', 0.1),True,all-uni)"
"num_iters","(both,('add', 0.3),False,all-sep) - score,('add', 0.1),True,del",-1443.11538461538,237.469680591121,Inf,-6.077051104053,3.51079795706105e-05,"(both,('add', 0.3),False,all-sep)","score,('add', 0.1),True,del"
"num_iters","(both,('add', 0.3),False,all-sep) - score,('add', 0.2),False,add",-1225.98846153846,237.469680591121,Inf,-5.16271575590901,0.00698049934073154,"(both,('add', 0.3),False,all-sep)","score,('add', 0.2),False,add"
"num_iters","(both,('add', 0.3),False,all-sep) - (score,('add', 0.2),False,all-sep)",-1545.04615384615,237.469680591121,Inf,-6.5062880869682,2.20923294337132e-06,"(both,('add', 0.3),False,all-sep)","(score,('add', 0.2),False,all-sep)"
"num_iters","(both,('add', 0.3),False,all-sep) - (score,('add', 0.2),False,all-uni)",-1222.86923076923,237.469680591121,Inf,-5.14958047581151,0.00748748017471154,"(both,('add', 0.3),False,all-sep)","(score,('add', 0.2),False,all-uni)"
"num_iters","(both,('add', 0.3),False,all-sep) - score,('add', 0.2),False,del",-1206.52692307692,237.469680591121,Inf,-5.08076197379631,0.010781497863966,"(both,('add', 0.3),False,all-sep)","score,('add', 0.2),False,del"
"num_iters","(both,('add', 0.3),False,all-sep) - score,('add', 0.2),True,add",-1167.75,237.469680591121,Inf,-4.91746987275673,0.0251437399543645,"(both,('add', 0.3),False,all-sep)","score,('add', 0.2),True,add"
"num_iters","(both,('add', 0.3),False,all-sep) - (score,('add', 0.2),True,all-uni)",-1167.75,237.469680591121,Inf,-4.91746987275672,0.0251437399543647,"(both,('add', 0.3),False,all-sep)","(score,('add', 0.2),True,all-uni)"
"num_iters","(both,('add', 0.3),False,all-sep) - (score,('add', 0.3),False,all-sep)",-1193.97692307692,237.469680591121,Inf,-5.02791312181335,0.0142208752133852,"(both,('add', 0.3),False,all-sep)","(score,('add', 0.3),False,all-sep)"
"num_iters","(both,('add', 0.3),False,all-uni) - rank,('add', 0.1),False,add",-1716.3,237.469680591121,Inf,-7.22744897676076,1.41148892670054e-08,"(both,('add', 0.3),False,all-uni)","rank,('add', 0.1),False,add"
"num_iters","(both,('add', 0.3),False,all-uni) - (rank,('add', 0.1),False,all-sep)",-1656.08076923077,237.469680591121,Inf,-6.97386194780055,8.84366968793917e-08,"(both,('add', 0.3),False,all-uni)","(rank,('add', 0.1),False,all-sep)"
"num_iters","(both,('add', 0.3),False,all-uni) - (rank,('add', 0.1),False,all-uni)",-1764.63076923077,237.469680591121,Inf,-7.43097293447385,3.09175479097133e-09,"(both,('add', 0.3),False,all-uni)","(rank,('add', 0.1),False,all-uni)"
"num_iters","(both,('add', 0.3),False,all-uni) - rank,('add', 0.1),False,del",-1743.43846153846,237.469680591121,Inf,-7.34173077252899,6.04715531546889e-09,"(both,('add', 0.3),False,all-uni)","rank,('add', 0.1),False,del"
"num_iters","(both,('add', 0.3),False,all-uni) - rank,('add', 0.1),True,del",-1351.57307692308,237.469680591121,Inf,-5.69156059653037,0.000361033776889744,"(both,('add', 0.3),False,all-uni)","rank,('add', 0.1),True,del"
"num_iters","(both,('add', 0.3),False,all-uni) - score,('add', 0.1),False,add",-1801.16153846154,237.469680591121,Inf,-7.58480633813126,9.54998242710848e-10,"(both,('add', 0.3),False,all-uni)","score,('add', 0.1),False,add"
"num_iters","(both,('add', 0.3),False,all-uni) - (score,('add', 0.1),False,all-sep)",-2043.57692307692,237.469680591121,Inf,-8.60563301382288,2.17671821047521e-13,"(both,('add', 0.3),False,all-uni)","(score,('add', 0.1),False,all-sep)"
"num_iters","(both,('add', 0.3),False,all-uni) - (score,('add', 0.1),False,all-uni)",-1801.16153846154,237.469680591121,Inf,-7.58480633813126,9.54998242710848e-10,"(both,('add', 0.3),False,all-uni)","(score,('add', 0.1),False,all-uni)"
"num_iters","(both,('add', 0.3),False,all-uni) - score,('add', 0.1),False,del",-1807.47692307692,237.469680591121,Inf,-7.61140082631882,7.77632142787163e-10,"(both,('add', 0.3),False,all-uni)","score,('add', 0.1),False,del"
"num_iters","(both,('add', 0.3),False,all-uni) - score,('add', 0.1),True,add",-1624.73461538462,237.469680591121,Inf,-6.84186129084036,2.24193746940535e-07,"(both,('add', 0.3),False,all-uni)","score,('add', 0.1),True,add"
"num_iters","(both,('add', 0.3),False,all-uni) - (score,('add', 0.1),True,all-sep)",-1459.78846153846,237.469680591121,Inf,-6.14726249643612,2.26089058976242e-05,"(both,('add', 0.3),False,all-uni)","(score,('add', 0.1),True,all-sep)"
"num_iters","(both,('add', 0.3),False,all-uni) - (score,('add', 0.1),True,all-uni)",-1624.73461538462,237.469680591121,Inf,-6.84186129084036,2.24193746940533e-07,"(both,('add', 0.3),False,all-uni)","(score,('add', 0.1),True,all-uni)"
"num_iters","(both,('add', 0.3),False,all-uni) - score,('add', 0.1),True,del",-1479.79230769231,237.469680591121,Inf,-6.23149997089623,1.32498755129218e-05,"(both,('add', 0.3),False,all-uni)","score,('add', 0.1),True,del"
"num_iters","(both,('add', 0.3),False,all-uni) - score,('add', 0.2),False,add",-1262.66538461538,237.469680591121,Inf,-5.31716462275225,0.00302277750349568,"(both,('add', 0.3),False,all-uni)","score,('add', 0.2),False,add"
"num_iters","(both,('add', 0.3),False,all-uni) - (score,('add', 0.2),False,all-sep)",-1581.72307692308,237.469680591121,Inf,-6.66073695381144,7.81409274544887e-07,"(both,('add', 0.3),False,all-uni)","(score,('add', 0.2),False,all-sep)"
"num_iters","(both,('add', 0.3),False,all-uni) - (score,('add', 0.2),False,all-uni)",-1259.54615384615,237.469680591121,Inf,-5.30402934265474,0.00324870098411989,"(both,('add', 0.3),False,all-uni)","(score,('add', 0.2),False,all-uni)"
"num_iters","(both,('add', 0.3),False,all-uni) - score,('add', 0.2),False,del",-1243.20384615385,237.469680591121,Inf,-5.23521084063955,0.00472636749365152,"(both,('add', 0.3),False,all-uni)","score,('add', 0.2),False,del"
"num_iters","(both,('add', 0.3),False,all-uni) - score,('add', 0.2),True,add",-1204.42692307692,237.469680591121,Inf,-5.07191873959996,0.0112948884281795,"(both,('add', 0.3),False,all-uni)","score,('add', 0.2),True,add"
"num_iters","(both,('add', 0.3),False,all-uni) - (score,('add', 0.2),True,all-uni)",-1204.42692307692,237.469680591121,Inf,-5.07191873959996,0.0112948884281795,"(both,('add', 0.3),False,all-uni)","(score,('add', 0.2),True,all-uni)"
"num_iters","(both,('add', 0.3),False,all-uni) - (score,('add', 0.3),False,all-sep)",-1230.65384615385,237.469680591121,Inf,-5.18236198865659,0.00628360083128787,"(both,('add', 0.3),False,all-uni)","(score,('add', 0.3),False,all-sep)"
"num_iters","both,('add', 0.3),False,del - rank,('add', 0.1),False,add",-1729.69230769231,237.469680591121,Inf,-7.28384484026203,9.30488586459173e-09,"both,('add', 0.3),False,del","rank,('add', 0.1),False,add"
"num_iters","both,('add', 0.3),False,del - (rank,('add', 0.1),False,all-sep)",-1669.47307692308,237.469680591121,Inf,-7.03025781130182,5.91244695817141e-08,"both,('add', 0.3),False,del","(rank,('add', 0.1),False,all-sep)"
"num_iters","both,('add', 0.3),False,del - (rank,('add', 0.1),False,all-uni)",-1778.02307692308,237.469680591121,Inf,-7.48736879797512,2.01528764822029e-09,"both,('add', 0.3),False,del","(rank,('add', 0.1),False,all-uni)"
"num_iters","both,('add', 0.3),False,del - rank,('add', 0.1),False,del",-1756.83076923077,237.469680591121,Inf,-7.39812663603026,3.96125593459137e-09,"both,('add', 0.3),False,del","rank,('add', 0.1),False,del"
"num_iters","both,('add', 0.3),False,del - rank,('add', 0.1),True,del",-1364.96538461538,237.469680591121,Inf,-5.74795646003164,0.000259062110598486,"both,('add', 0.3),False,del","rank,('add', 0.1),True,del"
"num_iters","both,('add', 0.3),False,del - score,('add', 0.1),False,add",-1814.55384615385,237.469680591121,Inf,-7.64120220163253,6.17201587563093e-10,"both,('add', 0.3),False,del","score,('add', 0.1),False,add"
"num_iters","both,('add', 0.3),False,del - (score,('add', 0.1),False,all-sep)",-2056.96923076923,237.469680591121,Inf,-8.66202887732415,1.32914853188136e-13,"both,('add', 0.3),False,del","(score,('add', 0.1),False,all-sep)"
"num_iters","both,('add', 0.3),False,del - (score,('add', 0.1),False,all-uni)",-1814.55384615385,237.469680591121,Inf,-7.64120220163253,6.17201587563093e-10,"both,('add', 0.3),False,del","(score,('add', 0.1),False,all-uni)"
"num_iters","both,('add', 0.3),False,del - score,('add', 0.1),False,del",-1820.86923076923,237.469680591121,Inf,-7.66779668982009,5.01831002098972e-10,"both,('add', 0.3),False,del","score,('add', 0.1),False,del"
"num_iters","both,('add', 0.3),False,del - score,('add', 0.1),True,add",-1638.12692307692,237.469680591121,Inf,-6.89825715434163,1.50984104450134e-07,"both,('add', 0.3),False,del","score,('add', 0.1),True,add"
"num_iters","both,('add', 0.3),False,del - (score,('add', 0.1),True,all-sep)",-1473.18076923077,237.469680591121,Inf,-6.20365835993739,1.58214581714701e-05,"both,('add', 0.3),False,del","(score,('add', 0.1),True,all-sep)"
"num_iters","both,('add', 0.3),False,del - (score,('add', 0.1),True,all-uni)",-1638.12692307692,237.469680591121,Inf,-6.89825715434164,1.50984104450132e-07,"both,('add', 0.3),False,del","(score,('add', 0.1),True,all-uni)"
"num_iters","both,('add', 0.3),False,del - score,('add', 0.1),True,del",-1493.18461538461,237.469680591121,Inf,-6.28789583439751,9.22915814902625e-06,"both,('add', 0.3),False,del","score,('add', 0.1),True,del"
"num_iters","both,('add', 0.3),False,del - score,('add', 0.2),False,add",-1276.05769230769,237.469680591121,Inf,-5.37356048625352,0.00221400688927644,"both,('add', 0.3),False,del","score,('add', 0.2),False,add"
"num_iters","both,('add', 0.3),False,del - (score,('add', 0.2),False,all-sep)",-1595.11538461538,237.469680591121,Inf,-6.71713281731271,5.31540863933701e-07,"both,('add', 0.3),False,del","(score,('add', 0.2),False,all-sep)"
"num_iters","both,('add', 0.3),False,del - (score,('add', 0.2),False,all-uni)",-1272.93846153846,237.469680591121,Inf,-5.36042520615601,0.0023811941891378,"both,('add', 0.3),False,del","(score,('add', 0.2),False,all-uni)"
"num_iters","both,('add', 0.3),False,del - score,('add', 0.2),False,del",-1256.59615384615,237.469680591121,Inf,-5.29160670414082,0.00347734718762122,"both,('add', 0.3),False,del","score,('add', 0.2),False,del"
"num_iters","both,('add', 0.3),False,del - score,('add', 0.2),True,add",-1217.81923076923,237.469680591121,Inf,-5.12831460310123,0.00838452928359444,"both,('add', 0.3),False,del","score,('add', 0.2),True,add"
"num_iters","both,('add', 0.3),False,del - (score,('add', 0.2),True,all-uni)",-1217.81923076923,237.469680591121,Inf,-5.12831460310123,0.00838452928359444,"both,('add', 0.3),False,del","(score,('add', 0.2),True,all-uni)"
"num_iters","both,('add', 0.3),False,del - (score,('add', 0.3),False,all-sep)",-1244.04615384615,237.469680591121,Inf,-5.23875785215786,0.00463643709930374,"both,('add', 0.3),False,del","(score,('add', 0.3),False,all-sep)"
"num_iters","both,('add', 0.3),True,add - rank,('add', 0.1),False,add",-1650.82692307692,237.469680591121,Inf,-6.95173766591005,1.03481427739851e-07,"both,('add', 0.3),True,add","rank,('add', 0.1),False,add"
"num_iters","both,('add', 0.3),True,add - (rank,('add', 0.1),False,all-sep)",-1590.60769230769,237.469680591121,Inf,-6.69815063694985,6.05359171710044e-07,"both,('add', 0.3),True,add","(rank,('add', 0.1),False,all-sep)"
"num_iters","both,('add', 0.3),True,add - (rank,('add', 0.1),False,all-uni)",-1699.15769230769,237.469680591121,Inf,-7.15526162362314,2.3951669671729e-08,"both,('add', 0.3),True,add","(rank,('add', 0.1),False,all-uni)"
"num_iters","both,('add', 0.3),True,add - rank,('add', 0.1),False,del",-1677.96538461538,237.469680591121,Inf,-7.06601946167828,4.57276973884323e-08,"both,('add', 0.3),True,add","rank,('add', 0.1),False,del"
"num_iters","both,('add', 0.3),True,add - rank,('add', 0.1),True,del",-1286.1,237.469680591121,Inf,-5.41584928567967,0.00174943603946195,"both,('add', 0.3),True,add","rank,('add', 0.1),True,del"
"num_iters","both,('add', 0.3),True,add - score,('add', 0.1),False,add",-1735.68846153846,237.469680591121,Inf,-7.30909502728055,7.71341505417533e-09,"both,('add', 0.3),True,add","score,('add', 0.1),False,add"
"num_iters","both,('add', 0.3),True,add - (score,('add', 0.1),False,all-sep)",-1978.10384615385,237.469680591121,Inf,-8.32992170297217,2.32009263957475e-12,"both,('add', 0.3),True,add","(score,('add', 0.1),False,all-sep)"
"num_iters","both,('add', 0.3),True,add - (score,('add', 0.1),False,all-uni)",-1735.68846153846,237.469680591121,Inf,-7.30909502728055,7.71341505417533e-09,"both,('add', 0.3),True,add","(score,('add', 0.1),False,all-uni)"
"num_iters","both,('add', 0.3),True,add - score,('add', 0.1),False,del",-1742.00384615385,237.469680591121,Inf,-7.33568951546811,6.32631640047393e-09,"both,('add', 0.3),True,add","score,('add', 0.1),False,del"
"num_iters","both,('add', 0.3),True,add - score,('add', 0.1),True,add",-1559.26153846154,237.469680591121,Inf,-6.56614997998966,1.48082906141583e-06,"both,('add', 0.3),True,add","score,('add', 0.1),True,add"
"num_iters","both,('add', 0.3),True,add - (score,('add', 0.1),True,all-sep)",-1394.31538461538,237.469680591121,Inf,-5.87155118558541,0.000123821956615961,"both,('add', 0.3),True,add","(score,('add', 0.1),True,all-sep)"
"num_iters","both,('add', 0.3),True,add - (score,('add', 0.1),True,all-uni)",-1559.26153846154,237.469680591121,Inf,-6.56614997998966,1.48082906141581e-06,"both,('add', 0.3),True,add","(score,('add', 0.1),True,all-uni)"
"num_iters","both,('add', 0.3),True,add - score,('add', 0.1),True,del",-1414.31923076923,237.469680591121,Inf,-5.95578866004553,7.42297545306648e-05,"both,('add', 0.3),True,add","score,('add', 0.1),True,del"
"num_iters","both,('add', 0.3),True,add - score,('add', 0.2),False,add",-1197.19230769231,237.469680591121,Inf,-5.04145331190154,0.0132504348346828,"both,('add', 0.3),True,add","score,('add', 0.2),False,add"
"num_iters","both,('add', 0.3),True,add - (score,('add', 0.2),False,all-sep)",-1516.25,237.469680591121,Inf,-6.38502564296073,4.91485576609587e-06,"both,('add', 0.3),True,add","(score,('add', 0.2),False,all-sep)"
"num_iters","both,('add', 0.3),True,add - (score,('add', 0.2),False,all-uni)",-1194.07307692308,237.469680591121,Inf,-5.02831803180403,0.0141908854597375,"both,('add', 0.3),True,add","(score,('add', 0.2),False,all-uni)"
"num_iters","both,('add', 0.3),True,add - score,('add', 0.2),False,del",-1177.73076923077,237.469680591121,Inf,-4.95949952978884,0.0202695954432737,"both,('add', 0.3),True,add","score,('add', 0.2),False,del"
"num_iters","both,('add', 0.3),True,add - score,('add', 0.2),True,add",-1138.95384615385,237.469680591121,Inf,-4.79620742874925,0.0463749407784691,"both,('add', 0.3),True,add","score,('add', 0.2),True,add"
"num_iters","both,('add', 0.3),True,add - (score,('add', 0.2),True,all-uni)",-1138.95384615385,237.469680591121,Inf,-4.79620742874925,0.0463749407784693,"both,('add', 0.3),True,add","(score,('add', 0.2),True,all-uni)"
"num_iters","both,('add', 0.3),True,add - (score,('add', 0.3),False,all-sep)",-1165.18076923077,237.469680591121,Inf,-4.90665067780588,0.0265705347619869,"both,('add', 0.3),True,add","(score,('add', 0.3),False,all-sep)"
"num_iters","(both,('add', 0.3),True,all-sep) - rank,('add', 0.1),False,add",-1792.50384615385,237.469680591121,Inf,-7.54834824257084,1.26425154421876e-09,"(both,('add', 0.3),True,all-sep)","rank,('add', 0.1),False,add"
"num_iters","(both,('add', 0.3),True,all-sep) - (rank,('add', 0.1),False,all-sep)",-1732.28461538462,237.469680591121,Inf,-7.29476121361064,8.58074704071591e-09,"(both,('add', 0.3),True,all-sep)","(rank,('add', 0.1),False,all-sep)"
"num_iters","(both,('add', 0.3),True,all-sep) - (rank,('add', 0.1),False,all-uni)",-1840.83461538462,237.469680591121,Inf,-7.75187220028394,2.5969022074362e-10,"(both,('add', 0.3),True,all-sep)","(rank,('add', 0.1),False,all-uni)"
"num_iters","(both,('add', 0.3),True,all-sep) - rank,('add', 0.1),False,del",-1819.64230769231,237.469680591121,Inf,-7.66263003833907,5.22445010311458e-10,"(both,('add', 0.3),True,all-sep)","rank,('add', 0.1),False,del"
"num_iters","(both,('add', 0.3),True,all-sep) - rank,('add', 0.1),True,add",-1150.29230769231,237.469680591121,Inf,-4.8439544148497,0.036503945880749,"(both,('add', 0.3),True,all-sep)","rank,('add', 0.1),True,add"
"num_iters","(both,('add', 0.3),True,all-sep) - (rank,('add', 0.1),True,all-sep)",-1187.38846153846,237.469680591121,Inf,-5.00016868925228,0.0164279547069758,"(both,('add', 0.3),True,all-sep)","(rank,('add', 0.1),True,all-sep)"
"num_iters","(both,('add', 0.3),True,all-sep) - rank,('add', 0.1),True,del",-1427.77692307692,237.469680591121,Inf,-6.01245986234046,5.24067014532557e-05,"(both,('add', 0.3),True,all-sep)","rank,('add', 0.1),True,del"
"num_iters","(both,('add', 0.3),True,all-sep) - rank,('add', 0.2),False,add",-1188.86538461538,237.469680591121,Inf,-5.00638810670905,0.0159061795106561,"(both,('add', 0.3),True,all-sep)","rank,('add', 0.2),False,add"
"num_iters","(both,('add', 0.3),True,all-sep) - (rank,('add', 0.2),False,all-uni)",-1155.41153846154,237.469680591121,Inf,-4.86551182275326,0.0327413708197405,"(both,('add', 0.3),True,all-sep)","(rank,('add', 0.2),False,all-uni)"
"num_iters","(both,('add', 0.3),True,all-sep) - rank,('add', 0.2),False,del",-1155.41153846154,237.469680591121,Inf,-4.86551182275326,0.0327413708197405,"(both,('add', 0.3),True,all-sep)","rank,('add', 0.2),False,del"
"num_iters","(both,('add', 0.3),True,all-sep) - score,('add', 0.1),False,add",-1877.36538461538,237.469680591121,Inf,-7.90570560394134,7.64092959929611e-11,"(both,('add', 0.3),True,all-sep)","score,('add', 0.1),False,add"
"num_iters","(both,('add', 0.3),True,all-sep) - (score,('add', 0.1),False,all-sep)",-2119.78076923077,237.469680591121,Inf,-8.92653227963296,1.26069048369343e-14,"(both,('add', 0.3),True,all-sep)","(score,('add', 0.1),False,all-sep)"
"num_iters","(both,('add', 0.3),True,all-sep) - (score,('add', 0.1),False,all-uni)",-1877.36538461539,237.469680591121,Inf,-7.90570560394134,7.64092959929595e-11,"(both,('add', 0.3),True,all-sep)","(score,('add', 0.1),False,all-uni)"
"num_iters","(both,('add', 0.3),True,all-sep) - score,('add', 0.1),False,del",-1883.68076923077,237.469680591121,Inf,-7.9323000921289,6.16975155926732e-11,"(both,('add', 0.3),True,all-sep)","score,('add', 0.1),False,del"
"num_iters","(both,('add', 0.3),True,all-sep) - score,('add', 0.1),True,add",-1700.93846153846,237.469680591121,Inf,-7.16276055665045,2.26768138473791e-08,"(both,('add', 0.3),True,all-sep)","score,('add', 0.1),True,add"
"num_iters","(both,('add', 0.3),True,all-sep) - (score,('add', 0.1),True,all-sep)",-1535.99230769231,237.469680591121,Inf,-6.4681617622462,2.84512117066089e-06,"(both,('add', 0.3),True,all-sep)","(score,('add', 0.1),True,all-sep)"
"num_iters","(both,('add', 0.3),True,all-sep) - (score,('add', 0.1),True,all-uni)",-1700.93846153846,237.469680591121,Inf,-7.16276055665045,2.26768138473788e-08,"(both,('add', 0.3),True,all-sep)","(score,('add', 0.1),True,all-uni)"
"num_iters","(both,('add', 0.3),True,all-sep) - score,('add', 0.1),True,del",-1555.99615384615,237.469680591121,Inf,-6.55239923670632,1.62385939712585e-06,"(both,('add', 0.3),True,all-sep)","score,('add', 0.1),True,del"
"num_iters","(both,('add', 0.3),True,all-sep) - score,('add', 0.2),False,add",-1338.86923076923,237.469680591121,Inf,-5.63806388856234,0.00049321773136509,"(both,('add', 0.3),True,all-sep)","score,('add', 0.2),False,add"
"num_iters","(both,('add', 0.3),True,all-sep) - (score,('add', 0.2),False,all-sep)",-1657.92692307692,237.469680591121,Inf,-6.98163621962152,8.36772890650775e-08,"(both,('add', 0.3),True,all-sep)","(score,('add', 0.2),False,all-sep)"
"num_iters","(both,('add', 0.3),True,all-sep) - (score,('add', 0.2),False,all-uni)",-1335.75,237.469680591121,Inf,-5.62492860846483,0.000532256950469457,"(both,('add', 0.3),True,all-sep)","(score,('add', 0.2),False,all-uni)"
"num_iters","(both,('add', 0.3),True,all-sep) - score,('add', 0.2),False,del",-1319.40769230769,237.469680591121,Inf,-5.55611010644963,0.000791146120230762,"(both,('add', 0.3),True,all-sep)","score,('add', 0.2),False,del"
"num_iters","(both,('add', 0.3),True,all-sep) - score,('add', 0.2),True,add",-1280.63076923077,237.469680591121,Inf,-5.39281800541005,0.00198927909439128,"(both,('add', 0.3),True,all-sep)","score,('add', 0.2),True,add"
"num_iters","(both,('add', 0.3),True,all-sep) - (score,('add', 0.2),True,all-uni)",-1280.63076923077,237.469680591121,Inf,-5.39281800541005,0.0019892790943913,"(both,('add', 0.3),True,all-sep)","(score,('add', 0.2),True,all-uni)"
"num_iters","(both,('add', 0.3),True,all-sep) - score,('add', 0.3),False,add",-1149.67692307692,237.469680591121,Inf,-4.84136299090938,0.0369833104224931,"(both,('add', 0.3),True,all-sep)","score,('add', 0.3),False,add"
"num_iters","(both,('add', 0.3),True,all-sep) - (score,('add', 0.3),False,all-sep)",-1306.85769230769,237.469680591121,Inf,-5.50326125446667,0.00106927443425911,"(both,('add', 0.3),True,all-sep)","(score,('add', 0.3),False,all-sep)"
"num_iters","(both,('add', 0.3),True,all-sep) - (score,('add', 0.3),False,all-uni)",-1149.67692307692,237.469680591121,Inf,-4.84136299090938,0.0369833104224931,"(both,('add', 0.3),True,all-sep)","(score,('add', 0.3),False,all-uni)"
"num_iters","(both,('add', 0.3),True,all-sep) - score,('add', 0.3),False,del",-1149.67692307692,237.469680591121,Inf,-4.84136299090938,0.036983310422493,"(both,('add', 0.3),True,all-sep)","score,('add', 0.3),False,del"
"num_iters","(both,('add', 0.3),True,all-uni) - rank,('add', 0.1),False,add",-1650.82692307692,237.469680591121,Inf,-6.95173766591005,1.03481427739851e-07,"(both,('add', 0.3),True,all-uni)","rank,('add', 0.1),False,add"
"num_iters","(both,('add', 0.3),True,all-uni) - (rank,('add', 0.1),False,all-sep)",-1590.60769230769,237.469680591121,Inf,-6.69815063694985,6.0535917171004e-07,"(both,('add', 0.3),True,all-uni)","(rank,('add', 0.1),False,all-sep)"
"num_iters","(both,('add', 0.3),True,all-uni) - (rank,('add', 0.1),False,all-uni)",-1699.15769230769,237.469680591121,Inf,-7.15526162362314,2.3951669671729e-08,"(both,('add', 0.3),True,all-uni)","(rank,('add', 0.1),False,all-uni)"
"num_iters","(both,('add', 0.3),True,all-uni) - rank,('add', 0.1),False,del",-1677.96538461538,237.469680591121,Inf,-7.06601946167828,4.57276973884323e-08,"(both,('add', 0.3),True,all-uni)","rank,('add', 0.1),False,del"
"num_iters","(both,('add', 0.3),True,all-uni) - rank,('add', 0.1),True,del",-1286.1,237.469680591121,Inf,-5.41584928567967,0.00174943603946195,"(both,('add', 0.3),True,all-uni)","rank,('add', 0.1),True,del"
"num_iters","(both,('add', 0.3),True,all-uni) - score,('add', 0.1),False,add",-1735.68846153846,237.469680591121,Inf,-7.30909502728055,7.71341505417533e-09,"(both,('add', 0.3),True,all-uni)","score,('add', 0.1),False,add"
"num_iters","(both,('add', 0.3),True,all-uni) - (score,('add', 0.1),False,all-sep)",-1978.10384615385,237.469680591121,Inf,-8.32992170297217,2.32009263957471e-12,"(both,('add', 0.3),True,all-uni)","(score,('add', 0.1),False,all-sep)"
"num_iters","(both,('add', 0.3),True,all-uni) - (score,('add', 0.1),False,all-uni)",-1735.68846153846,237.469680591121,Inf,-7.30909502728055,7.71341505417533e-09,"(both,('add', 0.3),True,all-uni)","(score,('add', 0.1),False,all-uni)"
"num_iters","(both,('add', 0.3),True,all-uni) - score,('add', 0.1),False,del",-1742.00384615385,237.469680591121,Inf,-7.33568951546811,6.32631640047393e-09,"(both,('add', 0.3),True,all-uni)","score,('add', 0.1),False,del"
"num_iters","(both,('add', 0.3),True,all-uni) - score,('add', 0.1),True,add",-1559.26153846154,237.469680591121,Inf,-6.56614997998966,1.48082906141582e-06,"(both,('add', 0.3),True,all-uni)","score,('add', 0.1),True,add"
"num_iters","(both,('add', 0.3),True,all-uni) - (score,('add', 0.1),True,all-sep)",-1394.31538461538,237.469680591121,Inf,-5.87155118558541,0.000123821956615961,"(both,('add', 0.3),True,all-uni)","(score,('add', 0.1),True,all-sep)"
"num_iters","(both,('add', 0.3),True,all-uni) - (score,('add', 0.1),True,all-uni)",-1559.26153846154,237.469680591121,Inf,-6.56614997998966,1.4808290614158e-06,"(both,('add', 0.3),True,all-uni)","(score,('add', 0.1),True,all-uni)"
"num_iters","(both,('add', 0.3),True,all-uni) - score,('add', 0.1),True,del",-1414.31923076923,237.469680591121,Inf,-5.95578866004553,7.42297545306648e-05,"(both,('add', 0.3),True,all-uni)","score,('add', 0.1),True,del"
"num_iters","(both,('add', 0.3),True,all-uni) - score,('add', 0.2),False,add",-1197.19230769231,237.469680591121,Inf,-5.04145331190154,0.0132504348346827,"(both,('add', 0.3),True,all-uni)","score,('add', 0.2),False,add"
"num_iters","(both,('add', 0.3),True,all-uni) - (score,('add', 0.2),False,all-sep)",-1516.25,237.469680591121,Inf,-6.38502564296073,4.91485576609587e-06,"(both,('add', 0.3),True,all-uni)","(score,('add', 0.2),False,all-sep)"
"num_iters","(both,('add', 0.3),True,all-uni) - (score,('add', 0.2),False,all-uni)",-1194.07307692308,237.469680591121,Inf,-5.02831803180403,0.0141908854597374,"(both,('add', 0.3),True,all-uni)","(score,('add', 0.2),False,all-uni)"
"num_iters","(both,('add', 0.3),True,all-uni) - score,('add', 0.2),False,del",-1177.73076923077,237.469680591121,Inf,-4.95949952978884,0.0202695954432737,"(both,('add', 0.3),True,all-uni)","score,('add', 0.2),False,del"
"num_iters","(both,('add', 0.3),True,all-uni) - score,('add', 0.2),True,add",-1138.95384615385,237.469680591121,Inf,-4.79620742874925,0.0463749407784691,"(both,('add', 0.3),True,all-uni)","score,('add', 0.2),True,add"
"num_iters","(both,('add', 0.3),True,all-uni) - (score,('add', 0.2),True,all-uni)",-1138.95384615385,237.469680591121,Inf,-4.79620742874925,0.0463749407784693,"(both,('add', 0.3),True,all-uni)","(score,('add', 0.2),True,all-uni)"
"num_iters","(both,('add', 0.3),True,all-uni) - (score,('add', 0.3),False,all-sep)",-1165.18076923077,237.469680591121,Inf,-4.90665067780588,0.0265705347619869,"(both,('add', 0.3),True,all-uni)","(score,('add', 0.3),False,all-sep)"
"num_iters","both,('add', 0.3),True,del - rank,('add', 0.1),False,add",-1606.93846153846,237.469680591121,Inf,-6.76692054976616,3.77291903947574e-07,"both,('add', 0.3),True,del","rank,('add', 0.1),False,add"
"num_iters","both,('add', 0.3),True,del - (rank,('add', 0.1),False,all-sep)",-1546.71923076923,237.469680591121,Inf,-6.51333352080596,2.10801040420546e-06,"both,('add', 0.3),True,del","(rank,('add', 0.1),False,all-sep)"
"num_iters","both,('add', 0.3),True,del - (rank,('add', 0.1),False,all-uni)",-1655.26923076923,237.469680591121,Inf,-6.97044450747925,9.0611915512191e-08,"both,('add', 0.3),True,del","(rank,('add', 0.1),False,all-uni)"
"num_iters","both,('add', 0.3),True,del - rank,('add', 0.1),False,del",-1634.07692307692,237.469680591121,Inf,-6.88120234553439,1.70214301196678e-07,"both,('add', 0.3),True,del","rank,('add', 0.1),False,del"
"num_iters","both,('add', 0.3),True,del - rank,('add', 0.1),True,del",-1242.21153846154,237.469680591121,Inf,-5.23103216953578,0.00483447772341769,"both,('add', 0.3),True,del","rank,('add', 0.1),True,del"
"num_iters","both,('add', 0.3),True,del - score,('add', 0.1),False,add",-1691.8,237.469680591121,Inf,-7.12427791113666,3.00072373991003e-08,"both,('add', 0.3),True,del","score,('add', 0.1),False,add"
"num_iters","both,('add', 0.3),True,del - (score,('add', 0.1),False,all-sep)",-1934.21538461538,237.469680591121,Inf,-8.14510458682828,1.08684070830734e-11,"both,('add', 0.3),True,del","(score,('add', 0.1),False,all-sep)"
"num_iters","both,('add', 0.3),True,del - (score,('add', 0.1),False,all-uni)",-1691.8,237.469680591121,Inf,-7.12427791113666,3.00072373991002e-08,"both,('add', 0.3),True,del","(score,('add', 0.1),False,all-uni)"
"num_iters","both,('add', 0.3),True,del - score,('add', 0.1),False,del",-1698.11538461538,237.469680591121,Inf,-7.15087239932422,2.47302239629572e-08,"both,('add', 0.3),True,del","score,('add', 0.1),False,del"
"num_iters","both,('add', 0.3),True,del - score,('add', 0.1),True,add",-1515.37307692308,237.469680591121,Inf,-6.38133286384577,5.03486728324699e-06,"both,('add', 0.3),True,del","score,('add', 0.1),True,add"
"num_iters","both,('add', 0.3),True,del - (score,('add', 0.1),True,all-sep)",-1350.42692307692,237.469680591121,Inf,-5.68673406944152,0.000371382655405964,"both,('add', 0.3),True,del","(score,('add', 0.1),True,all-sep)"
"num_iters","both,('add', 0.3),True,del - (score,('add', 0.1),True,all-uni)",-1515.37307692308,237.469680591121,Inf,-6.38133286384577,5.03486728324696e-06,"both,('add', 0.3),True,del","(score,('add', 0.1),True,all-uni)"
"num_iters","both,('add', 0.3),True,del - score,('add', 0.1),True,del",-1370.43076923077,237.469680591121,Inf,-5.77097154390164,0.0002260436713727,"both,('add', 0.3),True,del","score,('add', 0.1),True,del"
"num_iters","both,('add', 0.3),True,del - score,('add', 0.2),False,add",-1153.30384615385,237.469680591121,Inf,-4.85663619575765,0.0342429644123564,"both,('add', 0.3),True,del","score,('add', 0.2),False,add"
"num_iters","both,('add', 0.3),True,del - (score,('add', 0.2),False,all-sep)",-1472.36153846154,237.469680591121,Inf,-6.20020852681684,1.617219273879e-05,"both,('add', 0.3),True,del","(score,('add', 0.2),False,all-sep)"
"num_iters","both,('add', 0.3),True,del - (score,('add', 0.2),False,all-uni)",-1150.18461538462,237.469680591121,Inf,-4.84350091566014,0.036587400981313,"both,('add', 0.3),True,del","(score,('add', 0.2),False,all-uni)"
"num_iters","both,('add', 0.4),False,add - rank,('add', 0.1),False,add",-1720.19230769231,237.469680591121,Inf,-7.2438397331833,1.250897662667e-08,"both,('add', 0.4),False,add","rank,('add', 0.1),False,add"
"num_iters","both,('add', 0.4),False,add - (rank,('add', 0.1),False,all-sep)",-1659.97307692308,237.469680591121,Inf,-6.99025270422309,7.8695497667609e-08,"both,('add', 0.4),False,add","(rank,('add', 0.1),False,all-sep)"
"num_iters","both,('add', 0.4),False,add - (rank,('add', 0.1),False,all-uni)",-1768.52307692308,237.469680591121,Inf,-7.44736369089639,2.73102003314421e-09,"both,('add', 0.4),False,add","(rank,('add', 0.1),False,all-uni)"
"num_iters","both,('add', 0.4),False,add - rank,('add', 0.1),False,del",-1747.33076923077,237.469680591121,Inf,-7.35812152895153,5.34928481459589e-09,"both,('add', 0.4),False,add","rank,('add', 0.1),False,del"
"num_iters","both,('add', 0.4),False,add - rank,('add', 0.1),True,del",-1355.46538461538,237.469680591121,Inf,-5.70795135295291,0.000327938846247539,"both,('add', 0.4),False,add","rank,('add', 0.1),True,del"
"num_iters","both,('add', 0.4),False,add - score,('add', 0.1),False,add",-1805.05384615385,237.469680591121,Inf,-7.6011970945538,8.41482232701217e-10,"both,('add', 0.4),False,add","score,('add', 0.1),False,add"
"num_iters","both,('add', 0.4),False,add - (score,('add', 0.1),False,all-sep)",-2047.46923076923,237.469680591121,Inf,-8.62202377024542,1.88660038166042e-13,"both,('add', 0.4),False,add","(score,('add', 0.1),False,all-sep)"
"num_iters","both,('add', 0.4),False,add - (score,('add', 0.1),False,all-uni)",-1805.05384615385,237.469680591121,Inf,-7.6011970945538,8.41482232701217e-10,"both,('add', 0.4),False,add","(score,('add', 0.1),False,all-uni)"
"num_iters","both,('add', 0.4),False,add - score,('add', 0.1),False,del",-1811.36923076923,237.469680591121,Inf,-7.62779158274136,6.84904856098361e-10,"both,('add', 0.4),False,add","score,('add', 0.1),False,del"
"num_iters","both,('add', 0.4),False,add - score,('add', 0.1),True,add",-1628.62692307692,237.469680591121,Inf,-6.8582520472629,1.99923095381989e-07,"both,('add', 0.4),False,add","score,('add', 0.1),True,add"
"num_iters","both,('add', 0.4),False,add - (score,('add', 0.1),True,all-sep)",-1463.68076923077,237.469680591121,Inf,-6.16365325285866,2.03873254732805e-05,"both,('add', 0.4),False,add","(score,('add', 0.1),True,all-sep)"
"num_iters","both,('add', 0.4),False,add - (score,('add', 0.1),True,all-uni)",-1628.62692307692,237.469680591121,Inf,-6.85825204726291,1.99923095381986e-07,"both,('add', 0.4),False,add","(score,('add', 0.1),True,all-uni)"
"num_iters","both,('add', 0.4),False,add - score,('add', 0.1),True,del",-1483.68461538462,237.469680591121,Inf,-6.24789072731878,1.19318137054329e-05,"both,('add', 0.4),False,add","score,('add', 0.1),True,del"
"num_iters","both,('add', 0.4),False,add - score,('add', 0.2),False,add",-1266.55769230769,237.469680591121,Inf,-5.33355537917479,0.00276211840067634,"both,('add', 0.4),False,add","score,('add', 0.2),False,add"
"num_iters","both,('add', 0.4),False,add - (score,('add', 0.2),False,all-sep)",-1585.61538461538,237.469680591121,Inf,-6.67712771023398,6.98847283182771e-07,"both,('add', 0.4),False,add","(score,('add', 0.2),False,all-sep)"
"num_iters","both,('add', 0.4),False,add - (score,('add', 0.2),False,all-uni)",-1263.43846153846,237.469680591121,Inf,-5.32042009907728,0.00296918046664686,"both,('add', 0.4),False,add","(score,('add', 0.2),False,all-uni)"
"num_iters","both,('add', 0.4),False,add - score,('add', 0.2),False,del",-1247.09615384615,237.469680591121,Inf,-5.25160159706209,0.0043244371007228,"both,('add', 0.4),False,add","score,('add', 0.2),False,del"
"num_iters","both,('add', 0.4),False,add - score,('add', 0.2),True,add",-1208.31923076923,237.469680591121,Inf,-5.0883094960225,0.0103612075415263,"both,('add', 0.4),False,add","score,('add', 0.2),True,add"
"num_iters","both,('add', 0.4),False,add - (score,('add', 0.2),True,all-uni)",-1208.31923076923,237.469680591121,Inf,-5.0883094960225,0.0103612075415263,"both,('add', 0.4),False,add","(score,('add', 0.2),True,all-uni)"
"num_iters","both,('add', 0.4),False,add - (score,('add', 0.3),False,all-sep)",-1234.54615384615,237.469680591121,Inf,-5.19875274507913,0.00575407378194051,"both,('add', 0.4),False,add","(score,('add', 0.3),False,all-sep)"
"num_iters","(both,('add', 0.4),False,all-sep) - rank,('add', 0.1),False,add",-1699.49615384615,237.469680591121,Inf,-7.15668690679032,2.37040681480954e-08,"(both,('add', 0.4),False,all-sep)","rank,('add', 0.1),False,add"
"num_iters","(both,('add', 0.4),False,all-sep) - (rank,('add', 0.1),False,all-sep)",-1639.27692307692,237.469680591121,Inf,-6.90309987783012,1.45923351230213e-07,"(both,('add', 0.4),False,all-sep)","(rank,('add', 0.1),False,all-sep)"
"num_iters","(both,('add', 0.4),False,all-sep) - (rank,('add', 0.1),False,all-uni)",-1747.82692307692,237.469680591121,Inf,-7.36021086450341,5.26621993454127e-09,"(both,('add', 0.4),False,all-sep)","(rank,('add', 0.1),False,all-uni)"
"num_iters","(both,('add', 0.4),False,all-sep) - rank,('add', 0.1),False,del",-1726.63461538462,237.469680591121,Inf,-7.27096870255855,1.02364265351206e-08,"(both,('add', 0.4),False,all-sep)","rank,('add', 0.1),False,del"
"num_iters","(both,('add', 0.4),False,all-sep) - rank,('add', 0.1),True,del",-1334.76923076923,237.469680591121,Inf,-5.62079852655994,0.000545140366047887,"(both,('add', 0.4),False,all-sep)","rank,('add', 0.1),True,del"
"num_iters","(both,('add', 0.4),False,all-sep) - score,('add', 0.1),False,add",-1784.35769230769,237.469680591121,Inf,-7.51404426816082,1.64417234973826e-09,"(both,('add', 0.4),False,all-sep)","score,('add', 0.1),False,add"
"num_iters","(both,('add', 0.4),False,all-sep) - (score,('add', 0.1),False,all-sep)",-2026.77307692308,237.469680591121,Inf,-8.53487094385244,4.02414699686443e-13,"(both,('add', 0.4),False,all-sep)","(score,('add', 0.1),False,all-sep)"
"num_iters","(both,('add', 0.4),False,all-sep) - (score,('add', 0.1),False,all-uni)",-1784.35769230769,237.469680591121,Inf,-7.51404426816082,1.64417234973826e-09,"(both,('add', 0.4),False,all-sep)","(score,('add', 0.1),False,all-uni)"
"num_iters","(both,('add', 0.4),False,all-sep) - score,('add', 0.1),False,del",-1790.67307692308,237.469680591121,Inf,-7.54063875634838,1.34129184913496e-09,"(both,('add', 0.4),False,all-sep)","score,('add', 0.1),False,del"
"num_iters","(both,('add', 0.4),False,all-sep) - score,('add', 0.1),True,add",-1607.93076923077,237.469680591121,Inf,-6.77109922086993,3.66552141473248e-07,"(both,('add', 0.4),False,all-sep)","score,('add', 0.1),True,add"
"num_iters","(both,('add', 0.4),False,all-sep) - (score,('add', 0.1),True,all-sep)",-1442.98461538462,237.469680591121,Inf,-6.07650042646568,3.52286987867568e-05,"(both,('add', 0.4),False,all-sep)","(score,('add', 0.1),True,all-sep)"
"num_iters","(both,('add', 0.4),False,all-sep) - (score,('add', 0.1),True,all-uni)",-1607.93076923077,237.469680591121,Inf,-6.77109922086993,3.66552141473244e-07,"(both,('add', 0.4),False,all-sep)","(score,('add', 0.1),True,all-uni)"
"num_iters","(both,('add', 0.4),False,all-sep) - score,('add', 0.1),True,del",-1462.98846153846,237.469680591121,Inf,-6.1607379009258,2.07662552770601e-05,"(both,('add', 0.4),False,all-sep)","score,('add', 0.1),True,del"
"num_iters","(both,('add', 0.4),False,all-sep) - score,('add', 0.2),False,add",-1245.86153846154,237.469680591121,Inf,-5.24640255278181,0.00444820555926806,"(both,('add', 0.4),False,all-sep)","score,('add', 0.2),False,add"
"num_iters","(both,('add', 0.4),False,all-sep) - (score,('add', 0.2),False,all-sep)",-1564.91923076923,237.469680591121,Inf,-6.589974883841,1.26163603097794e-06,"(both,('add', 0.4),False,all-sep)","(score,('add', 0.2),False,all-sep)"
"num_iters","(both,('add', 0.4),False,all-sep) - (score,('add', 0.2),False,all-uni)",-1242.74230769231,237.469680591121,Inf,-5.2332672726843,0.0047763573224531,"(both,('add', 0.4),False,all-sep)","(score,('add', 0.2),False,all-uni)"
"num_iters","(both,('add', 0.4),False,all-sep) - score,('add', 0.2),False,del",-1226.4,237.469680591121,Inf,-5.16444877066911,0.00691613922853814,"(both,('add', 0.4),False,all-sep)","score,('add', 0.2),False,del"
"num_iters","(both,('add', 0.4),False,all-sep) - score,('add', 0.2),True,add",-1187.62307692308,237.469680591121,Inf,-5.00115666962952,0.0163439801266288,"(both,('add', 0.4),False,all-sep)","score,('add', 0.2),True,add"
"num_iters","(both,('add', 0.4),False,all-sep) - (score,('add', 0.2),True,all-uni)",-1187.62307692308,237.469680591121,Inf,-5.00115666962952,0.0163439801266288,"(both,('add', 0.4),False,all-sep)","(score,('add', 0.2),True,all-uni)"
"num_iters","(both,('add', 0.4),False,all-sep) - (score,('add', 0.3),False,all-sep)",-1213.85,237.469680591121,Inf,-5.11159991868615,0.00916159053239618,"(both,('add', 0.4),False,all-sep)","(score,('add', 0.3),False,all-sep)"
"num_iters","(both,('add', 0.4),False,all-uni) - rank,('add', 0.1),False,add",-1720.19230769231,237.469680591121,Inf,-7.2438397331833,1.25089766266702e-08,"(both,('add', 0.4),False,all-uni)","rank,('add', 0.1),False,add"
"num_iters","(both,('add', 0.4),False,all-uni) - (rank,('add', 0.1),False,all-sep)",-1659.97307692308,237.469680591121,Inf,-6.99025270422309,7.86954976676099e-08,"(both,('add', 0.4),False,all-uni)","(rank,('add', 0.1),False,all-sep)"
"num_iters","(both,('add', 0.4),False,all-uni) - (rank,('add', 0.1),False,all-uni)",-1768.52307692308,237.469680591121,Inf,-7.44736369089639,2.73102003314426e-09,"(both,('add', 0.4),False,all-uni)","(rank,('add', 0.1),False,all-uni)"
"num_iters","(both,('add', 0.4),False,all-uni) - rank,('add', 0.1),False,del",-1747.33076923077,237.469680591121,Inf,-7.35812152895153,5.34928481459593e-09,"(both,('add', 0.4),False,all-uni)","rank,('add', 0.1),False,del"
"num_iters","(both,('add', 0.4),False,all-uni) - rank,('add', 0.1),True,del",-1355.46538461538,237.469680591121,Inf,-5.70795135295291,0.000327938846247541,"(both,('add', 0.4),False,all-uni)","rank,('add', 0.1),True,del"
"num_iters","(both,('add', 0.4),False,all-uni) - score,('add', 0.1),False,add",-1805.05384615385,237.469680591121,Inf,-7.6011970945538,8.41482232701228e-10,"(both,('add', 0.4),False,all-uni)","score,('add', 0.1),False,add"
"num_iters","(both,('add', 0.4),False,all-uni) - (score,('add', 0.1),False,all-sep)",-2047.46923076923,237.469680591121,Inf,-8.62202377024542,1.88660038166045e-13,"(both,('add', 0.4),False,all-uni)","(score,('add', 0.1),False,all-sep)"
"num_iters","(both,('add', 0.4),False,all-uni) - (score,('add', 0.1),False,all-uni)",-1805.05384615385,237.469680591121,Inf,-7.6011970945538,8.41482232701228e-10,"(both,('add', 0.4),False,all-uni)","(score,('add', 0.1),False,all-uni)"
"num_iters","(both,('add', 0.4),False,all-uni) - score,('add', 0.1),False,del",-1811.36923076923,237.469680591121,Inf,-7.62779158274136,6.84904856098371e-10,"(both,('add', 0.4),False,all-uni)","score,('add', 0.1),False,del"
"num_iters","(both,('add', 0.4),False,all-uni) - score,('add', 0.1),True,add",-1628.62692307692,237.469680591121,Inf,-6.8582520472629,1.9992309538199e-07,"(both,('add', 0.4),False,all-uni)","score,('add', 0.1),True,add"
"num_iters","(both,('add', 0.4),False,all-uni) - (score,('add', 0.1),True,all-sep)",-1463.68076923077,237.469680591121,Inf,-6.16365325285866,2.03873254732807e-05,"(both,('add', 0.4),False,all-uni)","(score,('add', 0.1),True,all-sep)"
"num_iters","(both,('add', 0.4),False,all-uni) - (score,('add', 0.1),True,all-uni)",-1628.62692307692,237.469680591121,Inf,-6.8582520472629,1.99923095381989e-07,"(both,('add', 0.4),False,all-uni)","(score,('add', 0.1),True,all-uni)"
"num_iters","(both,('add', 0.4),False,all-uni) - score,('add', 0.1),True,del",-1483.68461538461,237.469680591121,Inf,-6.24789072731877,1.1931813705433e-05,"(both,('add', 0.4),False,all-uni)","score,('add', 0.1),True,del"
"num_iters","(both,('add', 0.4),False,all-uni) - score,('add', 0.2),False,add",-1266.55769230769,237.469680591121,Inf,-5.33355537917479,0.00276211840067636,"(both,('add', 0.4),False,all-uni)","score,('add', 0.2),False,add"
"num_iters","(both,('add', 0.4),False,all-uni) - (score,('add', 0.2),False,all-sep)",-1585.61538461538,237.469680591121,Inf,-6.67712771023398,6.9884728318278e-07,"(both,('add', 0.4),False,all-uni)","(score,('add', 0.2),False,all-sep)"
"num_iters","(both,('add', 0.4),False,all-uni) - (score,('add', 0.2),False,all-uni)",-1263.43846153846,237.469680591121,Inf,-5.32042009907728,0.00296918046664689,"(both,('add', 0.4),False,all-uni)","(score,('add', 0.2),False,all-uni)"
"num_iters","(both,('add', 0.4),False,all-uni) - score,('add', 0.2),False,del",-1247.09615384615,237.469680591121,Inf,-5.25160159706208,0.00432443710072284,"(both,('add', 0.4),False,all-uni)","score,('add', 0.2),False,del"
"num_iters","(both,('add', 0.4),False,all-uni) - score,('add', 0.2),True,add",-1208.31923076923,237.469680591121,Inf,-5.0883094960225,0.0103612075415263,"(both,('add', 0.4),False,all-uni)","score,('add', 0.2),True,add"
"num_iters","(both,('add', 0.4),False,all-uni) - (score,('add', 0.2),True,all-uni)",-1208.31923076923,237.469680591121,Inf,-5.0883094960225,0.0103612075415264,"(both,('add', 0.4),False,all-uni)","(score,('add', 0.2),True,all-uni)"
"num_iters","(both,('add', 0.4),False,all-uni) - (score,('add', 0.3),False,all-sep)",-1234.54615384615,237.469680591121,Inf,-5.19875274507913,0.00575407378194056,"(both,('add', 0.4),False,all-uni)","(score,('add', 0.3),False,all-sep)"
"num_iters","both,('add', 0.4),False,del - rank,('add', 0.1),False,add",-1720.19230769231,237.469680591121,Inf,-7.24383973318329,1.25089766266704e-08,"both,('add', 0.4),False,del","rank,('add', 0.1),False,add"
"num_iters","both,('add', 0.4),False,del - (rank,('add', 0.1),False,all-sep)",-1659.97307692308,237.469680591121,Inf,-6.99025270422309,7.8695497667611e-08,"both,('add', 0.4),False,del","(rank,('add', 0.1),False,all-sep)"
"num_iters","both,('add', 0.4),False,del - (rank,('add', 0.1),False,all-uni)",-1768.52307692308,237.469680591121,Inf,-7.44736369089639,2.73102003314428e-09,"both,('add', 0.4),False,del","(rank,('add', 0.1),False,all-uni)"
"num_iters","both,('add', 0.4),False,del - rank,('add', 0.1),False,del",-1747.33076923077,237.469680591121,Inf,-7.35812152895152,5.349284814596e-09,"both,('add', 0.4),False,del","rank,('add', 0.1),False,del"
"num_iters","both,('add', 0.4),False,del - rank,('add', 0.1),True,del",-1355.46538461538,237.469680591121,Inf,-5.70795135295291,0.000327938846247544,"both,('add', 0.4),False,del","rank,('add', 0.1),True,del"
"num_iters","both,('add', 0.4),False,del - score,('add', 0.1),False,add",-1805.05384615385,237.469680591121,Inf,-7.60119709455379,8.4148223270124e-10,"both,('add', 0.4),False,del","score,('add', 0.1),False,add"
"num_iters","both,('add', 0.4),False,del - (score,('add', 0.1),False,all-sep)",-2047.46923076923,237.469680591121,Inf,-8.62202377024541,1.88660038166048e-13,"both,('add', 0.4),False,del","(score,('add', 0.1),False,all-sep)"
"num_iters","both,('add', 0.4),False,del - (score,('add', 0.1),False,all-uni)",-1805.05384615385,237.469680591121,Inf,-7.60119709455379,8.41482232701234e-10,"both,('add', 0.4),False,del","(score,('add', 0.1),False,all-uni)"
"num_iters","both,('add', 0.4),False,del - score,('add', 0.1),False,del",-1811.36923076923,237.469680591121,Inf,-7.62779158274135,6.8490485609838e-10,"both,('add', 0.4),False,del","score,('add', 0.1),False,del"
"num_iters","both,('add', 0.4),False,del - score,('add', 0.1),True,add",-1628.62692307692,237.469680591121,Inf,-6.8582520472629,1.99923095381992e-07,"both,('add', 0.4),False,del","score,('add', 0.1),True,add"
"num_iters","both,('add', 0.4),False,del - (score,('add', 0.1),True,all-sep)",-1463.68076923077,237.469680591121,Inf,-6.16365325285866,2.0387325473281e-05,"both,('add', 0.4),False,del","(score,('add', 0.1),True,all-sep)"
"num_iters","both,('add', 0.4),False,del - (score,('add', 0.1),True,all-uni)",-1628.62692307692,237.469680591121,Inf,-6.8582520472629,1.9992309538199e-07,"both,('add', 0.4),False,del","(score,('add', 0.1),True,all-uni)"
"num_iters","both,('add', 0.4),False,del - score,('add', 0.1),True,del",-1483.68461538461,237.469680591121,Inf,-6.24789072731877,1.19318137054332e-05,"both,('add', 0.4),False,del","score,('add', 0.1),True,del"
"num_iters","both,('add', 0.4),False,del - score,('add', 0.2),False,add",-1266.55769230769,237.469680591121,Inf,-5.33355537917479,0.00276211840067639,"both,('add', 0.4),False,del","score,('add', 0.2),False,add"
"num_iters","both,('add', 0.4),False,del - (score,('add', 0.2),False,all-sep)",-1585.61538461538,237.469680591121,Inf,-6.67712771023397,6.98847283182788e-07,"both,('add', 0.4),False,del","(score,('add', 0.2),False,all-sep)"
"num_iters","both,('add', 0.4),False,del - (score,('add', 0.2),False,all-uni)",-1263.43846153846,237.469680591121,Inf,-5.32042009907728,0.00296918046664691,"both,('add', 0.4),False,del","(score,('add', 0.2),False,all-uni)"
"num_iters","both,('add', 0.4),False,del - score,('add', 0.2),False,del",-1247.09615384615,237.469680591121,Inf,-5.25160159706208,0.00432443710072289,"both,('add', 0.4),False,del","score,('add', 0.2),False,del"
"num_iters","both,('add', 0.4),False,del - score,('add', 0.2),True,add",-1208.31923076923,237.469680591121,Inf,-5.0883094960225,0.0103612075415264,"both,('add', 0.4),False,del","score,('add', 0.2),True,add"
"num_iters","both,('add', 0.4),False,del - (score,('add', 0.2),True,all-uni)",-1208.31923076923,237.469680591121,Inf,-5.0883094960225,0.0103612075415265,"both,('add', 0.4),False,del","(score,('add', 0.2),True,all-uni)"
"num_iters","both,('add', 0.4),False,del - (score,('add', 0.3),False,all-sep)",-1234.54615384615,237.469680591121,Inf,-5.19875274507913,0.00575407378194062,"both,('add', 0.4),False,del","(score,('add', 0.3),False,all-sep)"
"num_iters","both,('add', 0.4),True,add - rank,('add', 0.1),False,add",-1437.33461538462,237.469680591121,Inf,-6.0527079154136,4.084920633849e-05,"both,('add', 0.4),True,add","rank,('add', 0.1),False,add"
"num_iters","both,('add', 0.4),True,add - (rank,('add', 0.1),False,all-sep)",-1377.11538461538,237.469680591121,Inf,-5.79912088645339,0.000191190817777845,"both,('add', 0.4),True,add","(rank,('add', 0.1),False,all-sep)"
"num_iters","both,('add', 0.4),True,add - (rank,('add', 0.1),False,all-uni)",-1485.66538461538,237.469680591121,Inf,-6.25623187312669,1.13111122264626e-05,"both,('add', 0.4),True,add","(rank,('add', 0.1),False,all-uni)"
"num_iters","both,('add', 0.4),True,add - rank,('add', 0.1),False,del",-1464.47307692308,237.469680591121,Inf,-6.16698971118183,1.9961935198698e-05,"both,('add', 0.4),True,add","rank,('add', 0.1),False,del"
"num_iters","both,('add', 0.4),True,add - (rank,mul,False,all-sep)",1172.03846153846,237.469680591121,Inf,4.93552885834085,0.0229250309275535,"both,('add', 0.4),True,add","(rank,mul,False,all-sep)"
"num_iters","both,('add', 0.4),True,add - score,('add', 0.1),False,add",-1522.19615384615,237.469680591121,Inf,-6.4100652767841,4.17171660543652e-06,"both,('add', 0.4),True,add","score,('add', 0.1),False,add"
"num_iters","both,('add', 0.4),True,add - (score,('add', 0.1),False,all-sep)",-1764.61153846154,237.469680591121,Inf,-7.43089195247572,3.0936484726452e-09,"both,('add', 0.4),True,add","(score,('add', 0.1),False,all-sep)"
"num_iters","both,('add', 0.4),True,add - (score,('add', 0.1),False,all-uni)",-1522.19615384615,237.469680591121,Inf,-6.4100652767841,4.17171660543652e-06,"both,('add', 0.4),True,add","(score,('add', 0.1),False,all-uni)"
"num_iters","both,('add', 0.4),True,add - score,('add', 0.1),False,del",-1528.51153846154,237.469680591121,Inf,-6.43665976497166,3.50272497461569e-06,"both,('add', 0.4),True,add","score,('add', 0.1),False,del"
"num_iters","both,('add', 0.4),True,add - score,('add', 0.1),True,add",-1345.76923076923,237.469680591121,Inf,-5.6671202294932,0.000416483646521502,"both,('add', 0.4),True,add","score,('add', 0.1),True,add"
"num_iters","both,('add', 0.4),True,add - (score,('add', 0.1),True,all-sep)",-1180.82307692308,237.469680591121,Inf,-4.97252143508896,0.0189539412617754,"both,('add', 0.4),True,add","(score,('add', 0.1),True,all-sep)"
"num_iters","both,('add', 0.4),True,add - (score,('add', 0.1),True,all-uni)",-1345.76923076923,237.469680591121,Inf,-5.6671202294932,0.000416483646521498,"both,('add', 0.4),True,add","(score,('add', 0.1),True,all-uni)"
"num_iters","both,('add', 0.4),True,add - score,('add', 0.1),True,del",-1200.82692307692,237.469680591121,Inf,-5.05675890954907,0.0122303504357216,"both,('add', 0.4),True,add","score,('add', 0.1),True,del"
"num_iters","both,('add', 0.4),True,add - (score,('add', 0.2),False,all-sep)",-1302.75769230769,237.469680591121,Inf,-5.48599589246427,0.00117916801768376,"both,('add', 0.4),True,add","(score,('add', 0.2),False,all-sep)"
"num_iters","(both,('add', 0.4),True,all-sep) - rank,('add', 0.1),False,add",-1742.46153846154,237.469680591121,Inf,-7.33761688702373,6.23590638568549e-09,"(both,('add', 0.4),True,all-sep)","rank,('add', 0.1),False,add"
"num_iters","(both,('add', 0.4),True,all-sep) - (rank,('add', 0.1),False,all-sep)",-1682.24230769231,237.469680591121,Inf,-7.08402985806352,4.01582289224033e-08,"(both,('add', 0.4),True,all-sep)","(rank,('add', 0.1),False,all-sep)"
"num_iters","(both,('add', 0.4),True,all-sep) - (rank,('add', 0.1),False,all-uni)",-1790.79230769231,237.469680591121,Inf,-7.54114084473682,1.336136979791e-09,"(both,('add', 0.4),True,all-sep)","(rank,('add', 0.1),False,all-uni)"
"num_iters","(both,('add', 0.4),True,all-sep) - rank,('add', 0.1),False,del",-1769.6,237.469680591121,Inf,-7.45189868279196,2.63874280782928e-09,"(both,('add', 0.4),True,all-sep)","rank,('add', 0.1),False,del"
"num_iters","(both,('add', 0.4),True,all-sep) - (rank,('add', 0.1),True,all-sep)",-1137.34615384615,237.469680591121,Inf,-4.78943733370516,0.0479671903449879,"(both,('add', 0.4),True,all-sep)","(rank,('add', 0.1),True,all-sep)"
"num_iters","(both,('add', 0.4),True,all-sep) - rank,('add', 0.1),True,del",-1377.73461538462,237.469680591121,Inf,-5.80172850679334,0.000188240528583016,"(both,('add', 0.4),True,all-sep)","rank,('add', 0.1),True,del"
"num_iters","(both,('add', 0.4),True,all-sep) - rank,('add', 0.2),False,add",-1138.82307692308,237.469680591121,Inf,-4.79565675116194,0.0465025319795174,"(both,('add', 0.4),True,all-sep)","rank,('add', 0.2),False,add"
"num_iters","(both,('add', 0.4),True,all-sep) - score,('add', 0.1),False,add",-1827.32307692308,237.469680591121,Inf,-7.69497424839423,4.05887029296659e-10,"(both,('add', 0.4),True,all-sep)","score,('add', 0.1),False,add"
"num_iters","(both,('add', 0.4),True,all-sep) - (score,('add', 0.1),False,all-sep)",-2069.73846153846,237.469680591121,Inf,-8.71580092408584,8.28020995264616e-14,"(both,('add', 0.4),True,all-sep)","(score,('add', 0.1),False,all-sep)"
"num_iters","(both,('add', 0.4),True,all-sep) - (score,('add', 0.1),False,all-uni)",-1827.32307692308,237.469680591121,Inf,-7.69497424839423,4.05887029296659e-10,"(both,('add', 0.4),True,all-sep)","(score,('add', 0.1),False,all-uni)"
"num_iters","(both,('add', 0.4),True,all-sep) - score,('add', 0.1),False,del",-1833.63846153846,237.469680591121,Inf,-7.72156873658179,3.29552152264363e-10,"(both,('add', 0.4),True,all-sep)","score,('add', 0.1),False,del"
"num_iters","(both,('add', 0.4),True,all-sep) - score,('add', 0.1),True,add",-1650.89615384615,237.469680591121,Inf,-6.95202920110333,1.03267744707179e-07,"(both,('add', 0.4),True,all-sep)","score,('add', 0.1),True,add"
"num_iters","(both,('add', 0.4),True,all-sep) - (score,('add', 0.1),True,all-sep)",-1485.95,237.469680591121,Inf,-6.25743040669909,1.12245548407046e-05,"(both,('add', 0.4),True,all-sep)","(score,('add', 0.1),True,all-sep)"
"num_iters","(both,('add', 0.4),True,all-sep) - (score,('add', 0.1),True,all-uni)",-1650.89615384615,237.469680591121,Inf,-6.95202920110333,1.03267744707178e-07,"(both,('add', 0.4),True,all-sep)","(score,('add', 0.1),True,all-uni)"
"num_iters","(both,('add', 0.4),True,all-sep) - score,('add', 0.1),True,del",-1505.95384615385,237.469680591121,Inf,-6.3416678811592,6.51870278096775e-06,"(both,('add', 0.4),True,all-sep)","score,('add', 0.1),True,del"
"num_iters","(both,('add', 0.4),True,all-sep) - score,('add', 0.2),False,add",-1288.82692307692,237.469680591121,Inf,-5.42733253301522,0.00164056757057271,"(both,('add', 0.4),True,all-sep)","score,('add', 0.2),False,add"
"num_iters","(both,('add', 0.4),True,all-sep) - (score,('add', 0.2),False,all-sep)",-1607.88461538462,237.469680591121,Inf,-6.77090486407441,3.67044957465302e-07,"(both,('add', 0.4),True,all-sep)","(score,('add', 0.2),False,all-sep)"
"num_iters","(both,('add', 0.4),True,all-sep) - (score,('add', 0.2),False,all-uni)",-1285.70769230769,237.469680591121,Inf,-5.41419725291771,0.00176566326539715,"(both,('add', 0.4),True,all-sep)","(score,('add', 0.2),False,all-uni)"
"num_iters","(both,('add', 0.4),True,all-sep) - score,('add', 0.2),False,del",-1269.36538461538,237.469680591121,Inf,-5.34537875090251,0.00258774422781864,"(both,('add', 0.4),True,all-sep)","score,('add', 0.2),False,del"
"num_iters","(both,('add', 0.4),True,all-sep) - score,('add', 0.2),True,add",-1230.58846153846,237.469680591121,Inf,-5.18208664986293,0.00629288621845925,"(both,('add', 0.4),True,all-sep)","score,('add', 0.2),True,add"
"num_iters","(both,('add', 0.4),True,all-sep) - (score,('add', 0.2),True,all-uni)",-1230.58846153846,237.469680591121,Inf,-5.18208664986293,0.00629288621845928,"(both,('add', 0.4),True,all-sep)","(score,('add', 0.2),True,all-uni)"
"num_iters","(both,('add', 0.4),True,all-sep) - (score,('add', 0.3),False,all-sep)",-1256.81538461538,237.469680591121,Inf,-5.29252989891956,0.00345983299275754,"(both,('add', 0.4),True,all-sep)","(score,('add', 0.3),False,all-sep)"
"num_iters","(both,('add', 0.4),True,all-uni) - rank,('add', 0.1),False,add",-1414.79230769231,237.469680591121,Inf,-5.95778081719965,7.3330778798555e-05,"(both,('add', 0.4),True,all-uni)","rank,('add', 0.1),False,add"
"num_iters","(both,('add', 0.4),True,all-uni) - (rank,('add', 0.1),False,all-sep)",-1354.57307692308,237.469680591121,Inf,-5.70419378823944,0.000335254941585873,"(both,('add', 0.4),True,all-uni)","(rank,('add', 0.1),False,all-sep)"
"num_iters","(both,('add', 0.4),True,all-uni) - (rank,('add', 0.1),False,all-uni)",-1463.12307692308,237.469680591121,Inf,-6.16130477491274,2.06920403883488e-05,"(both,('add', 0.4),True,all-uni)","(rank,('add', 0.1),False,all-uni)"
"num_iters","(both,('add', 0.4),True,all-uni) - rank,('add', 0.1),False,del",-1441.93076923077,237.469680591121,Inf,-6.07206261296788,3.62164370686813e-05,"(both,('add', 0.4),True,all-uni)","rank,('add', 0.1),False,del"
"num_iters","(both,('add', 0.4),True,all-uni) - (rank,mul,False,all-sep)",1194.58076923077,237.469680591121,Inf,5.0304559565548,0.0140335480359569,"(both,('add', 0.4),True,all-uni)","(rank,mul,False,all-sep)"
"num_iters","(both,('add', 0.4),True,all-uni) - (rank,mul,True,all-sep)",1156.82692307692,237.469680591121,Inf,4.871472097816,0.0317687809595414,"(both,('add', 0.4),True,all-uni)","(rank,mul,True,all-sep)"
"num_iters","(both,('add', 0.4),True,all-uni) - score,('add', 0.1),False,add",-1499.65384615385,237.469680591121,Inf,-6.31513817857015,7.7413111271642e-06,"(both,('add', 0.4),True,all-uni)","score,('add', 0.1),False,add"
"num_iters","(both,('add', 0.4),True,all-uni) - (score,('add', 0.1),False,all-sep)",-1742.06923076923,237.469680591121,Inf,-7.33596485426177,6.31332228316814e-09,"(both,('add', 0.4),True,all-uni)","(score,('add', 0.1),False,all-sep)"
"num_iters","(both,('add', 0.4),True,all-uni) - (score,('add', 0.1),False,all-uni)",-1499.65384615385,237.469680591121,Inf,-6.31513817857015,7.7413111271642e-06,"(both,('add', 0.4),True,all-uni)","(score,('add', 0.1),False,all-uni)"
"num_iters","(both,('add', 0.4),True,all-uni) - score,('add', 0.1),False,del",-1505.96923076923,237.469680591121,Inf,-6.34173266675771,6.51596151079713e-06,"(both,('add', 0.4),True,all-uni)","score,('add', 0.1),False,del"
"num_iters","(both,('add', 0.4),True,all-uni) - score,('add', 0.1),True,add",-1323.22692307692,237.469680591121,Inf,-5.57219313127925,0.000721452078430007,"(both,('add', 0.4),True,all-uni)","score,('add', 0.1),True,add"
"num_iters","(both,('add', 0.4),True,all-uni) - (score,('add', 0.1),True,all-sep)",-1158.28076923077,237.469680591121,Inf,-4.87759433687501,0.0307987329030108,"(both,('add', 0.4),True,all-uni)","(score,('add', 0.1),True,all-sep)"
"num_iters","(both,('add', 0.4),True,all-uni) - (score,('add', 0.1),True,all-uni)",-1323.22692307692,237.469680591121,Inf,-5.57219313127926,0.000721452078429996,"(both,('add', 0.4),True,all-uni)","(score,('add', 0.1),True,all-uni)"
"num_iters","(both,('add', 0.4),True,all-uni) - score,('add', 0.1),True,del",-1178.28461538461,237.469680591121,Inf,-4.96183181133513,0.0200276603169633,"(both,('add', 0.4),True,all-uni)","score,('add', 0.1),True,del"
"num_iters","(both,('add', 0.4),True,all-uni) - (score,('add', 0.2),False,all-sep)",-1280.21538461538,237.469680591121,Inf,-5.39106879425033,0.00200874298347649,"(both,('add', 0.4),True,all-uni)","(score,('add', 0.2),False,all-sep)"
"num_iters","both,('add', 0.4),True,del - rank,('add', 0.1),False,add",-1711.35,237.469680591121,Inf,-7.20660421044079,1.64521173617377e-08,"both,('add', 0.4),True,del","rank,('add', 0.1),False,add"
"num_iters","both,('add', 0.4),True,del - (rank,('add', 0.1),False,all-sep)",-1651.13076923077,237.469680591121,Inf,-6.95301718148058,1.02546809045082e-07,"both,('add', 0.4),True,del","(rank,('add', 0.1),False,all-sep)"
"num_iters","both,('add', 0.4),True,del - (rank,('add', 0.1),False,all-uni)",-1759.68076923077,237.469680591121,Inf,-7.41012816815388,3.61876821896115e-09,"both,('add', 0.4),True,del","(rank,('add', 0.1),False,all-uni)"
"num_iters","both,('add', 0.4),True,del - rank,('add', 0.1),False,del",-1738.48846153846,237.469680591121,Inf,-7.32088600620902,7.06500354199636e-09,"both,('add', 0.4),True,del","rank,('add', 0.1),False,del"
"num_iters","both,('add', 0.4),True,del - rank,('add', 0.1),True,del",-1346.62307692308,237.469680591121,Inf,-5.6707158302104,0.000407835619073112,"both,('add', 0.4),True,del","rank,('add', 0.1),True,del"
"num_iters","both,('add', 0.4),True,del - score,('add', 0.1),False,add",-1796.21153846154,237.469680591121,Inf,-7.56396157181128,1.12131711547329e-09,"both,('add', 0.4),True,del","score,('add', 0.1),False,add"
"num_iters","both,('add', 0.4),True,del - (score,('add', 0.1),False,all-sep)",-2038.62692307692,237.469680591121,Inf,-8.5847882475029,2.60999171743593e-13,"both,('add', 0.4),True,del","(score,('add', 0.1),False,all-sep)"
"num_iters","both,('add', 0.4),True,del - (score,('add', 0.1),False,all-uni)",-1796.21153846154,237.469680591121,Inf,-7.56396157181129,1.12131711547329e-09,"both,('add', 0.4),True,del","(score,('add', 0.1),False,all-uni)"
"num_iters","both,('add', 0.4),True,del - score,('add', 0.1),False,del",-1802.52692307692,237.469680591121,Inf,-7.59055605999885,9.13559916823454e-10,"both,('add', 0.4),True,del","score,('add', 0.1),False,del"
"num_iters","both,('add', 0.4),True,del - score,('add', 0.1),True,add",-1619.78461538461,237.469680591121,Inf,-6.82101652452039,2.59263017723692e-07,"both,('add', 0.4),True,del","score,('add', 0.1),True,add"
"num_iters","both,('add', 0.4),True,del - (score,('add', 0.1),True,all-sep)",-1454.83846153846,237.469680591121,Inf,-6.12641773011615,2.57774824540091e-05,"both,('add', 0.4),True,del","(score,('add', 0.1),True,all-sep)"
"num_iters","both,('add', 0.4),True,del - (score,('add', 0.1),True,all-uni)",-1619.78461538462,237.469680591121,Inf,-6.82101652452039,2.59263017723691e-07,"both,('add', 0.4),True,del","(score,('add', 0.1),True,all-uni)"
"num_iters","both,('add', 0.4),True,del - score,('add', 0.1),True,del",-1474.84230769231,237.469680591121,Inf,-6.21065520457626,1.5132753412436e-05,"both,('add', 0.4),True,del","score,('add', 0.1),True,del"
"num_iters","both,('add', 0.4),True,del - score,('add', 0.2),False,add",-1257.71538461538,237.469680591121,Inf,-5.29631985643228,0.00338882284345546,"both,('add', 0.4),True,del","score,('add', 0.2),False,add"
"num_iters","both,('add', 0.4),True,del - (score,('add', 0.2),False,all-sep)",-1576.77307692308,237.469680591121,Inf,-6.63989218749146,9.00301558671918e-07,"both,('add', 0.4),True,del","(score,('add', 0.2),False,all-sep)"
"num_iters","both,('add', 0.4),True,del - (score,('add', 0.2),False,all-uni)",-1254.59615384615,237.469680591121,Inf,-5.28318457633477,0.00364113717894679,"both,('add', 0.4),True,del","(score,('add', 0.2),False,all-uni)"
"num_iters","both,('add', 0.4),True,del - score,('add', 0.2),False,del",-1238.25384615385,237.469680591121,Inf,-5.21436607431957,0.00528993716654935,"both,('add', 0.4),True,del","score,('add', 0.2),False,del"
"num_iters","both,('add', 0.4),True,del - score,('add', 0.2),True,add",-1199.47692307692,237.469680591121,Inf,-5.05107397327999,0.0126000669327202,"both,('add', 0.4),True,del","score,('add', 0.2),True,add"
"num_iters","both,('add', 0.4),True,del - (score,('add', 0.2),True,all-uni)",-1199.47692307692,237.469680591121,Inf,-5.05107397327999,0.0126000669327203,"both,('add', 0.4),True,del","(score,('add', 0.2),True,all-uni)"
"num_iters","both,('add', 0.4),True,del - (score,('add', 0.3),False,all-sep)",-1225.70384615385,237.469680591121,Inf,-5.16151722233662,0.00702534811322667,"both,('add', 0.4),True,del","(score,('add', 0.3),False,all-sep)"
"num_iters","both,('add', 0.5),False,add - rank,('add', 0.1),False,add",-1713.04615384615,237.469680591121,Inf,-7.2137468226763,1.56113615712643e-08,"both,('add', 0.5),False,add","rank,('add', 0.1),False,add"
"num_iters","both,('add', 0.5),False,add - (rank,('add', 0.1),False,all-sep)",-1652.82692307692,237.469680591121,Inf,-6.9601597937161,9.7479590181331e-08,"both,('add', 0.5),False,add","(rank,('add', 0.1),False,all-sep)"
"num_iters","both,('add', 0.5),False,add - (rank,('add', 0.1),False,all-uni)",-1761.37692307692,237.469680591121,Inf,-7.41727078038939,3.42893363035336e-09,"both,('add', 0.5),False,add","(rank,('add', 0.1),False,all-uni)"
"num_iters","both,('add', 0.5),False,add - rank,('add', 0.1),False,del",-1740.18461538462,237.469680591121,Inf,-7.32802861844453,6.69858259594618e-09,"both,('add', 0.5),False,add","rank,('add', 0.1),False,del"
"num_iters","both,('add', 0.5),False,add - rank,('add', 0.1),True,del",-1348.31923076923,237.469680591121,Inf,-5.67785844244592,0.000391170850031938,"both,('add', 0.5),False,add","rank,('add', 0.1),True,del"
"num_iters","both,('add', 0.5),False,add - score,('add', 0.1),False,add",-1797.90769230769,237.469680591121,Inf,-7.5711041840468,1.06134672048854e-09,"both,('add', 0.5),False,add","score,('add', 0.1),False,add"
"num_iters","both,('add', 0.5),False,add - (score,('add', 0.1),False,all-sep)",-2040.32307692308,237.469680591121,Inf,-8.59193085973842,2.45270923032741e-13,"both,('add', 0.5),False,add","(score,('add', 0.1),False,all-sep)"
"num_iters","both,('add', 0.5),False,add - (score,('add', 0.1),False,all-uni)",-1797.90769230769,237.469680591121,Inf,-7.5711041840468,1.06134672048854e-09,"both,('add', 0.5),False,add","(score,('add', 0.1),False,all-uni)"
"num_iters","both,('add', 0.5),False,add - score,('add', 0.1),False,del",-1804.22307692308,237.469680591121,Inf,-7.59769867223436,8.64539171450305e-10,"both,('add', 0.5),False,add","score,('add', 0.1),False,del"
"num_iters","both,('add', 0.5),False,add - score,('add', 0.1),True,add",-1621.48076923077,237.469680591121,Inf,-6.82815913675591,2.46679970914975e-07,"both,('add', 0.5),False,add","score,('add', 0.1),True,add"
"num_iters","both,('add', 0.5),False,add - (score,('add', 0.1),True,all-sep)",-1456.53461538462,237.469680591121,Inf,-6.13356034235166,2.46458143441507e-05,"both,('add', 0.5),False,add","(score,('add', 0.1),True,all-sep)"
"num_iters","both,('add', 0.5),False,add - (score,('add', 0.1),True,all-uni)",-1621.48076923077,237.469680591121,Inf,-6.82815913675591,2.46679970914972e-07,"both,('add', 0.5),False,add","(score,('add', 0.1),True,all-uni)"
"num_iters","both,('add', 0.5),False,add - score,('add', 0.1),True,del",-1476.53846153846,237.469680591121,Inf,-6.21779781681178,1.44599000186979e-05,"both,('add', 0.5),False,add","score,('add', 0.1),True,del"
"num_iters","both,('add', 0.5),False,add - score,('add', 0.2),False,add",-1259.41153846154,237.469680591121,Inf,-5.30346246866779,0.00325881013481612,"both,('add', 0.5),False,add","score,('add', 0.2),False,add"
"num_iters","both,('add', 0.5),False,add - (score,('add', 0.2),False,all-sep)",-1578.46923076923,237.469680591121,Inf,-6.64703479972698,8.57693595489538e-07,"both,('add', 0.5),False,add","(score,('add', 0.2),False,all-sep)"
"num_iters","both,('add', 0.5),False,add - (score,('add', 0.2),False,all-uni)",-1256.29230769231,237.469680591121,Inf,-5.29032718857028,0.00350176314707673,"both,('add', 0.5),False,add","(score,('add', 0.2),False,all-uni)"
"num_iters","both,('add', 0.5),False,add - score,('add', 0.2),False,del",-1239.95,237.469680591121,Inf,-5.22150868655509,0.00508987697349532,"both,('add', 0.5),False,add","score,('add', 0.2),False,del"
"num_iters","both,('add', 0.5),False,add - score,('add', 0.2),True,add",-1201.17307692308,237.469680591121,Inf,-5.0582165855155,0.0121372504898876,"both,('add', 0.5),False,add","score,('add', 0.2),True,add"
"num_iters","both,('add', 0.5),False,add - (score,('add', 0.2),True,all-uni)",-1201.17307692308,237.469680591121,Inf,-5.0582165855155,0.0121372504898877,"both,('add', 0.5),False,add","(score,('add', 0.2),True,all-uni)"
"num_iters","both,('add', 0.5),False,add - (score,('add', 0.3),False,all-sep)",-1227.4,237.469680591121,Inf,-5.16865983457213,0.00676213010436876,"both,('add', 0.5),False,add","(score,('add', 0.3),False,all-sep)"
"num_iters","(both,('add', 0.5),False,all-sep) - rank,('add', 0.1),False,add",-1642.32692307692,237.469680591121,Inf,-6.91594362273434,1.33292943024474e-07,"(both,('add', 0.5),False,all-sep)","rank,('add', 0.1),False,add"
"num_iters","(both,('add', 0.5),False,all-sep) - (rank,('add', 0.1),False,all-sep)",-1582.10769230769,237.469680591121,Inf,-6.66235659377414,7.72843449876273e-07,"(both,('add', 0.5),False,all-sep)","(rank,('add', 0.1),False,all-sep)"
"num_iters","(both,('add', 0.5),False,all-sep) - (rank,('add', 0.1),False,all-uni)",-1690.65769230769,237.469680591121,Inf,-7.11946758044743,3.10732792299422e-08,"(both,('add', 0.5),False,all-sep)","(rank,('add', 0.1),False,all-uni)"
"num_iters","(both,('add', 0.5),False,all-sep) - rank,('add', 0.1),False,del",-1669.46538461538,237.469680591121,Inf,-7.03022541850257,5.91381979184697e-08,"(both,('add', 0.5),False,all-sep)","rank,('add', 0.1),False,del"
"num_iters","(both,('add', 0.5),False,all-sep) - rank,('add', 0.1),True,del",-1277.6,237.469680591121,Inf,-5.38005524250396,0.00213559841671084,"(both,('add', 0.5),False,all-sep)","rank,('add', 0.1),True,del"
"num_iters","(both,('add', 0.5),False,all-sep) - score,('add', 0.1),False,add",-1727.18846153846,237.469680591121,Inf,-7.27330098410484,1.0061158585882e-08,"(both,('add', 0.5),False,all-sep)","score,('add', 0.1),False,add"
"num_iters","(both,('add', 0.5),False,all-sep) - (score,('add', 0.1),False,all-sep)",-1969.60384615385,237.469680591121,Inf,-8.29412765979646,3.1371598998318e-12,"(both,('add', 0.5),False,all-sep)","(score,('add', 0.1),False,all-sep)"
"num_iters","(both,('add', 0.5),False,all-sep) - (score,('add', 0.1),False,all-uni)",-1727.18846153846,237.469680591121,Inf,-7.27330098410484,1.00611585858821e-08,"(both,('add', 0.5),False,all-sep)","(score,('add', 0.1),False,all-uni)"
"num_iters","(both,('add', 0.5),False,all-sep) - score,('add', 0.1),False,del",-1733.50384615385,237.469680591121,Inf,-7.2998954722924,8.25959258964546e-09,"(both,('add', 0.5),False,all-sep)","score,('add', 0.1),False,del"
"num_iters","(both,('add', 0.5),False,all-sep) - score,('add', 0.1),True,add",-1550.76153846154,237.469680591121,Inf,-6.53035593681395,1.88179726759931e-06,"(both,('add', 0.5),False,all-sep)","score,('add', 0.1),True,add"
"num_iters","(both,('add', 0.5),False,all-sep) - (score,('add', 0.1),True,all-sep)",-1385.81538461538,237.469680591121,Inf,-5.8357571424097,0.000153572347087026,"(both,('add', 0.5),False,all-sep)","(score,('add', 0.1),True,all-sep)"
"num_iters","(both,('add', 0.5),False,all-sep) - (score,('add', 0.1),True,all-uni)",-1550.76153846154,237.469680591121,Inf,-6.53035593681395,1.8817972675993e-06,"(both,('add', 0.5),False,all-sep)","(score,('add', 0.1),True,all-uni)"
"num_iters","(both,('add', 0.5),False,all-sep) - score,('add', 0.1),True,del",-1405.81923076923,237.469680591121,Inf,-5.91999461686982,9.23358785002414e-05,"(both,('add', 0.5),False,all-sep)","score,('add', 0.1),True,del"
"num_iters","(both,('add', 0.5),False,all-sep) - score,('add', 0.2),False,add",-1188.69230769231,237.469680591121,Inf,-5.00565926872583,0.0159664883906021,"(both,('add', 0.5),False,all-sep)","score,('add', 0.2),False,add"
"num_iters","(both,('add', 0.5),False,all-sep) - (score,('add', 0.2),False,all-sep)",-1507.75,237.469680591121,Inf,-6.34923159978502,6.20615266056542e-06,"(both,('add', 0.5),False,all-sep)","(score,('add', 0.2),False,all-sep)"
"num_iters","(both,('add', 0.5),False,all-sep) - (score,('add', 0.2),False,all-uni)",-1185.57307692308,237.469680591121,Inf,-4.99252398862833,0.0170919346098628,"(both,('add', 0.5),False,all-sep)","(score,('add', 0.2),False,all-uni)"
"num_iters","(both,('add', 0.5),False,all-sep) - score,('add', 0.2),False,del",-1169.23076923077,237.469680591121,Inf,-4.92370548661313,0.0243552321547383,"(both,('add', 0.5),False,all-sep)","score,('add', 0.2),False,del"
"num_iters","(both,('add', 0.5),False,all-sep) - (score,('add', 0.3),False,all-sep)",-1156.68076923077,237.469680591121,Inf,-4.87085663463017,0.0318679095887206,"(both,('add', 0.5),False,all-sep)","(score,('add', 0.3),False,all-sep)"
"num_iters","(both,('add', 0.5),False,all-uni) - rank,('add', 0.1),False,add",-1713.04615384615,237.469680591121,Inf,-7.2137468226763,1.56113615712644e-08,"(both,('add', 0.5),False,all-uni)","rank,('add', 0.1),False,add"
"num_iters","(both,('add', 0.5),False,all-uni) - (rank,('add', 0.1),False,all-sep)",-1652.82692307692,237.469680591121,Inf,-6.9601597937161,9.7479590181331e-08,"(both,('add', 0.5),False,all-uni)","(rank,('add', 0.1),False,all-sep)"
"num_iters","(both,('add', 0.5),False,all-uni) - (rank,('add', 0.1),False,all-uni)",-1761.37692307692,237.469680591121,Inf,-7.41727078038939,3.42893363035336e-09,"(both,('add', 0.5),False,all-uni)","(rank,('add', 0.1),False,all-uni)"
"num_iters","(both,('add', 0.5),False,all-uni) - rank,('add', 0.1),False,del",-1740.18461538461,237.469680591121,Inf,-7.32802861844453,6.69858259594618e-09,"(both,('add', 0.5),False,all-uni)","rank,('add', 0.1),False,del"
"num_iters","(both,('add', 0.5),False,all-uni) - rank,('add', 0.1),True,del",-1348.31923076923,237.469680591121,Inf,-5.67785844244592,0.000391170850031936,"(both,('add', 0.5),False,all-uni)","rank,('add', 0.1),True,del"
"num_iters","(both,('add', 0.5),False,all-uni) - score,('add', 0.1),False,add",-1797.90769230769,237.469680591121,Inf,-7.5711041840468,1.06134672048854e-09,"(both,('add', 0.5),False,all-uni)","score,('add', 0.1),False,add"
"num_iters","(both,('add', 0.5),False,all-uni) - (score,('add', 0.1),False,all-sep)",-2040.32307692308,237.469680591121,Inf,-8.59193085973842,2.45270923032745e-13,"(both,('add', 0.5),False,all-uni)","(score,('add', 0.1),False,all-sep)"
"num_iters","(both,('add', 0.5),False,all-uni) - (score,('add', 0.1),False,all-uni)",-1797.90769230769,237.469680591121,Inf,-7.5711041840468,1.06134672048854e-09,"(both,('add', 0.5),False,all-uni)","(score,('add', 0.1),False,all-uni)"
"num_iters","(both,('add', 0.5),False,all-uni) - score,('add', 0.1),False,del",-1804.22307692308,237.469680591121,Inf,-7.59769867223436,8.64539171450311e-10,"(both,('add', 0.5),False,all-uni)","score,('add', 0.1),False,del"
"num_iters","(both,('add', 0.5),False,all-uni) - score,('add', 0.1),True,add",-1621.48076923077,237.469680591121,Inf,-6.82815913675591,2.46679970914975e-07,"(both,('add', 0.5),False,all-uni)","score,('add', 0.1),True,add"
"num_iters","(both,('add', 0.5),False,all-uni) - (score,('add', 0.1),True,all-sep)",-1456.53461538461,237.469680591121,Inf,-6.13356034235166,2.46458143441507e-05,"(both,('add', 0.5),False,all-uni)","(score,('add', 0.1),True,all-sep)"
"num_iters","(both,('add', 0.5),False,all-uni) - (score,('add', 0.1),True,all-uni)",-1621.48076923077,237.469680591121,Inf,-6.82815913675591,2.46679970914972e-07,"(both,('add', 0.5),False,all-uni)","(score,('add', 0.1),True,all-uni)"
"num_iters","(both,('add', 0.5),False,all-uni) - score,('add', 0.1),True,del",-1476.53846153846,237.469680591121,Inf,-6.21779781681178,1.44599000186979e-05,"(both,('add', 0.5),False,all-uni)","score,('add', 0.1),True,del"
"num_iters","(both,('add', 0.5),False,all-uni) - score,('add', 0.2),False,add",-1259.41153846154,237.469680591121,Inf,-5.30346246866779,0.00325881013481612,"(both,('add', 0.5),False,all-uni)","score,('add', 0.2),False,add"
"num_iters","(both,('add', 0.5),False,all-uni) - (score,('add', 0.2),False,all-sep)",-1578.46923076923,237.469680591121,Inf,-6.64703479972698,8.57693595489543e-07,"(both,('add', 0.5),False,all-uni)","(score,('add', 0.2),False,all-sep)"
"num_iters","(both,('add', 0.5),False,all-uni) - (score,('add', 0.2),False,all-uni)",-1256.29230769231,237.469680591121,Inf,-5.29032718857028,0.00350176314707673,"(both,('add', 0.5),False,all-uni)","(score,('add', 0.2),False,all-uni)"
"num_iters","(both,('add', 0.5),False,all-uni) - score,('add', 0.2),False,del",-1239.95,237.469680591121,Inf,-5.22150868655509,0.00508987697349534,"(both,('add', 0.5),False,all-uni)","score,('add', 0.2),False,del"
"num_iters","(both,('add', 0.5),False,all-uni) - score,('add', 0.2),True,add",-1201.17307692308,237.469680591121,Inf,-5.0582165855155,0.0121372504898877,"(both,('add', 0.5),False,all-uni)","score,('add', 0.2),True,add"
"num_iters","(both,('add', 0.5),False,all-uni) - (score,('add', 0.2),True,all-uni)",-1201.17307692308,237.469680591121,Inf,-5.0582165855155,0.0121372504898877,"(both,('add', 0.5),False,all-uni)","(score,('add', 0.2),True,all-uni)"
"num_iters","(both,('add', 0.5),False,all-uni) - (score,('add', 0.3),False,all-sep)",-1227.4,237.469680591121,Inf,-5.16865983457213,0.00676213010436873,"(both,('add', 0.5),False,all-uni)","(score,('add', 0.3),False,all-sep)"
"num_iters","both,('add', 0.5),False,del - rank,('add', 0.1),False,add",-1713.04615384615,237.469680591121,Inf,-7.2137468226763,1.56113615712644e-08,"both,('add', 0.5),False,del","rank,('add', 0.1),False,add"
"num_iters","both,('add', 0.5),False,del - (rank,('add', 0.1),False,all-sep)",-1652.82692307692,237.469680591121,Inf,-6.9601597937161,9.7479590181331e-08,"both,('add', 0.5),False,del","(rank,('add', 0.1),False,all-sep)"
"num_iters","both,('add', 0.5),False,del - (rank,('add', 0.1),False,all-uni)",-1761.37692307692,237.469680591121,Inf,-7.41727078038939,3.42893363035339e-09,"both,('add', 0.5),False,del","(rank,('add', 0.1),False,all-uni)"
"num_iters","both,('add', 0.5),False,del - rank,('add', 0.1),False,del",-1740.18461538461,237.469680591121,Inf,-7.32802861844453,6.69858259594622e-09,"both,('add', 0.5),False,del","rank,('add', 0.1),False,del"
"num_iters","both,('add', 0.5),False,del - rank,('add', 0.1),True,del",-1348.31923076923,237.469680591121,Inf,-5.67785844244592,0.000391170850031938,"both,('add', 0.5),False,del","rank,('add', 0.1),True,del"
"num_iters","both,('add', 0.5),False,del - score,('add', 0.1),False,add",-1797.90769230769,237.469680591121,Inf,-7.5711041840468,1.06134672048855e-09,"both,('add', 0.5),False,del","score,('add', 0.1),False,add"
"num_iters","both,('add', 0.5),False,del - (score,('add', 0.1),False,all-sep)",-2040.32307692308,237.469680591121,Inf,-8.59193085973842,2.45270923032745e-13,"both,('add', 0.5),False,del","(score,('add', 0.1),False,all-sep)"
"num_iters","both,('add', 0.5),False,del - (score,('add', 0.1),False,all-uni)",-1797.90769230769,237.469680591121,Inf,-7.5711041840468,1.06134672048855e-09,"both,('add', 0.5),False,del","(score,('add', 0.1),False,all-uni)"
"num_iters","both,('add', 0.5),False,del - score,('add', 0.1),False,del",-1804.22307692308,237.469680591121,Inf,-7.59769867223436,8.64539171450316e-10,"both,('add', 0.5),False,del","score,('add', 0.1),False,del"
"num_iters","both,('add', 0.5),False,del - score,('add', 0.1),True,add",-1621.48076923077,237.469680591121,Inf,-6.82815913675591,2.46679970914976e-07,"both,('add', 0.5),False,del","score,('add', 0.1),True,add"
"num_iters","both,('add', 0.5),False,del - (score,('add', 0.1),True,all-sep)",-1456.53461538461,237.469680591121,Inf,-6.13356034235166,2.4645814344151e-05,"both,('add', 0.5),False,del","(score,('add', 0.1),True,all-sep)"
"num_iters","both,('add', 0.5),False,del - (score,('add', 0.1),True,all-uni)",-1621.48076923077,237.469680591121,Inf,-6.82815913675591,2.46679970914973e-07,"both,('add', 0.5),False,del","(score,('add', 0.1),True,all-uni)"
"num_iters","both,('add', 0.5),False,del - score,('add', 0.1),True,del",-1476.53846153846,237.469680591121,Inf,-6.21779781681178,1.44599000186979e-05,"both,('add', 0.5),False,del","score,('add', 0.1),True,del"
"num_iters","both,('add', 0.5),False,del - score,('add', 0.2),False,add",-1259.41153846154,237.469680591121,Inf,-5.30346246866779,0.00325881013481614,"both,('add', 0.5),False,del","score,('add', 0.2),False,add"
"num_iters","both,('add', 0.5),False,del - (score,('add', 0.2),False,all-sep)",-1578.46923076923,237.469680591121,Inf,-6.64703479972698,8.57693595489543e-07,"both,('add', 0.5),False,del","(score,('add', 0.2),False,all-sep)"
"num_iters","both,('add', 0.5),False,del - (score,('add', 0.2),False,all-uni)",-1256.29230769231,237.469680591121,Inf,-5.29032718857028,0.00350176314707673,"both,('add', 0.5),False,del","(score,('add', 0.2),False,all-uni)"
"num_iters","both,('add', 0.5),False,del - score,('add', 0.2),False,del",-1239.95,237.469680591121,Inf,-5.22150868655509,0.00508987697349534,"both,('add', 0.5),False,del","score,('add', 0.2),False,del"
"num_iters","both,('add', 0.5),False,del - score,('add', 0.2),True,add",-1201.17307692308,237.469680591121,Inf,-5.0582165855155,0.0121372504898877,"both,('add', 0.5),False,del","score,('add', 0.2),True,add"
"num_iters","both,('add', 0.5),False,del - (score,('add', 0.2),True,all-uni)",-1201.17307692308,237.469680591121,Inf,-5.0582165855155,0.0121372504898877,"both,('add', 0.5),False,del","(score,('add', 0.2),True,all-uni)"
"num_iters","both,('add', 0.5),False,del - (score,('add', 0.3),False,all-sep)",-1227.4,237.469680591121,Inf,-5.16865983457213,0.00676213010436876,"both,('add', 0.5),False,del","(score,('add', 0.3),False,all-sep)"
"num_iters","both,('add', 0.5),True,add - rank,('add', 0.1),False,add",-1467.32692307692,237.469680591121,Inf,-6.17900743970507,1.85002796460034e-05,"both,('add', 0.5),True,add","rank,('add', 0.1),False,add"
"num_iters","both,('add', 0.5),True,add - (rank,('add', 0.1),False,all-sep)",-1407.10769230769,237.469680591121,Inf,-5.92542041074487,8.93380352889191e-05,"both,('add', 0.5),True,add","(rank,('add', 0.1),False,all-sep)"
"num_iters","both,('add', 0.5),True,add - (rank,('add', 0.1),False,all-uni)",-1515.65769230769,237.469680591121,Inf,-6.38253139741817,4.99560568864527e-06,"both,('add', 0.5),True,add","(rank,('add', 0.1),False,all-uni)"
"num_iters","both,('add', 0.5),True,add - rank,('add', 0.1),False,del",-1494.46538461538,237.469680591121,Inf,-6.2932892354733,8.91398561608742e-06,"both,('add', 0.5),True,add","rank,('add', 0.1),False,del"
"num_iters","both,('add', 0.5),True,add - (rank,mul,False,all-sep)",1142.04615384615,237.469680591121,Inf,4.80922933404937,0.0434540142241679,"both,('add', 0.5),True,add","(rank,mul,False,all-sep)"
"num_iters","both,('add', 0.5),True,add - score,('add', 0.1),False,add",-1552.18846153846,237.469680591121,Inf,-6.53636480107557,1.8077595906285e-06,"both,('add', 0.5),True,add","score,('add', 0.1),False,add"
"num_iters","both,('add', 0.5),True,add - (score,('add', 0.1),False,all-sep)",-1794.60384615385,237.469680591121,Inf,-7.55719147676719,1.18123011301403e-09,"both,('add', 0.5),True,add","(score,('add', 0.1),False,all-sep)"
"num_iters","both,('add', 0.5),True,add - (score,('add', 0.1),False,all-uni)",-1552.18846153846,237.469680591121,Inf,-6.53636480107557,1.8077595906285e-06,"both,('add', 0.5),True,add","(score,('add', 0.1),False,all-uni)"
"num_iters","both,('add', 0.5),True,add - score,('add', 0.1),False,del",-1558.50384615385,237.469680591121,Inf,-6.56295928926313,1.51287726085387e-06,"both,('add', 0.5),True,add","score,('add', 0.1),False,del"
"num_iters","both,('add', 0.5),True,add - score,('add', 0.1),True,add",-1375.76153846154,237.469680591121,Inf,-5.79341975378468,0.000197798635311817,"both,('add', 0.5),True,add","score,('add', 0.1),True,add"
"num_iters","both,('add', 0.5),True,add - (score,('add', 0.1),True,all-sep)",-1210.81538461538,237.469680591121,Inf,-5.09882095938044,0.00980212501087428,"both,('add', 0.5),True,add","(score,('add', 0.1),True,all-sep)"
"num_iters","both,('add', 0.5),True,add - (score,('add', 0.1),True,all-uni)",-1375.76153846154,237.469680591121,Inf,-5.79341975378468,0.000197798635311816,"both,('add', 0.5),True,add","(score,('add', 0.1),True,all-uni)"
"num_iters","both,('add', 0.5),True,add - score,('add', 0.1),True,del",-1230.81923076923,237.469680591121,Inf,-5.18305843384055,0.0062601733209848,"both,('add', 0.5),True,add","score,('add', 0.1),True,del"
"num_iters","both,('add', 0.5),True,add - (score,('add', 0.2),False,all-sep)",-1332.75,237.469680591121,Inf,-5.61229541675575,0.000572625444475611,"both,('add', 0.5),True,add","(score,('add', 0.2),False,all-sep)"
"num_iters","(both,('add', 0.5),True,all-sep) - rank,('add', 0.1),False,add",-1743.20384615385,237.469680591121,Inf,-7.34074279215174,6.09196663342883e-09,"(both,('add', 0.5),True,all-sep)","rank,('add', 0.1),False,add"
"num_iters","(both,('add', 0.5),True,all-sep) - (rank,('add', 0.1),False,all-sep)",-1682.98461538462,237.469680591121,Inf,-7.08715576319154,3.92618520370118e-08,"(both,('add', 0.5),True,all-sep)","(rank,('add', 0.1),False,all-sep)"
"num_iters","(both,('add', 0.5),True,all-sep) - (rank,('add', 0.1),False,all-uni)",-1791.53461538461,237.469680591121,Inf,-7.54426674986483,1.30447913020453e-09,"(both,('add', 0.5),True,all-sep)","(rank,('add', 0.1),False,all-uni)"
"num_iters","(both,('add', 0.5),True,all-sep) - rank,('add', 0.1),False,del",-1770.34230769231,237.469680591121,Inf,-7.45502458791997,2.57692875706695e-09,"(both,('add', 0.5),True,all-sep)","rank,('add', 0.1),False,del"
"num_iters","(both,('add', 0.5),True,all-sep) - (rank,('add', 0.1),True,all-sep)",-1138.08846153846,237.469680591121,Inf,-4.79256323883317,0.0472255902295727,"(both,('add', 0.5),True,all-sep)","(rank,('add', 0.1),True,all-sep)"
"num_iters","(both,('add', 0.5),True,all-sep) - rank,('add', 0.1),True,del",-1378.47692307692,237.469680591121,Inf,-5.80485441192136,0.000184762169945649,"(both,('add', 0.5),True,all-sep)","rank,('add', 0.1),True,del"
"num_iters","(both,('add', 0.5),True,all-sep) - rank,('add', 0.2),False,add",-1139.56538461538,237.469680591121,Inf,-4.79878265628995,0.045782717419887,"(both,('add', 0.5),True,all-sep)","rank,('add', 0.2),False,add"
"num_iters","(both,('add', 0.5),True,all-sep) - score,('add', 0.1),False,add",-1828.06538461538,237.469680591121,Inf,-7.69810015352224,3.96082593372998e-10,"(both,('add', 0.5),True,all-sep)","score,('add', 0.1),False,add"
"num_iters","(both,('add', 0.5),True,all-sep) - (score,('add', 0.1),False,all-sep)",-2070.48076923077,237.469680591121,Inf,-8.71892682921386,8.05480621602152e-14,"(both,('add', 0.5),True,all-sep)","(score,('add', 0.1),False,all-sep)"
"num_iters","(both,('add', 0.5),True,all-sep) - (score,('add', 0.1),False,all-uni)",-1828.06538461538,237.469680591121,Inf,-7.69810015352224,3.96082593372998e-10,"(both,('add', 0.5),True,all-sep)","(score,('add', 0.1),False,all-uni)"
"num_iters","(both,('add', 0.5),True,all-sep) - score,('add', 0.1),False,del",-1834.38076923077,237.469680591121,Inf,-7.7246946417098,3.21565305817123e-10,"(both,('add', 0.5),True,all-sep)","score,('add', 0.1),False,del"
"num_iters","(both,('add', 0.5),True,all-sep) - score,('add', 0.1),True,add",-1651.63846153846,237.469680591121,Inf,-6.95515510623134,1.01003603019424e-07,"(both,('add', 0.5),True,all-sep)","score,('add', 0.1),True,add"
"num_iters","(both,('add', 0.5),True,all-sep) - (score,('add', 0.1),True,all-sep)",-1486.69230769231,237.469680591121,Inf,-6.2605563118271,1.10018349271553e-05,"(both,('add', 0.5),True,all-sep)","(score,('add', 0.1),True,all-sep)"
"num_iters","(both,('add', 0.5),True,all-sep) - (score,('add', 0.1),True,all-uni)",-1651.63846153846,237.469680591121,Inf,-6.95515510623135,1.01003603019423e-07,"(both,('add', 0.5),True,all-sep)","(score,('add', 0.1),True,all-uni)"
"num_iters","(both,('add', 0.5),True,all-sep) - score,('add', 0.1),True,del",-1506.69615384615,237.469680591121,Inf,-6.34479378628722,6.38771216957247e-06,"(both,('add', 0.5),True,all-sep)","score,('add', 0.1),True,del"
"num_iters","(both,('add', 0.5),True,all-sep) - score,('add', 0.2),False,add",-1289.56923076923,237.469680591121,Inf,-5.43045843814323,0.00161208758445997,"(both,('add', 0.5),True,all-sep)","score,('add', 0.2),False,add"
"num_iters","(both,('add', 0.5),True,all-sep) - (score,('add', 0.2),False,all-sep)",-1608.62692307692,237.469680591121,Inf,-6.77403076920242,3.59196975021757e-07,"(both,('add', 0.5),True,all-sep)","(score,('add', 0.2),False,all-sep)"
"num_iters","(both,('add', 0.5),True,all-sep) - (score,('add', 0.2),False,all-uni)",-1286.45,237.469680591121,Inf,-5.41732315804572,0.00173508084533888,"(both,('add', 0.5),True,all-sep)","(score,('add', 0.2),False,all-uni)"
"num_iters","(both,('add', 0.5),True,all-sep) - score,('add', 0.2),False,del",-1270.10769230769,237.469680591121,Inf,-5.34850465603053,0.0025434541114252,"(both,('add', 0.5),True,all-sep)","score,('add', 0.2),False,del"
"num_iters","(both,('add', 0.5),True,all-sep) - score,('add', 0.2),True,add",-1231.33076923077,237.469680591121,Inf,-5.18521255499094,0.00618824452873167,"(both,('add', 0.5),True,all-sep)","score,('add', 0.2),True,add"
"num_iters","(both,('add', 0.5),True,all-sep) - (score,('add', 0.2),True,all-uni)",-1231.33076923077,237.469680591121,Inf,-5.18521255499094,0.00618824452873167,"(both,('add', 0.5),True,all-sep)","(score,('add', 0.2),True,all-uni)"
"num_iters","(both,('add', 0.5),True,all-sep) - (score,('add', 0.3),False,all-sep)",-1257.55769230769,237.469680591121,Inf,-5.29565580404757,0.00340116205261664,"(both,('add', 0.5),True,all-sep)","(score,('add', 0.3),False,all-sep)"
"num_iters","(both,('add', 0.5),True,all-uni) - rank,('add', 0.1),False,add",-1467.32692307692,237.469680591121,Inf,-6.17900743970507,1.85002796460034e-05,"(both,('add', 0.5),True,all-uni)","rank,('add', 0.1),False,add"
"num_iters","(both,('add', 0.5),True,all-uni) - (rank,('add', 0.1),False,all-sep)",-1407.10769230769,237.469680591121,Inf,-5.92542041074487,8.93380352889186e-05,"(both,('add', 0.5),True,all-uni)","(rank,('add', 0.1),False,all-sep)"
"num_iters","(both,('add', 0.5),True,all-uni) - (rank,('add', 0.1),False,all-uni)",-1515.65769230769,237.469680591121,Inf,-6.38253139741817,4.99560568864524e-06,"(both,('add', 0.5),True,all-uni)","(rank,('add', 0.1),False,all-uni)"
"num_iters","(both,('add', 0.5),True,all-uni) - rank,('add', 0.1),False,del",-1494.46538461538,237.469680591121,Inf,-6.2932892354733,8.91398561608742e-06,"(both,('add', 0.5),True,all-uni)","rank,('add', 0.1),False,del"
"num_iters","(both,('add', 0.5),True,all-uni) - (rank,mul,False,all-sep)",1142.04615384615,237.469680591121,Inf,4.80922933404938,0.0434540142241677,"(both,('add', 0.5),True,all-uni)","(rank,mul,False,all-sep)"
"num_iters","(both,('add', 0.5),True,all-uni) - score,('add', 0.1),False,add",-1552.18846153846,237.469680591121,Inf,-6.53636480107557,1.80775959062849e-06,"(both,('add', 0.5),True,all-uni)","score,('add', 0.1),False,add"
"num_iters","(both,('add', 0.5),True,all-uni) - (score,('add', 0.1),False,all-sep)",-1794.60384615385,237.469680591121,Inf,-7.55719147676719,1.18123011301403e-09,"(both,('add', 0.5),True,all-uni)","(score,('add', 0.1),False,all-sep)"
"num_iters","(both,('add', 0.5),True,all-uni) - (score,('add', 0.1),False,all-uni)",-1552.18846153846,237.469680591121,Inf,-6.53636480107557,1.80775959062849e-06,"(both,('add', 0.5),True,all-uni)","(score,('add', 0.1),False,all-uni)"
"num_iters","(both,('add', 0.5),True,all-uni) - score,('add', 0.1),False,del",-1558.50384615385,237.469680591121,Inf,-6.56295928926313,1.51287726085386e-06,"(both,('add', 0.5),True,all-uni)","score,('add', 0.1),False,del"
"num_iters","(both,('add', 0.5),True,all-uni) - score,('add', 0.1),True,add",-1375.76153846154,237.469680591121,Inf,-5.79341975378468,0.000197798635311817,"(both,('add', 0.5),True,all-uni)","score,('add', 0.1),True,add"
"num_iters","(both,('add', 0.5),True,all-uni) - (score,('add', 0.1),True,all-sep)",-1210.81538461538,237.469680591121,Inf,-5.09882095938044,0.00980212501087428,"(both,('add', 0.5),True,all-uni)","(score,('add', 0.1),True,all-sep)"
"num_iters","(both,('add', 0.5),True,all-uni) - (score,('add', 0.1),True,all-uni)",-1375.76153846154,237.469680591121,Inf,-5.79341975378468,0.000197798635311815,"(both,('add', 0.5),True,all-uni)","(score,('add', 0.1),True,all-uni)"
"num_iters","(both,('add', 0.5),True,all-uni) - score,('add', 0.1),True,del",-1230.81923076923,237.469680591121,Inf,-5.18305843384055,0.0062601733209848,"(both,('add', 0.5),True,all-uni)","score,('add', 0.1),True,del"
"num_iters","(both,('add', 0.5),True,all-uni) - (score,('add', 0.2),False,all-sep)",-1332.75,237.469680591121,Inf,-5.61229541675575,0.000572625444475608,"(both,('add', 0.5),True,all-uni)","(score,('add', 0.2),False,all-sep)"
"num_iters","both,('add', 0.5),True,del - rank,('add', 0.1),False,add",-1544.21153846154,237.469680591121,Inf,-6.50277346824914,2.26148955857563e-06,"both,('add', 0.5),True,del","rank,('add', 0.1),False,add"
"num_iters","both,('add', 0.5),True,del - (rank,('add', 0.1),False,all-sep)",-1483.99230769231,237.469680591121,Inf,-6.24918643928894,1.1833258162608e-05,"both,('add', 0.5),True,del","(rank,('add', 0.1),False,all-sep)"
"num_iters","both,('add', 0.5),True,del - (rank,('add', 0.1),False,all-uni)",-1592.54230769231,237.469680591121,Inf,-6.70629742596223,5.72523471876829e-07,"both,('add', 0.5),True,del","(rank,('add', 0.1),False,all-uni)"
"num_iters","both,('add', 0.5),True,del - rank,('add', 0.1),False,del",-1571.35,237.469680591121,Inf,-6.61705526401737,1.05090558260434e-06,"both,('add', 0.5),True,del","rank,('add', 0.1),False,del"
"num_iters","both,('add', 0.5),True,del - rank,('add', 0.1),True,del",-1179.48461538462,237.469680591121,Inf,-4.96688508801876,0.0195129759406249,"both,('add', 0.5),True,del","rank,('add', 0.1),True,del"
"num_iters","both,('add', 0.5),True,del - score,('add', 0.1),False,add",-1629.07307692308,237.469680591121,Inf,-6.86013082961964,1.97311264239558e-07,"both,('add', 0.5),True,del","score,('add', 0.1),False,add"
"num_iters","both,('add', 0.5),True,del - (score,('add', 0.1),False,all-sep)",-1871.48846153846,237.469680591121,Inf,-7.88095750531126,9.31760979060388e-11,"both,('add', 0.5),True,del","(score,('add', 0.1),False,all-sep)"
"num_iters","both,('add', 0.5),True,del - (score,('add', 0.1),False,all-uni)",-1629.07307692308,237.469680591121,Inf,-6.86013082961964,1.97311264239557e-07,"both,('add', 0.5),True,del","(score,('add', 0.1),False,all-uni)"
"num_iters","both,('add', 0.5),True,del - score,('add', 0.1),False,del",-1635.38846153846,237.469680591121,Inf,-6.8867253178072,1.63737863566111e-07,"both,('add', 0.5),True,del","score,('add', 0.1),False,del"
"num_iters","both,('add', 0.5),True,del - score,('add', 0.1),True,add",-1452.64615384615,237.469680591121,Inf,-6.11718578232875,2.73154940878409e-05,"both,('add', 0.5),True,del","score,('add', 0.1),True,add"
"num_iters","both,('add', 0.5),True,del - (score,('add', 0.1),True,all-sep)",-1287.7,237.469680591121,Inf,-5.4225869879245,0.00168473810827801,"both,('add', 0.5),True,del","(score,('add', 0.1),True,all-sep)"
"num_iters","both,('add', 0.5),True,del - (score,('add', 0.1),True,all-uni)",-1452.64615384615,237.469680591121,Inf,-6.11718578232875,2.73154940878404e-05,"both,('add', 0.5),True,del","(score,('add', 0.1),True,all-uni)"
"num_iters","both,('add', 0.5),True,del - score,('add', 0.1),True,del",-1307.70384615385,237.469680591121,Inf,-5.50682446238462,0.00104786466067593,"both,('add', 0.5),True,del","score,('add', 0.1),True,del"
"num_iters","both,('add', 0.5),True,del - (score,('add', 0.2),False,all-sep)",-1409.63461538462,237.469680591121,Inf,-5.93606144529982,8.37313808778624e-05,"both,('add', 0.5),True,del","(score,('add', 0.2),False,all-sep)"
"num_iters","both,('add', 0.6),False,add - rank,('add', 0.1),False,add",-1623.43846153846,237.469680591121,Inf,-6.83640310416606,2.32899493533884e-07,"both,('add', 0.6),False,add","rank,('add', 0.1),False,add"
"num_iters","both,('add', 0.6),False,add - (rank,('add', 0.1),False,all-sep)",-1563.21923076923,237.469680591121,Inf,-6.58281607520586,1.3239263402868e-06,"both,('add', 0.6),False,add","(rank,('add', 0.1),False,all-sep)"
"num_iters","both,('add', 0.6),False,add - (rank,('add', 0.1),False,all-uni)",-1671.76923076923,237.469680591121,Inf,-7.03992706187915,5.51632521490198e-08,"both,('add', 0.6),False,add","(rank,('add', 0.1),False,all-uni)"
"num_iters","both,('add', 0.6),False,add - rank,('add', 0.1),False,del",-1650.57692307692,237.469680591121,Inf,-6.95068489993429,1.04256676359542e-07,"both,('add', 0.6),False,add","rank,('add', 0.1),False,del"
"num_iters","both,('add', 0.6),False,add - rank,('add', 0.1),True,del",-1258.71153846154,237.469680591121,Inf,-5.30051472393568,0.00331187037521101,"both,('add', 0.6),False,add","rank,('add', 0.1),True,del"
"num_iters","both,('add', 0.6),False,add - score,('add', 0.1),False,add",-1708.3,237.469680591121,Inf,-7.19376046553656,1.80772151633789e-08,"both,('add', 0.6),False,add","score,('add', 0.1),False,add"
"num_iters","both,('add', 0.6),False,add - (score,('add', 0.1),False,all-sep)",-1950.71538461538,237.469680591121,Inf,-8.21458714122818,6.10584148067104e-12,"both,('add', 0.6),False,add","(score,('add', 0.1),False,all-sep)"
"num_iters","both,('add', 0.6),False,add - (score,('add', 0.1),False,all-uni)",-1708.3,237.469680591121,Inf,-7.19376046553656,1.80772151633789e-08,"both,('add', 0.6),False,add","(score,('add', 0.1),False,all-uni)"
"num_iters","both,('add', 0.6),False,add - score,('add', 0.1),False,del",-1714.61538461538,237.469680591121,Inf,-7.22035495372412,1.4871167927498e-08,"both,('add', 0.6),False,add","score,('add', 0.1),False,del"
"num_iters","both,('add', 0.6),False,add - score,('add', 0.1),True,add",-1531.87307692308,237.469680591121,Inf,-6.45081541824567,3.19064802366694e-06,"both,('add', 0.6),False,add","score,('add', 0.1),True,add"
"num_iters","both,('add', 0.6),False,add - (score,('add', 0.1),True,all-sep)",-1366.92692307692,237.469680591121,Inf,-5.75621662384142,0.000246705328565795,"both,('add', 0.6),False,add","(score,('add', 0.1),True,all-sep)"
"num_iters","both,('add', 0.6),False,add - (score,('add', 0.1),True,all-uni)",-1531.87307692308,237.469680591121,Inf,-6.45081541824567,3.19064802366692e-06,"both,('add', 0.6),False,add","(score,('add', 0.1),True,all-uni)"
"num_iters","both,('add', 0.6),False,add - score,('add', 0.1),True,del",-1386.93076923077,237.469680591121,Inf,-5.84045409830154,0.000149304431175948,"both,('add', 0.6),False,add","score,('add', 0.1),True,del"
"num_iters","both,('add', 0.6),False,add - score,('add', 0.2),False,add",-1169.80384615385,237.469680591121,Inf,-4.92611875015756,0.0240565066293838,"both,('add', 0.6),False,add","score,('add', 0.2),False,add"
"num_iters","both,('add', 0.6),False,add - (score,('add', 0.2),False,all-sep)",-1488.86153846154,237.469680591121,Inf,-6.26969108121674,1.03754231352081e-05,"both,('add', 0.6),False,add","(score,('add', 0.2),False,all-sep)"
"num_iters","both,('add', 0.6),False,add - (score,('add', 0.2),False,all-uni)",-1166.68461538462,237.469680591121,Inf,-4.91298347006005,0.0257262015352291,"both,('add', 0.6),False,add","(score,('add', 0.2),False,all-uni)"
"num_iters","both,('add', 0.6),False,add - score,('add', 0.2),False,del",-1150.34230769231,237.469680591121,Inf,-4.84416496804485,0.03646526114233,"both,('add', 0.6),False,add","score,('add', 0.2),False,del"
"num_iters","both,('add', 0.6),False,add - (score,('add', 0.3),False,all-sep)",-1137.79230769231,237.469680591121,Inf,-4.79131611606189,0.0475201308204368,"both,('add', 0.6),False,add","(score,('add', 0.3),False,all-sep)"
"num_iters","(both,('add', 0.6),False,all-sep) - rank,('add', 0.1),False,add",-1592.64615384615,237.469680591121,Inf,-6.70673472875216,5.70811122277929e-07,"(both,('add', 0.6),False,all-sep)","rank,('add', 0.1),False,add"
"num_iters","(both,('add', 0.6),False,all-sep) - (rank,('add', 0.1),False,all-sep)",-1532.42692307692,237.469680591121,Inf,-6.45314769979196,3.1419081389862e-06,"(both,('add', 0.6),False,all-sep)","(rank,('add', 0.1),False,all-sep)"
"num_iters","(both,('add', 0.6),False,all-sep) - (rank,('add', 0.1),False,all-uni)",-1640.97692307692,237.469680591121,Inf,-6.91025868646526,1.38745439855848e-07,"(both,('add', 0.6),False,all-sep)","(rank,('add', 0.1),False,all-uni)"
"num_iters","(both,('add', 0.6),False,all-sep) - rank,('add', 0.1),False,del",-1619.78461538462,237.469680591121,Inf,-6.82101652452039,2.59263017723692e-07,"(both,('add', 0.6),False,all-sep)","rank,('add', 0.1),False,del"
"num_iters","(both,('add', 0.6),False,all-sep) - rank,('add', 0.1),True,del",-1227.91923076923,237.469680591121,Inf,-5.17084634852178,0.00668347604008444,"(both,('add', 0.6),False,all-sep)","rank,('add', 0.1),True,del"
"num_iters","(both,('add', 0.6),False,all-sep) - score,('add', 0.1),False,add",-1677.50769230769,237.469680591121,Inf,-7.06409209012266,4.63668146709685e-08,"(both,('add', 0.6),False,all-sep)","score,('add', 0.1),False,add"
"num_iters","(both,('add', 0.6),False,all-sep) - (score,('add', 0.1),False,all-sep)",-1919.92307692308,237.469680591121,Inf,-8.08491876581428,1.78405791869493e-11,"(both,('add', 0.6),False,all-sep)","(score,('add', 0.1),False,all-sep)"
"num_iters","(both,('add', 0.6),False,all-sep) - (score,('add', 0.1),False,all-uni)",-1677.50769230769,237.469680591121,Inf,-7.06409209012266,4.63668146709685e-08,"(both,('add', 0.6),False,all-sep)","(score,('add', 0.1),False,all-uni)"
"num_iters","(both,('add', 0.6),False,all-sep) - score,('add', 0.1),False,del",-1683.82307692308,237.469680591121,Inf,-7.09068657831022,3.82729626951179e-08,"(both,('add', 0.6),False,all-sep)","score,('add', 0.1),False,del"
"num_iters","(both,('add', 0.6),False,all-sep) - score,('add', 0.1),True,add",-1501.08076923077,237.469680591121,Inf,-6.32114704283177,7.44615461020864e-06,"(both,('add', 0.6),False,all-sep)","score,('add', 0.1),True,add"
"num_iters","(both,('add', 0.6),False,all-sep) - (score,('add', 0.1),True,all-sep)",-1336.13461538462,237.469680591121,Inf,-5.62654824842753,0.000527285756643628,"(both,('add', 0.6),False,all-sep)","(score,('add', 0.1),True,all-sep)"
"num_iters","(both,('add', 0.6),False,all-sep) - (score,('add', 0.1),True,all-uni)",-1501.08076923077,237.469680591121,Inf,-6.32114704283177,7.44615461020856e-06,"(both,('add', 0.6),False,all-sep)","(score,('add', 0.1),True,all-uni)"
"num_iters","(both,('add', 0.6),False,all-sep) - score,('add', 0.1),True,del",-1356.13846153846,237.469680591121,Inf,-5.71078572288764,0.000322523131238883,"(both,('add', 0.6),False,all-sep)","score,('add', 0.1),True,del"
"num_iters","(both,('add', 0.6),False,all-sep) - score,('add', 0.2),False,add",-1139.01153846154,237.469680591121,Inf,-4.79645037474366,0.0463187575828018,"(both,('add', 0.6),False,all-sep)","score,('add', 0.2),False,add"
"num_iters","(both,('add', 0.6),False,all-sep) - (score,('add', 0.2),False,all-sep)",-1458.06923076923,237.469680591121,Inf,-6.14002270580284,2.36637780212889e-05,"(both,('add', 0.6),False,all-sep)","(score,('add', 0.2),False,all-sep)"
"num_iters","(both,('add', 0.6),False,all-sep) - (score,('add', 0.2),False,all-uni)",-1135.89230769231,237.469680591121,Inf,-4.78331509464615,0.0494522091206446,"(both,('add', 0.6),False,all-sep)","(score,('add', 0.2),False,all-uni)"
"num_iters","(both,('add', 0.6),False,all-uni) - rank,('add', 0.1),False,add",-1623.43846153846,237.469680591121,Inf,-6.83640310416606,2.32899493533884e-07,"(both,('add', 0.6),False,all-uni)","rank,('add', 0.1),False,add"
"num_iters","(both,('add', 0.6),False,all-uni) - (rank,('add', 0.1),False,all-sep)",-1563.21923076923,237.469680591121,Inf,-6.58281607520586,1.3239263402868e-06,"(both,('add', 0.6),False,all-uni)","(rank,('add', 0.1),False,all-sep)"
"num_iters","(both,('add', 0.6),False,all-uni) - (rank,('add', 0.1),False,all-uni)",-1671.76923076923,237.469680591121,Inf,-7.03992706187915,5.51632521490198e-08,"(both,('add', 0.6),False,all-uni)","(rank,('add', 0.1),False,all-uni)"
"num_iters","(both,('add', 0.6),False,all-uni) - rank,('add', 0.1),False,del",-1650.57692307692,237.469680591121,Inf,-6.95068489993429,1.04256676359542e-07,"(both,('add', 0.6),False,all-uni)","rank,('add', 0.1),False,del"
"num_iters","(both,('add', 0.6),False,all-uni) - rank,('add', 0.1),True,del",-1258.71153846154,237.469680591121,Inf,-5.30051472393568,0.00331187037521103,"(both,('add', 0.6),False,all-uni)","rank,('add', 0.1),True,del"
"num_iters","(both,('add', 0.6),False,all-uni) - score,('add', 0.1),False,add",-1708.3,237.469680591121,Inf,-7.19376046553656,1.80772151633789e-08,"(both,('add', 0.6),False,all-uni)","score,('add', 0.1),False,add"
"num_iters","(both,('add', 0.6),False,all-uni) - (score,('add', 0.1),False,all-sep)",-1950.71538461538,237.469680591121,Inf,-8.21458714122818,6.10584148067104e-12,"(both,('add', 0.6),False,all-uni)","(score,('add', 0.1),False,all-sep)"
"num_iters","(both,('add', 0.6),False,all-uni) - (score,('add', 0.1),False,all-uni)",-1708.3,237.469680591121,Inf,-7.19376046553656,1.80772151633789e-08,"(both,('add', 0.6),False,all-uni)","(score,('add', 0.1),False,all-uni)"
"num_iters","(both,('add', 0.6),False,all-uni) - score,('add', 0.1),False,del",-1714.61538461538,237.469680591121,Inf,-7.22035495372412,1.4871167927498e-08,"(both,('add', 0.6),False,all-uni)","score,('add', 0.1),False,del"
"num_iters","(both,('add', 0.6),False,all-uni) - score,('add', 0.1),True,add",-1531.87307692308,237.469680591121,Inf,-6.45081541824567,3.19064802366694e-06,"(both,('add', 0.6),False,all-uni)","score,('add', 0.1),True,add"
"num_iters","(both,('add', 0.6),False,all-uni) - (score,('add', 0.1),True,all-sep)",-1366.92692307692,237.469680591121,Inf,-5.75621662384142,0.000246705328565795,"(both,('add', 0.6),False,all-uni)","(score,('add', 0.1),True,all-sep)"
"num_iters","(both,('add', 0.6),False,all-uni) - (score,('add', 0.1),True,all-uni)",-1531.87307692308,237.469680591121,Inf,-6.45081541824567,3.19064802366692e-06,"(both,('add', 0.6),False,all-uni)","(score,('add', 0.1),True,all-uni)"
"num_iters","(both,('add', 0.6),False,all-uni) - score,('add', 0.1),True,del",-1386.93076923077,237.469680591121,Inf,-5.84045409830154,0.000149304431175948,"(both,('add', 0.6),False,all-uni)","score,('add', 0.1),True,del"
"num_iters","(both,('add', 0.6),False,all-uni) - score,('add', 0.2),False,add",-1169.80384615385,237.469680591121,Inf,-4.92611875015756,0.0240565066293838,"(both,('add', 0.6),False,all-uni)","score,('add', 0.2),False,add"
"num_iters","(both,('add', 0.6),False,all-uni) - (score,('add', 0.2),False,all-sep)",-1488.86153846154,237.469680591121,Inf,-6.26969108121674,1.03754231352081e-05,"(both,('add', 0.6),False,all-uni)","(score,('add', 0.2),False,all-sep)"
"num_iters","(both,('add', 0.6),False,all-uni) - (score,('add', 0.2),False,all-uni)",-1166.68461538462,237.469680591121,Inf,-4.91298347006005,0.0257262015352291,"(both,('add', 0.6),False,all-uni)","(score,('add', 0.2),False,all-uni)"
"num_iters","(both,('add', 0.6),False,all-uni) - score,('add', 0.2),False,del",-1150.34230769231,237.469680591121,Inf,-4.84416496804485,0.03646526114233,"(both,('add', 0.6),False,all-uni)","score,('add', 0.2),False,del"
"num_iters","(both,('add', 0.6),False,all-uni) - (score,('add', 0.3),False,all-sep)",-1137.79230769231,237.469680591121,Inf,-4.79131611606189,0.047520130820437,"(both,('add', 0.6),False,all-uni)","(score,('add', 0.3),False,all-sep)"
"num_iters","both,('add', 0.6),False,del - rank,('add', 0.1),False,add",-1623.43846153846,237.469680591121,Inf,-6.83640310416606,2.32899493533885e-07,"both,('add', 0.6),False,del","rank,('add', 0.1),False,add"
"num_iters","both,('add', 0.6),False,del - (rank,('add', 0.1),False,all-sep)",-1563.21923076923,237.469680591121,Inf,-6.58281607520586,1.3239263402868e-06,"both,('add', 0.6),False,del","(rank,('add', 0.1),False,all-sep)"
"num_iters","both,('add', 0.6),False,del - (rank,('add', 0.1),False,all-uni)",-1671.76923076923,237.469680591121,Inf,-7.03992706187915,5.51632521490198e-08,"both,('add', 0.6),False,del","(rank,('add', 0.1),False,all-uni)"
"num_iters","both,('add', 0.6),False,del - rank,('add', 0.1),False,del",-1650.57692307692,237.469680591121,Inf,-6.95068489993429,1.04256676359542e-07,"both,('add', 0.6),False,del","rank,('add', 0.1),False,del"
"num_iters","both,('add', 0.6),False,del - rank,('add', 0.1),True,del",-1258.71153846154,237.469680591121,Inf,-5.30051472393568,0.00331187037521103,"both,('add', 0.6),False,del","rank,('add', 0.1),True,del"
"num_iters","both,('add', 0.6),False,del - score,('add', 0.1),False,add",-1708.3,237.469680591121,Inf,-7.19376046553656,1.80772151633789e-08,"both,('add', 0.6),False,del","score,('add', 0.1),False,add"
"num_iters","both,('add', 0.6),False,del - (score,('add', 0.1),False,all-sep)",-1950.71538461538,237.469680591121,Inf,-8.21458714122818,6.10584148067104e-12,"both,('add', 0.6),False,del","(score,('add', 0.1),False,all-sep)"
"num_iters","both,('add', 0.6),False,del - (score,('add', 0.1),False,all-uni)",-1708.3,237.469680591121,Inf,-7.19376046553656,1.80772151633789e-08,"both,('add', 0.6),False,del","(score,('add', 0.1),False,all-uni)"
"num_iters","both,('add', 0.6),False,del - score,('add', 0.1),False,del",-1714.61538461538,237.469680591121,Inf,-7.22035495372412,1.48711679274981e-08,"both,('add', 0.6),False,del","score,('add', 0.1),False,del"
"num_iters","both,('add', 0.6),False,del - score,('add', 0.1),True,add",-1531.87307692308,237.469680591121,Inf,-6.45081541824567,3.19064802366695e-06,"both,('add', 0.6),False,del","score,('add', 0.1),True,add"
"num_iters","both,('add', 0.6),False,del - (score,('add', 0.1),True,all-sep)",-1366.92692307692,237.469680591121,Inf,-5.75621662384142,0.000246705328565795,"both,('add', 0.6),False,del","(score,('add', 0.1),True,all-sep)"
"num_iters","both,('add', 0.6),False,del - (score,('add', 0.1),True,all-uni)",-1531.87307692308,237.469680591121,Inf,-6.45081541824567,3.19064802366692e-06,"both,('add', 0.6),False,del","(score,('add', 0.1),True,all-uni)"
"num_iters","both,('add', 0.6),False,del - score,('add', 0.1),True,del",-1386.93076923077,237.469680591121,Inf,-5.84045409830154,0.000149304431175948,"both,('add', 0.6),False,del","score,('add', 0.1),True,del"
"num_iters","both,('add', 0.6),False,del - score,('add', 0.2),False,add",-1169.80384615385,237.469680591121,Inf,-4.92611875015756,0.0240565066293838,"both,('add', 0.6),False,del","score,('add', 0.2),False,add"
"num_iters","both,('add', 0.6),False,del - (score,('add', 0.2),False,all-sep)",-1488.86153846154,237.469680591121,Inf,-6.26969108121674,1.03754231352081e-05,"both,('add', 0.6),False,del","(score,('add', 0.2),False,all-sep)"
"num_iters","both,('add', 0.6),False,del - (score,('add', 0.2),False,all-uni)",-1166.68461538462,237.469680591121,Inf,-4.91298347006005,0.0257262015352291,"both,('add', 0.6),False,del","(score,('add', 0.2),False,all-uni)"
"num_iters","both,('add', 0.6),False,del - score,('add', 0.2),False,del",-1150.34230769231,237.469680591121,Inf,-4.84416496804485,0.0364652611423301,"both,('add', 0.6),False,del","score,('add', 0.2),False,del"
"num_iters","both,('add', 0.6),False,del - (score,('add', 0.3),False,all-sep)",-1137.79230769231,237.469680591121,Inf,-4.79131611606189,0.0475201308204368,"both,('add', 0.6),False,del","(score,('add', 0.3),False,all-sep)"
"num_iters","both,('add', 0.6),True,add - rank,('add', 0.1),False,add",-1533.25384615385,237.469680591121,Inf,-6.45662992571177,3.07048856516034e-06,"both,('add', 0.6),True,add","rank,('add', 0.1),False,add"
"num_iters","both,('add', 0.6),True,add - (rank,('add', 0.1),False,all-sep)",-1473.03461538461,237.469680591121,Inf,-6.20304289675156,1.58834818011034e-05,"both,('add', 0.6),True,add","(rank,('add', 0.1),False,all-sep)"
"num_iters","both,('add', 0.6),True,add - (rank,('add', 0.1),False,all-uni)",-1581.58461538462,237.469680591121,Inf,-6.66015388342486,7.84515664167684e-07,"both,('add', 0.6),True,add","(rank,('add', 0.1),False,all-uni)"
"num_iters","both,('add', 0.6),True,add - rank,('add', 0.1),False,del",-1560.39230769231,237.469680591121,Inf,-6.57091172148,1.43423239468627e-06,"both,('add', 0.6),True,add","rank,('add', 0.1),False,del"
"num_iters","both,('add', 0.6),True,add - rank,('add', 0.1),True,del",-1168.52692307692,237.469680591121,Inf,-4.92074154548139,0.0247270133136563,"both,('add', 0.6),True,add","rank,('add', 0.1),True,del"
"num_iters","both,('add', 0.6),True,add - score,('add', 0.1),False,add",-1618.11538461538,237.469680591121,Inf,-6.81398728708227,2.72259519622048e-07,"both,('add', 0.6),True,add","score,('add', 0.1),False,add"
"num_iters","both,('add', 0.6),True,add - (score,('add', 0.1),False,all-sep)",-1860.53076923077,237.469680591121,Inf,-7.83481396277389,1.34663325497204e-10,"both,('add', 0.6),True,add","(score,('add', 0.1),False,all-sep)"
"num_iters","both,('add', 0.6),True,add - (score,('add', 0.1),False,all-uni)",-1618.11538461538,237.469680591121,Inf,-6.81398728708227,2.72259519622045e-07,"both,('add', 0.6),True,add","(score,('add', 0.1),False,all-uni)"
"num_iters","both,('add', 0.6),True,add - score,('add', 0.1),False,del",-1624.43076923077,237.469680591121,Inf,-6.84058177526983,2.26205493214779e-07,"both,('add', 0.6),True,add","score,('add', 0.1),False,del"
"num_iters","both,('add', 0.6),True,add - score,('add', 0.1),True,add",-1441.68846153846,237.469680591121,Inf,-6.07104223979138,3.64473336804949e-05,"both,('add', 0.6),True,add","score,('add', 0.1),True,add"
"num_iters","both,('add', 0.6),True,add - (score,('add', 0.1),True,all-sep)",-1276.74230769231,237.469680591121,Inf,-5.37644344538713,0.00217886397343467,"both,('add', 0.6),True,add","(score,('add', 0.1),True,all-sep)"
"num_iters","both,('add', 0.6),True,add - (score,('add', 0.1),True,all-uni)",-1441.68846153846,237.469680591121,Inf,-6.07104223979138,3.64473336804947e-05,"both,('add', 0.6),True,add","(score,('add', 0.1),True,all-uni)"
"num_iters","both,('add', 0.6),True,add - score,('add', 0.1),True,del",-1296.74615384615,237.469680591121,Inf,-5.46068091984725,0.00136032639601977,"both,('add', 0.6),True,add","score,('add', 0.1),True,del"
"num_iters","both,('add', 0.6),True,add - (score,('add', 0.2),False,all-sep)",-1398.67692307692,237.469680591121,Inf,-5.88991790276245,0.000110815941015685,"both,('add', 0.6),True,add","(score,('add', 0.2),False,all-sep)"
"num_iters","(both,('add', 0.6),True,all-sep) - rank,('add', 0.1),False,add",-1774.69615384615,237.469680591121,Inf,-7.47335891229775,2.24200875823436e-09,"(both,('add', 0.6),True,all-sep)","rank,('add', 0.1),False,add"
"num_iters","(both,('add', 0.6),True,all-sep) - (rank,('add', 0.1),False,all-sep)",-1714.47692307692,237.469680591121,Inf,-7.21977188333755,1.49350683038614e-08,"(both,('add', 0.6),True,all-sep)","(rank,('add', 0.1),False,all-sep)"
"num_iters","(both,('add', 0.6),True,all-sep) - (rank,('add', 0.1),False,all-uni)",-1823.02692307692,237.469680591121,Inf,-7.67688287001085,4.67502204860754e-10,"(both,('add', 0.6),True,all-sep)","(rank,('add', 0.1),False,all-uni)"
"num_iters","(both,('add', 0.6),True,all-sep) - rank,('add', 0.1),False,del",-1801.83461538462,237.469680591121,Inf,-7.58764070806598,9.34344951145968e-10,"(both,('add', 0.6),True,all-sep)","rank,('add', 0.1),False,del"
"num_iters","(both,('add', 0.6),True,all-sep) - (rank,('add', 0.1),True,all-sep)",-1169.58076923077,237.469680591121,Inf,-4.92517935897919,0.024172367198278,"(both,('add', 0.6),True,all-sep)","(rank,('add', 0.1),True,all-sep)"
"num_iters","(both,('add', 0.6),True,all-sep) - rank,('add', 0.1),True,del",-1409.96923076923,237.469680591121,Inf,-5.93747053206737,8.3015134691966e-05,"(both,('add', 0.6),True,all-sep)","rank,('add', 0.1),True,del"
"num_iters","(both,('add', 0.6),True,all-sep) - rank,('add', 0.2),False,add",-1171.05769230769,237.469680591121,Inf,-4.93139877643596,0.0234151755172247,"(both,('add', 0.6),True,all-sep)","rank,('add', 0.2),False,add"
"num_iters","(both,('add', 0.6),True,all-sep) - (rank,('add', 0.2),False,all-uni)",-1137.60384615385,237.469680591121,Inf,-4.79052249248017,0.0477084842040678,"(both,('add', 0.6),True,all-sep)","(rank,('add', 0.2),False,all-uni)"
"num_iters","(both,('add', 0.6),True,all-sep) - rank,('add', 0.2),False,del",-1137.60384615385,237.469680591121,Inf,-4.79052249248017,0.047708484204068,"(both,('add', 0.6),True,all-sep)","rank,('add', 0.2),False,del"
"num_iters","(both,('add', 0.6),True,all-sep) - score,('add', 0.1),False,add",-1859.55769230769,237.469680591121,Inf,-7.83071627366825,1.39126188487253e-10,"(both,('add', 0.6),True,all-sep)","score,('add', 0.1),False,add"
"num_iters","(both,('add', 0.6),True,all-sep) - (score,('add', 0.1),False,all-sep)",-2101.97307692308,237.469680591121,Inf,-8.85154294935987,2.47558715074659e-14,"(both,('add', 0.6),True,all-sep)","(score,('add', 0.1),False,all-sep)"
"num_iters","(both,('add', 0.6),True,all-sep) - (score,('add', 0.1),False,all-uni)",-1859.55769230769,237.469680591121,Inf,-7.83071627366825,1.39126188487253e-10,"(both,('add', 0.6),True,all-sep)","(score,('add', 0.1),False,all-uni)"
"num_iters","(both,('add', 0.6),True,all-sep) - score,('add', 0.1),False,del",-1865.87307692308,237.469680591121,Inf,-7.85731076185581,1.12559907688812e-10,"(both,('add', 0.6),True,all-sep)","score,('add', 0.1),False,del"
"num_iters","(both,('add', 0.6),True,all-sep) - score,('add', 0.1),True,add",-1683.13076923077,237.469680591121,Inf,-7.08777122637736,3.90876908880386e-08,"(both,('add', 0.6),True,all-sep)","score,('add', 0.1),True,add"
"num_iters","(both,('add', 0.6),True,all-sep) - (score,('add', 0.1),True,all-sep)",-1518.18461538461,237.469680591121,Inf,-6.39317243197311,4.65989358463462e-06,"(both,('add', 0.6),True,all-sep)","(score,('add', 0.1),True,all-sep)"
"num_iters","(both,('add', 0.6),True,all-sep) - (score,('add', 0.1),True,all-uni)",-1683.13076923077,237.469680591121,Inf,-7.08777122637736,3.90876908880381e-08,"(both,('add', 0.6),True,all-sep)","(score,('add', 0.1),True,all-uni)"
"num_iters","(both,('add', 0.6),True,all-sep) - score,('add', 0.1),True,del",-1538.18846153846,237.469680591121,Inf,-6.47740990643323,2.67614378168705e-06,"(both,('add', 0.6),True,all-sep)","score,('add', 0.1),True,del"
"num_iters","(both,('add', 0.6),True,all-sep) - score,('add', 0.2),False,add",-1321.06153846154,237.469680591121,Inf,-5.56307455828925,0.00076019945900846,"(both,('add', 0.6),True,all-sep)","score,('add', 0.2),False,add"
"num_iters","(both,('add', 0.6),True,all-sep) - (score,('add', 0.2),False,all-sep)",-1640.11923076923,237.469680591121,Inf,-6.90664688934843,1.42322514762888e-07,"(both,('add', 0.6),True,all-sep)","(score,('add', 0.2),False,all-sep)"
"num_iters","(both,('add', 0.6),True,all-sep) - (score,('add', 0.2),False,all-uni)",-1317.94230769231,237.469680591121,Inf,-5.54993927819174,0.000819585022640792,"(both,('add', 0.6),True,all-sep)","(score,('add', 0.2),False,all-uni)"
"num_iters","(both,('add', 0.6),True,all-sep) - score,('add', 0.2),False,del",-1301.6,237.469680591121,Inf,-5.48112077617654,0.00121213102567895,"(both,('add', 0.6),True,all-sep)","score,('add', 0.2),False,del"
"num_iters","(both,('add', 0.6),True,all-sep) - score,('add', 0.2),True,add",-1262.82307692308,237.469680591121,Inf,-5.31782867513696,0.0030117693065029,"(both,('add', 0.6),True,all-sep)","score,('add', 0.2),True,add"
"num_iters","(both,('add', 0.6),True,all-sep) - (score,('add', 0.2),True,all-uni)",-1262.82307692308,237.469680591121,Inf,-5.31782867513696,0.0030117693065029,"(both,('add', 0.6),True,all-sep)","(score,('add', 0.2),True,all-uni)"
"num_iters","(both,('add', 0.6),True,all-sep) - (score,('add', 0.3),False,all-sep)",-1289.05,237.469680591121,Inf,-5.42827192419359,0.00163195796544814,"(both,('add', 0.6),True,all-sep)","(score,('add', 0.3),False,all-sep)"
"num_iters","(both,('add', 0.6),True,all-uni) - rank,('add', 0.1),False,add",-1533.25384615385,237.469680591121,Inf,-6.45662992571177,3.07048856516031e-06,"(both,('add', 0.6),True,all-uni)","rank,('add', 0.1),False,add"
"num_iters","(both,('add', 0.6),True,all-uni) - (rank,('add', 0.1),False,all-sep)",-1473.03461538462,237.469680591121,Inf,-6.20304289675157,1.58834818011031e-05,"(both,('add', 0.6),True,all-uni)","(rank,('add', 0.1),False,all-sep)"
"num_iters","(both,('add', 0.6),True,all-uni) - (rank,('add', 0.1),False,all-uni)",-1581.58461538462,237.469680591121,Inf,-6.66015388342486,7.84515664167674e-07,"(both,('add', 0.6),True,all-uni)","(rank,('add', 0.1),False,all-uni)"
"num_iters","(both,('add', 0.6),True,all-uni) - rank,('add', 0.1),False,del",-1560.39230769231,237.469680591121,Inf,-6.57091172148,1.43423239468627e-06,"(both,('add', 0.6),True,all-uni)","rank,('add', 0.1),False,del"
"num_iters","(both,('add', 0.6),True,all-uni) - rank,('add', 0.1),True,del",-1168.52692307692,237.469680591121,Inf,-4.92074154548139,0.024727013313656,"(both,('add', 0.6),True,all-uni)","rank,('add', 0.1),True,del"
"num_iters","(both,('add', 0.6),True,all-uni) - score,('add', 0.1),False,add",-1618.11538461538,237.469680591121,Inf,-6.81398728708227,2.72259519622041e-07,"(both,('add', 0.6),True,all-uni)","score,('add', 0.1),False,add"
"num_iters","(both,('add', 0.6),True,all-uni) - (score,('add', 0.1),False,all-sep)",-1860.53076923077,237.469680591121,Inf,-7.83481396277389,1.34663325497202e-10,"(both,('add', 0.6),True,all-uni)","(score,('add', 0.1),False,all-sep)"
"num_iters","(both,('add', 0.6),True,all-uni) - (score,('add', 0.1),False,all-uni)",-1618.11538461538,237.469680591121,Inf,-6.81398728708227,2.72259519622041e-07,"(both,('add', 0.6),True,all-uni)","(score,('add', 0.1),False,all-uni)"
"num_iters","(both,('add', 0.6),True,all-uni) - score,('add', 0.1),False,del",-1624.43076923077,237.469680591121,Inf,-6.84058177526983,2.26205493214778e-07,"(both,('add', 0.6),True,all-uni)","score,('add', 0.1),False,del"
"num_iters","(both,('add', 0.6),True,all-uni) - score,('add', 0.1),True,add",-1441.68846153846,237.469680591121,Inf,-6.07104223979138,3.64473336804947e-05,"(both,('add', 0.6),True,all-uni)","score,('add', 0.1),True,add"
"num_iters","(both,('add', 0.6),True,all-uni) - (score,('add', 0.1),True,all-sep)",-1276.74230769231,237.469680591121,Inf,-5.37644344538713,0.00217886397343465,"(both,('add', 0.6),True,all-uni)","(score,('add', 0.1),True,all-sep)"
"num_iters","(both,('add', 0.6),True,all-uni) - (score,('add', 0.1),True,all-uni)",-1441.68846153846,237.469680591121,Inf,-6.07104223979138,3.64473336804943e-05,"(both,('add', 0.6),True,all-uni)","(score,('add', 0.1),True,all-uni)"
"num_iters","(both,('add', 0.6),True,all-uni) - score,('add', 0.1),True,del",-1296.74615384615,237.469680591121,Inf,-5.46068091984725,0.00136032639601976,"(both,('add', 0.6),True,all-uni)","score,('add', 0.1),True,del"
"num_iters","(both,('add', 0.6),True,all-uni) - (score,('add', 0.2),False,all-sep)",-1398.67692307692,237.469680591121,Inf,-5.88991790276245,0.000110815941015683,"(both,('add', 0.6),True,all-uni)","(score,('add', 0.2),False,all-sep)"
"num_iters","both,('add', 0.6),True,del - rank,('add', 0.1),False,add",-1545.68461538461,237.469680591121,Inf,-6.50897668930629,2.17005676818656e-06,"both,('add', 0.6),True,del","rank,('add', 0.1),False,add"
"num_iters","both,('add', 0.6),True,del - (rank,('add', 0.1),False,all-sep)",-1485.46538461538,237.469680591121,Inf,-6.25538966034608,1.13723257944696e-05,"both,('add', 0.6),True,del","(rank,('add', 0.1),False,all-sep)"
"num_iters","both,('add', 0.6),True,del - (rank,('add', 0.1),False,all-uni)",-1594.01538461538,237.469680591121,Inf,-6.71250064701938,5.48697028307173e-07,"both,('add', 0.6),True,del","(rank,('add', 0.1),False,all-uni)"
"num_iters","both,('add', 0.6),True,del - rank,('add', 0.1),False,del",-1572.82307692308,237.469680591121,Inf,-6.62325848507452,1.00771712283131e-06,"both,('add', 0.6),True,del","rank,('add', 0.1),False,del"
"num_iters","both,('add', 0.6),True,del - rank,('add', 0.1),True,del",-1180.95769230769,237.469680591121,Inf,-4.9730883090759,0.0188985785028769,"both,('add', 0.6),True,del","rank,('add', 0.1),True,del"
"num_iters","both,('add', 0.6),True,del - score,('add', 0.1),False,add",-1630.54615384615,237.469680591121,Inf,-6.86633405067679,1.88922968771936e-07,"both,('add', 0.6),True,del","score,('add', 0.1),False,add"
"num_iters","both,('add', 0.6),True,del - (score,('add', 0.1),False,all-sep)",-1872.96153846154,237.469680591121,Inf,-7.88716072636841,8.8661110283199e-11,"both,('add', 0.6),True,del","(score,('add', 0.1),False,all-sep)"
"num_iters","both,('add', 0.6),True,del - (score,('add', 0.1),False,all-uni)",-1630.54615384615,237.469680591121,Inf,-6.86633405067679,1.88922968771935e-07,"both,('add', 0.6),True,del","(score,('add', 0.1),False,all-uni)"
"num_iters","both,('add', 0.6),True,del - score,('add', 0.1),False,del",-1636.86153846154,237.469680591121,Inf,-6.89292853886435,1.56751500354369e-07,"both,('add', 0.6),True,del","score,('add', 0.1),False,del"
"num_iters","both,('add', 0.6),True,del - score,('add', 0.1),True,add",-1454.11923076923,237.469680591121,Inf,-6.12338900338589,2.62725083817839e-05,"both,('add', 0.6),True,del","score,('add', 0.1),True,add"
"num_iters","both,('add', 0.6),True,del - (score,('add', 0.1),True,all-sep)",-1289.17307692308,237.469680591121,Inf,-5.42879020898165,0.00162722659751015,"both,('add', 0.6),True,del","(score,('add', 0.1),True,all-sep)"
"num_iters","both,('add', 0.6),True,del - (score,('add', 0.1),True,all-uni)",-1454.11923076923,237.469680591121,Inf,-6.1233890033859,2.62725083817836e-05,"both,('add', 0.6),True,del","(score,('add', 0.1),True,all-uni)"
"num_iters","both,('add', 0.6),True,del - score,('add', 0.1),True,del",-1309.17692307692,237.469680591121,Inf,-5.51302768344176,0.00101158010050359,"both,('add', 0.6),True,del","score,('add', 0.1),True,del"
"num_iters","both,('add', 0.6),True,del - (score,('add', 0.2),False,all-sep)",-1411.10769230769,237.469680591121,Inf,-5.94226466635696,8.06226519026866e-05,"both,('add', 0.6),True,del","(score,('add', 0.2),False,all-sep)"
"num_iters","both,('add', 0.7),False,add - rank,('add', 0.1),False,add",-1575.88461538461,237.469680591121,Inf,-6.63615081917762,9.23439789894408e-07,"both,('add', 0.7),False,add","rank,('add', 0.1),False,add"
"num_iters","both,('add', 0.7),False,add - (rank,('add', 0.1),False,all-sep)",-1515.66538461538,237.469680591121,Inf,-6.38256379021742,4.99454872693433e-06,"both,('add', 0.7),False,add","(rank,('add', 0.1),False,all-sep)"
"num_iters","both,('add', 0.7),False,add - (rank,('add', 0.1),False,all-uni)",-1624.21538461538,237.469680591121,Inf,-6.83967477689072,2.27642243816066e-07,"both,('add', 0.7),False,add","(rank,('add', 0.1),False,all-uni)"
"num_iters","both,('add', 0.7),False,add - rank,('add', 0.1),False,del",-1603.02307692308,237.469680591121,Inf,-6.75043261494585,4.22757452038907e-07,"both,('add', 0.7),False,add","rank,('add', 0.1),False,del"
"num_iters","both,('add', 0.7),False,add - rank,('add', 0.1),True,del",-1211.15769230769,237.469680591121,Inf,-5.10026243894724,0.00972776422894609,"both,('add', 0.7),False,add","rank,('add', 0.1),True,del"
"num_iters","both,('add', 0.7),False,add - score,('add', 0.1),False,add",-1660.74615384615,237.469680591121,Inf,-6.99350818054812,7.68899965385518e-08,"both,('add', 0.7),False,add","score,('add', 0.1),False,add"
"num_iters","both,('add', 0.7),False,add - (score,('add', 0.1),False,all-sep)",-1903.16153846154,237.469680591121,Inf,-8.01433485623974,3.17586939502213e-11,"both,('add', 0.7),False,add","(score,('add', 0.1),False,all-sep)"
"num_iters","both,('add', 0.7),False,add - (score,('add', 0.1),False,all-uni)",-1660.74615384615,237.469680591121,Inf,-6.99350818054812,7.68899965385518e-08,"both,('add', 0.7),False,add","(score,('add', 0.1),False,all-uni)"
"num_iters","both,('add', 0.7),False,add - score,('add', 0.1),False,del",-1667.06153846154,237.469680591121,Inf,-7.02010266873568,6.35850718436701e-08,"both,('add', 0.7),False,add","score,('add', 0.1),False,del"
"num_iters","both,('add', 0.7),False,add - score,('add', 0.1),True,add",-1484.31923076923,237.469680591121,Inf,-6.25056313325723,1.17294136163403e-05,"both,('add', 0.7),False,add","score,('add', 0.1),True,add"
"num_iters","both,('add', 0.7),False,add - (score,('add', 0.1),True,all-sep)",-1319.37307692308,237.469680591121,Inf,-5.55596433885299,0.000791806726489607,"both,('add', 0.7),False,add","(score,('add', 0.1),True,all-sep)"
"num_iters","both,('add', 0.7),False,add - (score,('add', 0.1),True,all-uni)",-1484.31923076923,237.469680591121,Inf,-6.25056313325723,1.17294136163402e-05,"both,('add', 0.7),False,add","(score,('add', 0.1),True,all-uni)"
"num_iters","both,('add', 0.7),False,add - score,('add', 0.1),True,del",-1339.37692307692,237.469680591121,Inf,-5.6402018133131,0.000487132583370233,"both,('add', 0.7),False,add","score,('add', 0.1),True,del"
"num_iters","both,('add', 0.7),False,add - (score,('add', 0.2),False,all-sep)",-1441.30769230769,237.469680591121,Inf,-6.0694387962283,3.6813073392302e-05,"both,('add', 0.7),False,add","(score,('add', 0.2),False,all-sep)"
"num_iters","(both,('add', 0.7),False,all-sep) - rank,('add', 0.1),False,add",-1594.95,237.469680591121,Inf,-6.71643637212875,5.34086324377696e-07,"(both,('add', 0.7),False,all-sep)","rank,('add', 0.1),False,add"
"num_iters","(both,('add', 0.7),False,all-sep) - (rank,('add', 0.1),False,all-sep)",-1534.73076923077,237.469680591121,Inf,-6.46284934316854,2.94685793701431e-06,"(both,('add', 0.7),False,all-sep)","(rank,('add', 0.1),False,all-sep)"
"num_iters","(both,('add', 0.7),False,all-sep) - (rank,('add', 0.1),False,all-uni)",-1643.28076923077,237.469680591121,Inf,-6.91996032984184,1.29567675505694e-07,"(both,('add', 0.7),False,all-sep)","(rank,('add', 0.1),False,all-uni)"
"num_iters","(both,('add', 0.7),False,all-sep) - rank,('add', 0.1),False,del",-1622.08846153846,237.469680591121,Inf,-6.83071816789698,2.42318979034291e-07,"(both,('add', 0.7),False,all-sep)","rank,('add', 0.1),False,del"
"num_iters","(both,('add', 0.7),False,all-sep) - rank,('add', 0.1),True,del",-1230.22307692308,237.469680591121,Inf,-5.18054799189836,0.00634501971998852,"(both,('add', 0.7),False,all-sep)","rank,('add', 0.1),True,del"
"num_iters","(both,('add', 0.7),False,all-sep) - score,('add', 0.1),False,add",-1679.81153846154,237.469680591121,Inf,-7.07379373349925,4.32363392470946e-08,"(both,('add', 0.7),False,all-sep)","score,('add', 0.1),False,add"
"num_iters","(both,('add', 0.7),False,all-sep) - (score,('add', 0.1),False,all-sep)",-1922.22692307692,237.469680591121,Inf,-8.09462040919087,1.64747088957625e-11,"(both,('add', 0.7),False,all-sep)","(score,('add', 0.1),False,all-sep)"
"num_iters","(both,('add', 0.7),False,all-sep) - (score,('add', 0.1),False,all-uni)",-1679.81153846154,237.469680591121,Inf,-7.07379373349925,4.32363392470946e-08,"(both,('add', 0.7),False,all-sep)","(score,('add', 0.1),False,all-uni)"
"num_iters","(both,('add', 0.7),False,all-sep) - score,('add', 0.1),False,del",-1686.12692307692,237.469680591121,Inf,-7.10038822168681,3.56799048599571e-08,"(both,('add', 0.7),False,all-sep)","score,('add', 0.1),False,del"
"num_iters","(both,('add', 0.7),False,all-sep) - score,('add', 0.1),True,add",-1503.38461538461,237.469680591121,Inf,-6.33084868620835,6.9926532292242e-06,"(both,('add', 0.7),False,all-sep)","score,('add', 0.1),True,add"
"num_iters","(both,('add', 0.7),False,all-sep) - (score,('add', 0.1),True,all-sep)",-1338.43846153846,237.469680591121,Inf,-5.63624989180411,0.000498438721699936,"(both,('add', 0.7),False,all-sep)","(score,('add', 0.1),True,all-sep)"
"num_iters","(both,('add', 0.7),False,all-sep) - (score,('add', 0.1),True,all-uni)",-1503.38461538462,237.469680591121,Inf,-6.33084868620835,6.99265322922412e-06,"(both,('add', 0.7),False,all-sep)","(score,('add', 0.1),True,all-uni)"
"num_iters","(both,('add', 0.7),False,all-sep) - score,('add', 0.1),True,del",-1358.44230769231,237.469680591121,Inf,-5.72048736626422,0.000304635881575179,"(both,('add', 0.7),False,all-sep)","score,('add', 0.1),True,del"
"num_iters","(both,('add', 0.7),False,all-sep) - score,('add', 0.2),False,add",-1141.31538461538,237.469680591121,Inf,-4.80615201812024,0.0441278867038328,"(both,('add', 0.7),False,all-sep)","score,('add', 0.2),False,add"
"num_iters","(both,('add', 0.7),False,all-sep) - (score,('add', 0.2),False,all-sep)",-1460.37307692308,237.469680591121,Inf,-6.14972434917942,2.22607632429093e-05,"(both,('add', 0.7),False,all-sep)","(score,('add', 0.2),False,all-sep)"
"num_iters","(both,('add', 0.7),False,all-sep) - (score,('add', 0.2),False,all-uni)",-1138.19615384615,237.469680591121,Inf,-4.79301673802273,0.0471189202594846,"(both,('add', 0.7),False,all-sep)","(score,('add', 0.2),False,all-uni)"
"num_iters","(both,('add', 0.7),False,all-uni) - rank,('add', 0.1),False,add",-1575.88461538462,237.469680591121,Inf,-6.63615081917763,9.23439789894391e-07,"(both,('add', 0.7),False,all-uni)","rank,('add', 0.1),False,add"
"num_iters","(both,('add', 0.7),False,all-uni) - (rank,('add', 0.1),False,all-sep)",-1515.66538461538,237.469680591121,Inf,-6.38256379021742,4.99454872693424e-06,"(both,('add', 0.7),False,all-uni)","(rank,('add', 0.1),False,all-sep)"
"num_iters","(both,('add', 0.7),False,all-uni) - (rank,('add', 0.1),False,all-uni)",-1624.21538461538,237.469680591121,Inf,-6.83967477689072,2.27642243816061e-07,"(both,('add', 0.7),False,all-uni)","(rank,('add', 0.1),False,all-uni)"
"num_iters","(both,('add', 0.7),False,all-uni) - rank,('add', 0.1),False,del",-1603.02307692308,237.469680591121,Inf,-6.75043261494586,4.22757452038902e-07,"(both,('add', 0.7),False,all-uni)","rank,('add', 0.1),False,del"
"num_iters","(both,('add', 0.7),False,all-uni) - rank,('add', 0.1),True,del",-1211.15769230769,237.469680591121,Inf,-5.10026243894724,0.00972776422894595,"(both,('add', 0.7),False,all-uni)","rank,('add', 0.1),True,del"
"num_iters","(both,('add', 0.7),False,all-uni) - score,('add', 0.1),False,add",-1660.74615384615,237.469680591121,Inf,-6.99350818054813,7.68899965385503e-08,"(both,('add', 0.7),False,all-uni)","score,('add', 0.1),False,add"
"num_iters","(both,('add', 0.7),False,all-uni) - (score,('add', 0.1),False,all-sep)",-1903.16153846154,237.469680591121,Inf,-8.01433485623975,3.17586939502208e-11,"(both,('add', 0.7),False,all-uni)","(score,('add', 0.1),False,all-sep)"
"num_iters","(both,('add', 0.7),False,all-uni) - (score,('add', 0.1),False,all-uni)",-1660.74615384615,237.469680591121,Inf,-6.99350818054813,7.68899965385503e-08,"(both,('add', 0.7),False,all-uni)","(score,('add', 0.1),False,all-uni)"
"num_iters","(both,('add', 0.7),False,all-uni) - score,('add', 0.1),False,del",-1667.06153846154,237.469680591121,Inf,-7.02010266873569,6.35850718436693e-08,"(both,('add', 0.7),False,all-uni)","score,('add', 0.1),False,del"
"num_iters","(both,('add', 0.7),False,all-uni) - score,('add', 0.1),True,add",-1484.31923076923,237.469680591121,Inf,-6.25056313325723,1.17294136163402e-05,"(both,('add', 0.7),False,all-uni)","score,('add', 0.1),True,add"
"num_iters","(both,('add', 0.7),False,all-uni) - (score,('add', 0.1),True,all-sep)",-1319.37307692308,237.469680591121,Inf,-5.55596433885299,0.000791806726489595,"(both,('add', 0.7),False,all-uni)","(score,('add', 0.1),True,all-sep)"
"num_iters","(both,('add', 0.7),False,all-uni) - (score,('add', 0.1),True,all-uni)",-1484.31923076923,237.469680591121,Inf,-6.25056313325723,1.172941361634e-05,"(both,('add', 0.7),False,all-uni)","(score,('add', 0.1),True,all-uni)"
"num_iters","(both,('add', 0.7),False,all-uni) - score,('add', 0.1),True,del",-1339.37692307692,237.469680591121,Inf,-5.6402018133131,0.000487132583370225,"(both,('add', 0.7),False,all-uni)","score,('add', 0.1),True,del"
"num_iters","(both,('add', 0.7),False,all-uni) - (score,('add', 0.2),False,all-sep)",-1441.30769230769,237.469680591121,Inf,-6.06943879622831,3.68130733923014e-05,"(both,('add', 0.7),False,all-uni)","(score,('add', 0.2),False,all-sep)"
"num_iters","both,('add', 0.7),False,del - rank,('add', 0.1),False,add",-1575.88461538461,237.469680591121,Inf,-6.63615081917762,9.23439789894414e-07,"both,('add', 0.7),False,del","rank,('add', 0.1),False,add"
"num_iters","both,('add', 0.7),False,del - (rank,('add', 0.1),False,all-sep)",-1515.66538461538,237.469680591121,Inf,-6.38256379021742,4.99454872693436e-06,"both,('add', 0.7),False,del","(rank,('add', 0.1),False,all-sep)"
"num_iters","both,('add', 0.7),False,del - (rank,('add', 0.1),False,all-uni)",-1624.21538461538,237.469680591121,Inf,-6.83967477689072,2.27642243816067e-07,"both,('add', 0.7),False,del","(rank,('add', 0.1),False,all-uni)"
"num_iters","both,('add', 0.7),False,del - rank,('add', 0.1),False,del",-1603.02307692308,237.469680591121,Inf,-6.75043261494585,4.22757452038912e-07,"both,('add', 0.7),False,del","rank,('add', 0.1),False,del"
"num_iters","both,('add', 0.7),False,del - rank,('add', 0.1),True,del",-1211.15769230769,237.469680591121,Inf,-5.10026243894724,0.00972776422894613,"both,('add', 0.7),False,del","rank,('add', 0.1),True,del"
"num_iters","both,('add', 0.7),False,del - score,('add', 0.1),False,add",-1660.74615384615,237.469680591121,Inf,-6.99350818054812,7.68899965385528e-08,"both,('add', 0.7),False,del","score,('add', 0.1),False,add"
"num_iters","both,('add', 0.7),False,del - (score,('add', 0.1),False,all-sep)",-1903.16153846154,237.469680591121,Inf,-8.01433485623974,3.17586939502217e-11,"both,('add', 0.7),False,del","(score,('add', 0.1),False,all-sep)"
"num_iters","both,('add', 0.7),False,del - (score,('add', 0.1),False,all-uni)",-1660.74615384615,237.469680591121,Inf,-6.99350818054812,7.68899965385523e-08,"both,('add', 0.7),False,del","(score,('add', 0.1),False,all-uni)"
"num_iters","both,('add', 0.7),False,del - score,('add', 0.1),False,del",-1667.06153846154,237.469680591121,Inf,-7.02010266873568,6.35850718436709e-08,"both,('add', 0.7),False,del","score,('add', 0.1),False,del"
"num_iters","both,('add', 0.7),False,del - score,('add', 0.1),True,add",-1484.31923076923,237.469680591121,Inf,-6.25056313325723,1.17294136163404e-05,"both,('add', 0.7),False,del","score,('add', 0.1),True,add"
"num_iters","both,('add', 0.7),False,del - (score,('add', 0.1),True,all-sep)",-1319.37307692308,237.469680591121,Inf,-5.55596433885298,0.000791806726489611,"both,('add', 0.7),False,del","(score,('add', 0.1),True,all-sep)"
"num_iters","both,('add', 0.7),False,del - (score,('add', 0.1),True,all-uni)",-1484.31923076923,237.469680591121,Inf,-6.25056313325723,1.17294136163403e-05,"both,('add', 0.7),False,del","(score,('add', 0.1),True,all-uni)"
"num_iters","both,('add', 0.7),False,del - score,('add', 0.1),True,del",-1339.37692307692,237.469680591121,Inf,-5.6402018133131,0.000487132583370235,"both,('add', 0.7),False,del","score,('add', 0.1),True,del"
"num_iters","both,('add', 0.7),False,del - (score,('add', 0.2),False,all-sep)",-1441.30769230769,237.469680591121,Inf,-6.0694387962283,3.68130733923024e-05,"both,('add', 0.7),False,del","(score,('add', 0.2),False,all-sep)"
"num_iters","both,('add', 0.7),True,add - rank,('add', 0.1),False,add",-1515.55,237.469680591121,Inf,-6.38207789822861,5.01042612014063e-06,"both,('add', 0.7),True,add","rank,('add', 0.1),False,add"
"num_iters","both,('add', 0.7),True,add - (rank,('add', 0.1),False,all-sep)",-1455.33076923077,237.469680591121,Inf,-6.12849086926841,2.54438977212166e-05,"both,('add', 0.7),True,add","(rank,('add', 0.1),False,all-sep)"
"num_iters","both,('add', 0.7),True,add - (rank,('add', 0.1),False,all-uni)",-1563.88076923077,237.469680591121,Inf,-6.5856018559417,1.29933701263019e-06,"both,('add', 0.7),True,add","(rank,('add', 0.1),False,all-uni)"
"num_iters","both,('add', 0.7),True,add - rank,('add', 0.1),False,del",-1542.68846153846,237.469680591121,Inf,-6.49635969399684,2.35998499593971e-06,"both,('add', 0.7),True,add","rank,('add', 0.1),False,del"
"num_iters","both,('add', 0.7),True,add - rank,('add', 0.1),True,del",-1150.82307692308,237.469680591121,Inf,-4.84618951799823,0.0360952995365848,"both,('add', 0.7),True,add","rank,('add', 0.1),True,del"
"num_iters","both,('add', 0.7),True,add - score,('add', 0.1),False,add",-1600.41153846154,237.469680591121,Inf,-6.73943525959911,4.56021814153287e-07,"both,('add', 0.7),True,add","score,('add', 0.1),False,add"
"num_iters","both,('add', 0.7),True,add - (score,('add', 0.1),False,all-sep)",-1842.82692307692,237.469680591121,Inf,-7.76026193529073,2.4307491964951e-10,"both,('add', 0.7),True,add","(score,('add', 0.1),False,all-sep)"
"num_iters","both,('add', 0.7),True,add - (score,('add', 0.1),False,all-uni)",-1600.41153846154,237.469680591121,Inf,-6.73943525959911,4.56021814153284e-07,"both,('add', 0.7),True,add","(score,('add', 0.1),False,all-uni)"
"num_iters","both,('add', 0.7),True,add - score,('add', 0.1),False,del",-1606.72692307692,237.469680591121,Inf,-6.76602974778667,3.79620929331332e-07,"both,('add', 0.7),True,add","score,('add', 0.1),False,del"
"num_iters","both,('add', 0.7),True,add - score,('add', 0.1),True,add",-1423.98461538461,237.469680591121,Inf,-5.99649021230822,5.78268406038729e-05,"both,('add', 0.7),True,add","score,('add', 0.1),True,add"
"num_iters","both,('add', 0.7),True,add - (score,('add', 0.1),True,all-sep)",-1259.03846153846,237.469680591121,Inf,-5.30189141790397,0.00328698626858428,"both,('add', 0.7),True,add","(score,('add', 0.1),True,all-sep)"
"num_iters","both,('add', 0.7),True,add - (score,('add', 0.1),True,all-uni)",-1423.98461538462,237.469680591121,Inf,-5.99649021230822,5.78268406038723e-05,"both,('add', 0.7),True,add","(score,('add', 0.1),True,all-uni)"
"num_iters","both,('add', 0.7),True,add - score,('add', 0.1),True,del",-1279.04230769231,237.469680591121,Inf,-5.38612889236409,0.00206471178674855,"both,('add', 0.7),True,add","score,('add', 0.1),True,del"
"num_iters","both,('add', 0.7),True,add - (score,('add', 0.2),False,all-sep)",-1380.97307692308,237.469680591121,Inf,-5.81536587527929,0.000173518036813571,"both,('add', 0.7),True,add","(score,('add', 0.2),False,all-sep)"
"num_iters","(both,('add', 0.7),True,all-sep) - rank,('add', 0.1),False,add",-1705.43846153846,237.469680591121,Inf,-7.18171034421406,1.97446486463822e-08,"(both,('add', 0.7),True,all-sep)","rank,('add', 0.1),False,add"
"num_iters","(both,('add', 0.7),True,all-sep) - (rank,('add', 0.1),False,all-sep)",-1645.21923076923,237.469680591121,Inf,-6.92812331525386,1.22308710847757e-07,"(both,('add', 0.7),True,all-sep)","(rank,('add', 0.1),False,all-sep)"
"num_iters","(both,('add', 0.7),True,all-sep) - (rank,('add', 0.1),False,all-uni)",-1753.76923076923,237.469680591121,Inf,-7.38523430192715,4.36467021014220e-09,"(both,('add', 0.7),True,all-sep)","(rank,('add', 0.1),False,all-uni)"
"num_iters","(both,('add', 0.7),True,all-sep) - rank,('add', 0.1),False,del",-1732.57692307692,237.469680591121,Inf,-7.29599213998229,8.50265097494118e-09,"(both,('add', 0.7),True,all-sep)","rank,('add', 0.1),False,del"
"num_iters","(both,('add', 0.7),True,all-sep) - rank,('add', 0.1),True,del",-1340.71153846154,237.469680591121,Inf,-5.64582196398368,0.000471481710356643,"(both,('add', 0.7),True,all-sep)","rank,('add', 0.1),True,del"
"num_iters","(both,('add', 0.7),True,all-sep) - score,('add', 0.1),False,add",-1790.3,237.469680591121,Inf,-7.53906770558456,1.35754825148912e-09,"(both,('add', 0.7),True,all-sep)","score,('add', 0.1),False,add"
"num_iters","(both,('add', 0.7),True,all-sep) - (score,('add', 0.1),False,all-sep)",-2032.71538461538,237.469680591121,Inf,-8.55989438127618,3.24000736851047e-13,"(both,('add', 0.7),True,all-sep)","(score,('add', 0.1),False,all-sep)"
"num_iters","(both,('add', 0.7),True,all-sep) - (score,('add', 0.1),False,all-uni)",-1790.3,237.469680591121,Inf,-7.53906770558456,1.35754825148912e-09,"(both,('add', 0.7),True,all-sep)","(score,('add', 0.1),False,all-uni)"
"num_iters","(both,('add', 0.7),True,all-sep) - score,('add', 0.1),False,del",-1796.61538461538,237.469680591121,Inf,-7.56566219377212,1.10674308533773e-09,"(both,('add', 0.7),True,all-sep)","score,('add', 0.1),False,del"
"num_iters","(both,('add', 0.7),True,all-sep) - score,('add', 0.1),True,add",-1613.87307692308,237.469680591121,Inf,-6.79612265829367,3.08230519052055e-07,"(both,('add', 0.7),True,all-sep)","score,('add', 0.1),True,add"
"num_iters","(both,('add', 0.7),True,all-sep) - (score,('add', 0.1),True,all-sep)",-1448.92692307692,237.469680591121,Inf,-6.10152386388942,3.01317673073158e-05,"(both,('add', 0.7),True,all-sep)","(score,('add', 0.1),True,all-sep)"
"num_iters","(both,('add', 0.7),True,all-sep) - (score,('add', 0.1),True,all-uni)",-1613.87307692308,237.469680591121,Inf,-6.79612265829367,3.08230519052054e-07,"(both,('add', 0.7),True,all-sep)","(score,('add', 0.1),True,all-uni)"
"num_iters","(both,('add', 0.7),True,all-sep) - score,('add', 0.1),True,del",-1468.93076923077,237.469680591121,Inf,-6.18576133834954,1.7725230228229e-05,"(both,('add', 0.7),True,all-sep)","score,('add', 0.1),True,del"
"num_iters","(both,('add', 0.7),True,all-sep) - score,('add', 0.2),False,add",-1251.80384615385,237.469680591121,Inf,-5.27142599020556,0.00388235059365785,"(both,('add', 0.7),True,all-sep)","score,('add', 0.2),False,add"
"num_iters","(both,('add', 0.7),True,all-sep) - (score,('add', 0.2),False,all-sep)",-1570.86153846154,237.469680591121,Inf,-6.61499832126474,1.06562249829783e-06,"(both,('add', 0.7),True,all-sep)","(score,('add', 0.2),False,all-sep)"
"num_iters","(both,('add', 0.7),True,all-sep) - (score,('add', 0.2),False,all-uni)",-1248.68461538462,237.469680591121,Inf,-5.25829071010805,0.00417008743478036,"(both,('add', 0.7),True,all-sep)","(score,('add', 0.2),False,all-uni)"
"num_iters","(both,('add', 0.7),True,all-sep) - score,('add', 0.2),False,del",-1232.34230769231,237.469680591121,Inf,-5.18947220809285,0.00604835317979057,"(both,('add', 0.7),True,all-sep)","score,('add', 0.2),False,del"
"num_iters","(both,('add', 0.7),True,all-sep) - score,('add', 0.2),True,add",-1193.56538461539,237.469680591121,Inf,-5.02618010705327,0.0143499234103226,"(both,('add', 0.7),True,all-sep)","score,('add', 0.2),True,add"
"num_iters","(both,('add', 0.7),True,all-sep) - (score,('add', 0.2),True,all-uni)",-1193.56538461538,237.469680591121,Inf,-5.02618010705327,0.0143499234103227,"(both,('add', 0.7),True,all-sep)","(score,('add', 0.2),True,all-uni)"
"num_iters","(both,('add', 0.7),True,all-sep) - (score,('add', 0.3),False,all-sep)",-1219.79230769231,237.469680591121,Inf,-5.13662335610989,0.00802233428346083,"(both,('add', 0.7),True,all-sep)","(score,('add', 0.3),False,all-sep)"
"num_iters","(both,('add', 0.7),True,all-uni) - rank,('add', 0.1),False,add",-1515.55,237.469680591121,Inf,-6.38207789822861,5.01042612014063e-06,"(both,('add', 0.7),True,all-uni)","rank,('add', 0.1),False,add"
"num_iters","(both,('add', 0.7),True,all-uni) - (rank,('add', 0.1),False,all-sep)",-1455.33076923077,237.469680591121,Inf,-6.12849086926841,2.54438977212166e-05,"(both,('add', 0.7),True,all-uni)","(rank,('add', 0.1),False,all-sep)"
"num_iters","(both,('add', 0.7),True,all-uni) - (rank,('add', 0.1),False,all-uni)",-1563.88076923077,237.469680591121,Inf,-6.5856018559417,1.29933701263019e-06,"(both,('add', 0.7),True,all-uni)","(rank,('add', 0.1),False,all-uni)"
"num_iters","(both,('add', 0.7),True,all-uni) - rank,('add', 0.1),False,del",-1542.68846153846,237.469680591121,Inf,-6.49635969399684,2.35998499593971e-06,"(both,('add', 0.7),True,all-uni)","rank,('add', 0.1),False,del"
"num_iters","(both,('add', 0.7),True,all-uni) - rank,('add', 0.1),True,del",-1150.82307692308,237.469680591121,Inf,-4.84618951799823,0.0360952995365848,"(both,('add', 0.7),True,all-uni)","rank,('add', 0.1),True,del"
"num_iters","(both,('add', 0.7),True,all-uni) - score,('add', 0.1),False,add",-1600.41153846154,237.469680591121,Inf,-6.73943525959911,4.56021814153287e-07,"(both,('add', 0.7),True,all-uni)","score,('add', 0.1),False,add"
"num_iters","(both,('add', 0.7),True,all-uni) - (score,('add', 0.1),False,all-sep)",-1842.82692307692,237.469680591121,Inf,-7.76026193529073,2.4307491964951e-10,"(both,('add', 0.7),True,all-uni)","(score,('add', 0.1),False,all-sep)"
"num_iters","(both,('add', 0.7),True,all-uni) - (score,('add', 0.1),False,all-uni)",-1600.41153846154,237.469680591121,Inf,-6.73943525959911,4.56021814153284e-07,"(both,('add', 0.7),True,all-uni)","(score,('add', 0.1),False,all-uni)"
"num_iters","(both,('add', 0.7),True,all-uni) - score,('add', 0.1),False,del",-1606.72692307692,237.469680591121,Inf,-6.76602974778667,3.79620929331332e-07,"(both,('add', 0.7),True,all-uni)","score,('add', 0.1),False,del"
"num_iters","(both,('add', 0.7),True,all-uni) - score,('add', 0.1),True,add",-1423.98461538461,237.469680591121,Inf,-5.99649021230822,5.78268406038729e-05,"(both,('add', 0.7),True,all-uni)","score,('add', 0.1),True,add"
"num_iters","(both,('add', 0.7),True,all-uni) - (score,('add', 0.1),True,all-sep)",-1259.03846153846,237.469680591121,Inf,-5.30189141790397,0.00328698626858428,"(both,('add', 0.7),True,all-uni)","(score,('add', 0.1),True,all-sep)"
"num_iters","(both,('add', 0.7),True,all-uni) - (score,('add', 0.1),True,all-uni)",-1423.98461538462,237.469680591121,Inf,-5.99649021230822,5.78268406038723e-05,"(both,('add', 0.7),True,all-uni)","(score,('add', 0.1),True,all-uni)"
"num_iters","(both,('add', 0.7),True,all-uni) - score,('add', 0.1),True,del",-1279.04230769231,237.469680591121,Inf,-5.38612889236409,0.00206471178674855,"(both,('add', 0.7),True,all-uni)","score,('add', 0.1),True,del"
"num_iters","(both,('add', 0.7),True,all-uni) - (score,('add', 0.2),False,all-sep)",-1380.97307692308,237.469680591121,Inf,-5.81536587527929,0.000173518036813571,"(both,('add', 0.7),True,all-uni)","(score,('add', 0.2),False,all-sep)"
"num_iters","both,('add', 0.7),True,del - rank,('add', 0.1),False,add",-1609.51538461538,237.469680591121,Inf,-6.77777213751626,3.50019686013625e-07,"both,('add', 0.7),True,del","rank,('add', 0.1),False,add"
"num_iters","both,('add', 0.7),True,del - (rank,('add', 0.1),False,all-sep)",-1549.29615384615,237.469680591121,Inf,-6.52418510855606,1.96091549961599e-06,"both,('add', 0.7),True,del","(rank,('add', 0.1),False,all-sep)"
"num_iters","both,('add', 0.7),True,del - (rank,('add', 0.1),False,all-uni)",-1657.84615384615,237.469680591121,Inf,-6.98129609522935,8.38801562059944e-08,"both,('add', 0.7),True,del","(rank,('add', 0.1),False,all-uni)"
"num_iters","both,('add', 0.7),True,del - rank,('add', 0.1),False,del",-1636.65384615385,237.469680591121,Inf,-6.89205393328449,1.57718532058971e-07,"both,('add', 0.7),True,del","rank,('add', 0.1),False,del"
"num_iters","both,('add', 0.7),True,del - rank,('add', 0.1),True,del",-1244.78846153846,237.469680591121,Inf,-5.24188375728588,0.00455855681677291,"both,('add', 0.7),True,del","rank,('add', 0.1),True,del"
"num_iters","both,('add', 0.7),True,del - score,('add', 0.1),False,add",-1694.37692307692,237.469680591121,Inf,-7.13512949888676,2.77324355764266e-08,"both,('add', 0.7),True,del","score,('add', 0.1),False,add"
"num_iters","both,('add', 0.7),True,del - (score,('add', 0.1),False,all-sep)",-1936.79230769231,237.469680591121,Inf,-8.15595617457838,9.93555678260343e-12,"both,('add', 0.7),True,del","(score,('add', 0.1),False,all-sep)"
"num_iters","both,('add', 0.7),True,del - (score,('add', 0.1),False,all-uni)",-1694.37692307692,237.469680591121,Inf,-7.13512949888676,2.77324355764266e-08,"both,('add', 0.7),True,del","(score,('add', 0.1),False,all-uni)"
"num_iters","both,('add', 0.7),True,del - score,('add', 0.1),False,del",-1700.69230769231,237.469680591121,Inf,-7.16172398707432,2.28489854427641e-08,"both,('add', 0.7),True,del","score,('add', 0.1),False,del"
"num_iters","both,('add', 0.7),True,del - score,('add', 0.1),True,add",-1517.95,237.469680591121,Inf,-6.39218445159587,4.69011089191235e-06,"both,('add', 0.7),True,del","score,('add', 0.1),True,add"
"num_iters","both,('add', 0.7),True,del - (score,('add', 0.1),True,all-sep)",-1353.00384615385,237.469680591121,Inf,-5.69758565719162,0.000348507698322924,"both,('add', 0.7),True,del","(score,('add', 0.1),True,all-sep)"
"num_iters","both,('add', 0.7),True,del - (score,('add', 0.1),True,all-uni)",-1517.95,237.469680591121,Inf,-6.39218445159587,4.69011089191229e-06,"both,('add', 0.7),True,del","(score,('add', 0.1),True,all-uni)"
"num_iters","both,('add', 0.7),True,del - score,('add', 0.1),True,del",-1373.00769230769,237.469680591121,Inf,-5.78182313165174,0.000211931941920005,"both,('add', 0.7),True,del","score,('add', 0.1),True,del"
"num_iters","both,('add', 0.7),True,del - score,('add', 0.2),False,add",-1155.88076923077,237.469680591121,Inf,-4.86748778350775,0.0324158040786799,"both,('add', 0.7),True,del","score,('add', 0.2),False,add"
"num_iters","both,('add', 0.7),True,del - (score,('add', 0.2),False,all-sep)",-1474.93846153846,237.469680591121,Inf,-6.21106011456694,1.50938061751064e-05,"both,('add', 0.7),True,del","(score,('add', 0.2),False,all-sep)"
"num_iters","both,('add', 0.7),True,del - (score,('add', 0.2),False,all-uni)",-1152.76153846154,237.469680591121,Inf,-4.85435250341024,0.0346399123057149,"both,('add', 0.7),True,del","(score,('add', 0.2),False,all-uni)"
"num_iters","both,('add', 0.7),True,del - score,('add', 0.2),False,del",-1136.41923076923,237.469680591121,Inf,-4.78553400139505,0.0489089539140966,"both,('add', 0.7),True,del","score,('add', 0.2),False,del"
"num_iters","both,('add', 0.8),False,add - rank,('add', 0.1),False,add",-1592.22692307692,237.469680591121,Inf,-6.70496932119282,5.77754831452485e-07,"both,('add', 0.8),False,add","rank,('add', 0.1),False,add"
"num_iters","both,('add', 0.8),False,add - (rank,('add', 0.1),False,all-sep)",-1532.00769230769,237.469680591121,Inf,-6.45138229223262,3.17873397125199e-06,"both,('add', 0.8),False,add","(rank,('add', 0.1),False,all-sep)"
"num_iters","both,('add', 0.8),False,add - (rank,('add', 0.1),False,all-uni)",-1640.55769230769,237.469680591121,Inf,-6.90849327890591,1.40482725481876e-07,"both,('add', 0.8),False,add","(rank,('add', 0.1),False,all-uni)"
"num_iters","both,('add', 0.8),False,add - rank,('add', 0.1),False,del",-1619.36538461538,237.469680591121,Inf,-6.81925111696105,2.62468778133815e-07,"both,('add', 0.8),False,add","rank,('add', 0.1),False,del"
"num_iters","both,('add', 0.8),False,add - rank,('add', 0.1),True,del",-1227.5,237.469680591121,Inf,-5.16908094096244,0.0067469127106131,"both,('add', 0.8),False,add","rank,('add', 0.1),True,del"
"num_iters","both,('add', 0.8),False,add - score,('add', 0.1),False,add",-1677.08846153846,237.469680591121,Inf,-7.06232668256332,4.69599094913315e-08,"both,('add', 0.8),False,add","score,('add', 0.1),False,add"
"num_iters","both,('add', 0.8),False,add - (score,('add', 0.1),False,all-sep)",-1919.50384615385,237.469680591121,Inf,-8.08315335825494,1.81008585335233e-11,"both,('add', 0.8),False,add","(score,('add', 0.1),False,all-sep)"
"num_iters","both,('add', 0.8),False,add - (score,('add', 0.1),False,all-uni)",-1677.08846153846,237.469680591121,Inf,-7.06232668256332,4.69599094913315e-08,"both,('add', 0.8),False,add","(score,('add', 0.1),False,all-uni)"
"num_iters","both,('add', 0.8),False,add - score,('add', 0.1),False,del",-1683.40384615385,237.469680591121,Inf,-7.08892117075088,3.87643134605065e-08,"both,('add', 0.8),False,add","score,('add', 0.1),False,del"
"num_iters","both,('add', 0.8),False,add - score,('add', 0.1),True,add",-1500.66153846154,237.469680591121,Inf,-6.31938163527243,7.53171226513845e-06,"both,('add', 0.8),False,add","score,('add', 0.1),True,add"
"num_iters","both,('add', 0.8),False,add - (score,('add', 0.1),True,all-sep)",-1335.71538461538,237.469680591121,Inf,-5.62478284086818,0.000532706583533167,"both,('add', 0.8),False,add","(score,('add', 0.1),True,all-sep)"
"num_iters","both,('add', 0.8),False,add - (score,('add', 0.1),True,all-uni)",-1500.66153846154,237.469680591121,Inf,-6.31938163527243,7.53171226513836e-06,"both,('add', 0.8),False,add","(score,('add', 0.1),True,all-uni)"
"num_iters","both,('add', 0.8),False,add - score,('add', 0.1),True,del",-1355.71923076923,237.469680591121,Inf,-5.7090203153283,0.000325886047918274,"both,('add', 0.8),False,add","score,('add', 0.1),True,del"
"num_iters","both,('add', 0.8),False,add - score,('add', 0.2),False,add",-1138.59230769231,237.469680591121,Inf,-4.79468496718431,0.0467285165122445,"both,('add', 0.8),False,add","score,('add', 0.2),False,add"
"num_iters","both,('add', 0.8),False,add - (score,('add', 0.2),False,all-sep)",-1457.65,237.469680591121,Inf,-6.1382572982435,2.39281985791466e-05,"both,('add', 0.8),False,add","(score,('add', 0.2),False,all-sep)"
"num_iters","both,('add', 0.8),False,add - (score,('add', 0.2),False,all-uni)",-1135.47307692308,237.469680591121,Inf,-4.78154968708681,0.049888571852061,"both,('add', 0.8),False,add","(score,('add', 0.2),False,all-uni)"
"num_iters","(both,('add', 0.8),False,all-sep) - rank,('add', 0.1),False,add",-1597.48461538462,237.469680591121,Inf,-6.72710979948295,4.96353713467761e-07,"(both,('add', 0.8),False,all-sep)","rank,('add', 0.1),False,add"
"num_iters","(both,('add', 0.8),False,all-sep) - (rank,('add', 0.1),False,all-sep)",-1537.26538461538,237.469680591121,Inf,-6.47352277052275,2.74593727146407e-06,"(both,('add', 0.8),False,all-sep)","(rank,('add', 0.1),False,all-sep)"
"num_iters","(both,('add', 0.8),False,all-sep) - (rank,('add', 0.1),False,all-uni)",-1645.81538461538,237.469680591121,Inf,-6.93063375719605,1.20157561655434e-07,"(both,('add', 0.8),False,all-sep)","(rank,('add', 0.1),False,all-uni)"
"num_iters","(both,('add', 0.8),False,all-sep) - rank,('add', 0.1),False,del",-1624.62307692308,237.469680591121,Inf,-6.84139159525118,2.24930191185467e-07,"(both,('add', 0.8),False,all-sep)","rank,('add', 0.1),False,del"
"num_iters","(both,('add', 0.8),False,all-sep) - rank,('add', 0.1),True,del",-1232.75769230769,237.469680591121,Inf,-5.19122141925257,0.00599179683323229,"(both,('add', 0.8),False,all-sep)","rank,('add', 0.1),True,del"
"num_iters","(both,('add', 0.8),False,all-sep) - score,('add', 0.1),False,add",-1682.34615384615,237.469680591121,Inf,-7.08446716085345,4.00316314861978e-08,"(both,('add', 0.8),False,all-sep)","score,('add', 0.1),False,add"
"num_iters","(both,('add', 0.8),False,all-sep) - (score,('add', 0.1),False,all-sep)",-1924.76153846154,237.469680591121,Inf,-8.10529383654507,1.50908983284918e-11,"(both,('add', 0.8),False,all-sep)","(score,('add', 0.1),False,all-sep)"
"num_iters","(both,('add', 0.8),False,all-sep) - (score,('add', 0.1),False,all-uni)",-1682.34615384615,237.469680591121,Inf,-7.08446716085345,4.00316314861972e-08,"(both,('add', 0.8),False,all-sep)","(score,('add', 0.1),False,all-uni)"
"num_iters","(both,('add', 0.8),False,all-sep) - score,('add', 0.1),False,del",-1688.66153846154,237.469680591121,Inf,-7.11106164904101,3.30260766369805e-08,"(both,('add', 0.8),False,all-sep)","score,('add', 0.1),False,del"
"num_iters","(both,('add', 0.8),False,all-sep) - score,('add', 0.1),True,add",-1505.91923076923,237.469680591121,Inf,-6.34152211356256,6.52487475822792e-06,"(both,('add', 0.8),False,all-sep)","score,('add', 0.1),True,add"
"num_iters","(both,('add', 0.8),False,all-sep) - (score,('add', 0.1),True,all-sep)",-1340.97307692308,237.469680591121,Inf,-5.64692331915831,0.000468472432375608,"(both,('add', 0.8),False,all-sep)","(score,('add', 0.1),True,all-sep)"
"num_iters","(both,('add', 0.8),False,all-sep) - (score,('add', 0.1),True,all-uni)",-1505.91923076923,237.469680591121,Inf,-6.34152211356256,6.5248747582278e-06,"(both,('add', 0.8),False,all-sep)","(score,('add', 0.1),True,all-uni)"
"num_iters","(both,('add', 0.8),False,all-sep) - score,('add', 0.1),True,del",-1360.97692307692,237.469680591121,Inf,-5.73116079361843,0.000286070537480858,"(both,('add', 0.8),False,all-sep)","score,('add', 0.1),True,del"
"num_iters","(both,('add', 0.8),False,all-sep) - score,('add', 0.2),False,add",-1143.85,237.469680591121,Inf,-4.81682544547444,0.0418326995205642,"(both,('add', 0.8),False,all-sep)","score,('add', 0.2),False,add"
"num_iters","(both,('add', 0.8),False,all-sep) - (score,('add', 0.2),False,all-sep)",-1462.90769230769,237.469680591121,Inf,-6.16039777653363,2.08109087801717e-05,"(both,('add', 0.8),False,all-sep)","(score,('add', 0.2),False,all-sep)"
"num_iters","(both,('add', 0.8),False,all-sep) - (score,('add', 0.2),False,all-uni)",-1140.73076923077,237.469680591121,Inf,-4.80369016537694,0.0446742071295676,"(both,('add', 0.8),False,all-sep)","(score,('add', 0.2),False,all-uni)"
"num_iters","(both,('add', 0.8),False,all-uni) - rank,('add', 0.1),False,add",-1592.22692307692,237.469680591121,Inf,-6.70496932119282,5.77754831452495e-07,"(both,('add', 0.8),False,all-uni)","rank,('add', 0.1),False,add"
"num_iters","(both,('add', 0.8),False,all-uni) - (rank,('add', 0.1),False,all-sep)",-1532.00769230769,237.469680591121,Inf,-6.45138229223262,3.17873397125203e-06,"(both,('add', 0.8),False,all-uni)","(rank,('add', 0.1),False,all-sep)"
"num_iters","(both,('add', 0.8),False,all-uni) - (rank,('add', 0.1),False,all-uni)",-1640.55769230769,237.469680591121,Inf,-6.90849327890591,1.40482725481877e-07,"(both,('add', 0.8),False,all-uni)","(rank,('add', 0.1),False,all-uni)"
"num_iters","(both,('add', 0.8),False,all-uni) - rank,('add', 0.1),False,del",-1619.36538461538,237.469680591121,Inf,-6.81925111696105,2.62468778133818e-07,"(both,('add', 0.8),False,all-uni)","rank,('add', 0.1),False,del"
"num_iters","(both,('add', 0.8),False,all-uni) - rank,('add', 0.1),True,del",-1227.5,237.469680591121,Inf,-5.16908094096244,0.00674691271061314,"(both,('add', 0.8),False,all-uni)","rank,('add', 0.1),True,del"
"num_iters","(both,('add', 0.8),False,all-uni) - score,('add', 0.1),False,add",-1677.08846153846,237.469680591121,Inf,-7.06232668256332,4.69599094913321e-08,"(both,('add', 0.8),False,all-uni)","score,('add', 0.1),False,add"
"num_iters","(both,('add', 0.8),False,all-uni) - (score,('add', 0.1),False,all-sep)",-1919.50384615385,237.469680591121,Inf,-8.08315335825494,1.81008585335233e-11,"(both,('add', 0.8),False,all-uni)","(score,('add', 0.1),False,all-sep)"
"num_iters","(both,('add', 0.8),False,all-uni) - (score,('add', 0.1),False,all-uni)",-1677.08846153846,237.469680591121,Inf,-7.06232668256332,4.69599094913321e-08,"(both,('add', 0.8),False,all-uni)","(score,('add', 0.1),False,all-uni)"
"num_iters","(both,('add', 0.8),False,all-uni) - score,('add', 0.1),False,del",-1683.40384615385,237.469680591121,Inf,-7.08892117075088,3.8764313460507e-08,"(both,('add', 0.8),False,all-uni)","score,('add', 0.1),False,del"
"num_iters","(both,('add', 0.8),False,all-uni) - score,('add', 0.1),True,add",-1500.66153846154,237.469680591121,Inf,-6.31938163527243,7.53171226513853e-06,"(both,('add', 0.8),False,all-uni)","score,('add', 0.1),True,add"
"num_iters","(both,('add', 0.8),False,all-uni) - (score,('add', 0.1),True,all-sep)",-1335.71538461538,237.469680591121,Inf,-5.62478284086818,0.000532706583533172,"(both,('add', 0.8),False,all-uni)","(score,('add', 0.1),True,all-sep)"
"num_iters","(both,('add', 0.8),False,all-uni) - (score,('add', 0.1),True,all-uni)",-1500.66153846154,237.469680591121,Inf,-6.31938163527243,7.53171226513845e-06,"(both,('add', 0.8),False,all-uni)","(score,('add', 0.1),True,all-uni)"
"num_iters","(both,('add', 0.8),False,all-uni) - score,('add', 0.1),True,del",-1355.71923076923,237.469680591121,Inf,-5.7090203153283,0.000325886047918277,"(both,('add', 0.8),False,all-uni)","score,('add', 0.1),True,del"
"num_iters","(both,('add', 0.8),False,all-uni) - score,('add', 0.2),False,add",-1138.59230769231,237.469680591121,Inf,-4.79468496718431,0.0467285165122448,"(both,('add', 0.8),False,all-uni)","score,('add', 0.2),False,add"
"num_iters","(both,('add', 0.8),False,all-uni) - (score,('add', 0.2),False,all-sep)",-1457.65,237.469680591121,Inf,-6.1382572982435,2.39281985791468e-05,"(both,('add', 0.8),False,all-uni)","(score,('add', 0.2),False,all-sep)"
"num_iters","(both,('add', 0.8),False,all-uni) - (score,('add', 0.2),False,all-uni)",-1135.47307692308,237.469680591121,Inf,-4.7815496870868,0.0498885718520614,"(both,('add', 0.8),False,all-uni)","(score,('add', 0.2),False,all-uni)"
"num_iters","both,('add', 0.8),False,del - rank,('add', 0.1),False,add",-1592.22692307692,237.469680591121,Inf,-6.70496932119282,5.77754831452485e-07,"both,('add', 0.8),False,del","rank,('add', 0.1),False,add"
"num_iters","both,('add', 0.8),False,del - (rank,('add', 0.1),False,all-sep)",-1532.00769230769,237.469680591121,Inf,-6.45138229223262,3.17873397125201e-06,"both,('add', 0.8),False,del","(rank,('add', 0.1),False,all-sep)"
"num_iters","both,('add', 0.8),False,del - (rank,('add', 0.1),False,all-uni)",-1640.55769230769,237.469680591121,Inf,-6.90849327890591,1.40482725481876e-07,"both,('add', 0.8),False,del","(rank,('add', 0.1),False,all-uni)"
"num_iters","both,('add', 0.8),False,del - rank,('add', 0.1),False,del",-1619.36538461538,237.469680591121,Inf,-6.81925111696105,2.62468778133816e-07,"both,('add', 0.8),False,del","rank,('add', 0.1),False,del"
"num_iters","both,('add', 0.8),False,del - rank,('add', 0.1),True,del",-1227.5,237.469680591121,Inf,-5.16908094096244,0.00674691271061314,"both,('add', 0.8),False,del","rank,('add', 0.1),True,del"
"num_iters","both,('add', 0.8),False,del - score,('add', 0.1),False,add",-1677.08846153846,237.469680591121,Inf,-7.06232668256332,4.69599094913318e-08,"both,('add', 0.8),False,del","score,('add', 0.1),False,add"
"num_iters","both,('add', 0.8),False,del - (score,('add', 0.1),False,all-sep)",-1919.50384615385,237.469680591121,Inf,-8.08315335825494,1.81008585335233e-11,"both,('add', 0.8),False,del","(score,('add', 0.1),False,all-sep)"
"num_iters","both,('add', 0.8),False,del - (score,('add', 0.1),False,all-uni)",-1677.08846153846,237.469680591121,Inf,-7.06232668256332,4.69599094913318e-08,"both,('add', 0.8),False,del","(score,('add', 0.1),False,all-uni)"
"num_iters","both,('add', 0.8),False,del - score,('add', 0.1),False,del",-1683.40384615385,237.469680591121,Inf,-7.08892117075088,3.87643134605065e-08,"both,('add', 0.8),False,del","score,('add', 0.1),False,del"
"num_iters","both,('add', 0.8),False,del - score,('add', 0.1),True,add",-1500.66153846154,237.469680591121,Inf,-6.31938163527243,7.53171226513849e-06,"both,('add', 0.8),False,del","score,('add', 0.1),True,add"
"num_iters","both,('add', 0.8),False,del - (score,('add', 0.1),True,all-sep)",-1335.71538461538,237.469680591121,Inf,-5.62478284086818,0.000532706583533169,"both,('add', 0.8),False,del","(score,('add', 0.1),True,all-sep)"
"num_iters","both,('add', 0.8),False,del - (score,('add', 0.1),True,all-uni)",-1500.66153846154,237.469680591121,Inf,-6.31938163527243,7.5317122651384e-06,"both,('add', 0.8),False,del","(score,('add', 0.1),True,all-uni)"
"num_iters","both,('add', 0.8),False,del - score,('add', 0.1),True,del",-1355.71923076923,237.469680591121,Inf,-5.7090203153283,0.000325886047918275,"both,('add', 0.8),False,del","score,('add', 0.1),True,del"
"num_iters","both,('add', 0.8),False,del - score,('add', 0.2),False,add",-1138.59230769231,237.469680591121,Inf,-4.79468496718431,0.0467285165122448,"both,('add', 0.8),False,del","score,('add', 0.2),False,add"
"num_iters","both,('add', 0.8),False,del - (score,('add', 0.2),False,all-sep)",-1457.65,237.469680591121,Inf,-6.1382572982435,2.39281985791467e-05,"both,('add', 0.8),False,del","(score,('add', 0.2),False,all-sep)"
"num_iters","both,('add', 0.8),False,del - (score,('add', 0.2),False,all-uni)",-1135.47307692308,237.469680591121,Inf,-4.7815496870868,0.0498885718520612,"both,('add', 0.8),False,del","(score,('add', 0.2),False,all-uni)"
"num_iters","both,('add', 0.8),True,add - rank,('add', 0.1),False,add",-1515.55,237.469680591121,Inf,-6.38207789822861,5.01042612014063e-06,"both,('add', 0.8),True,add","rank,('add', 0.1),False,add"
"num_iters","both,('add', 0.8),True,add - (rank,('add', 0.1),False,all-sep)",-1455.33076923077,237.469680591121,Inf,-6.12849086926841,2.54438977212166e-05,"both,('add', 0.8),True,add","(rank,('add', 0.1),False,all-sep)"
"num_iters","both,('add', 0.8),True,add - (rank,('add', 0.1),False,all-uni)",-1563.88076923077,237.469680591121,Inf,-6.5856018559417,1.29933701263019e-06,"both,('add', 0.8),True,add","(rank,('add', 0.1),False,all-uni)"
"num_iters","both,('add', 0.8),True,add - rank,('add', 0.1),False,del",-1542.68846153846,237.469680591121,Inf,-6.49635969399684,2.35998499593971e-06,"both,('add', 0.8),True,add","rank,('add', 0.1),False,del"
"num_iters","both,('add', 0.8),True,add - rank,('add', 0.1),True,del",-1150.82307692308,237.469680591121,Inf,-4.84618951799823,0.0360952995365847,"both,('add', 0.8),True,add","rank,('add', 0.1),True,del"
"num_iters","both,('add', 0.8),True,add - score,('add', 0.1),False,add",-1600.41153846154,237.469680591121,Inf,-6.73943525959911,4.56021814153287e-07,"both,('add', 0.8),True,add","score,('add', 0.1),False,add"
"num_iters","both,('add', 0.8),True,add - (score,('add', 0.1),False,all-sep)",-1842.82692307692,237.469680591121,Inf,-7.76026193529073,2.43074919649508e-10,"both,('add', 0.8),True,add","(score,('add', 0.1),False,all-sep)"
"num_iters","both,('add', 0.8),True,add - (score,('add', 0.1),False,all-uni)",-1600.41153846154,237.469680591121,Inf,-6.73943525959911,4.56021814153284e-07,"both,('add', 0.8),True,add","(score,('add', 0.1),False,all-uni)"
"num_iters","both,('add', 0.8),True,add - score,('add', 0.1),False,del",-1606.72692307692,237.469680591121,Inf,-6.76602974778667,3.79620929331329e-07,"both,('add', 0.8),True,add","score,('add', 0.1),False,del"
"num_iters","both,('add', 0.8),True,add - score,('add', 0.1),True,add",-1423.98461538461,237.469680591121,Inf,-5.99649021230822,5.78268406038729e-05,"both,('add', 0.8),True,add","score,('add', 0.1),True,add"
"num_iters","both,('add', 0.8),True,add - (score,('add', 0.1),True,all-sep)",-1259.03846153846,237.469680591121,Inf,-5.30189141790397,0.00328698626858428,"both,('add', 0.8),True,add","(score,('add', 0.1),True,all-sep)"
"num_iters","both,('add', 0.8),True,add - (score,('add', 0.1),True,all-uni)",-1423.98461538462,237.469680591121,Inf,-5.99649021230822,5.78268406038723e-05,"both,('add', 0.8),True,add","(score,('add', 0.1),True,all-uni)"
"num_iters","both,('add', 0.8),True,add - score,('add', 0.1),True,del",-1279.04230769231,237.469680591121,Inf,-5.38612889236409,0.00206471178674855,"both,('add', 0.8),True,add","score,('add', 0.1),True,del"
"num_iters","both,('add', 0.8),True,add - (score,('add', 0.2),False,all-sep)",-1380.97307692308,237.469680591121,Inf,-5.81536587527929,0.000173518036813571,"both,('add', 0.8),True,add","(score,('add', 0.2),False,all-sep)"
"num_iters","(both,('add', 0.8),True,all-sep) - rank,('add', 0.1),False,add",-1516.91153846154,237.469680591121,Inf,-6.38781142369657,4.82617485187571e-06,"(both,('add', 0.8),True,all-sep)","rank,('add', 0.1),False,add"
"num_iters","(both,('add', 0.8),True,all-sep) - (rank,('add', 0.1),False,all-sep)",-1456.69230769231,237.469680591121,Inf,-6.13422439473637,2.45430988330615e-05,"(both,('add', 0.8),True,all-sep)","(rank,('add', 0.1),False,all-sep)"
"num_iters","(both,('add', 0.8),True,all-sep) - (rank,('add', 0.1),False,all-uni)",-1565.24230769231,237.469680591121,Inf,-6.59133538140967,1.25012666972263e-06,"(both,('add', 0.8),True,all-sep)","(rank,('add', 0.1),False,all-uni)"
"num_iters","(both,('add', 0.8),True,all-sep) - rank,('add', 0.1),False,del",-1544.05,237.469680591121,Inf,-6.5020932194648,2.27174244134589e-06,"(both,('add', 0.8),True,all-sep)","rank,('add', 0.1),False,del"
"num_iters","(both,('add', 0.8),True,all-sep) - rank,('add', 0.1),True,del",-1152.18461538462,237.469680591121,Inf,-4.85192304346619,0.0350670560656416,"(both,('add', 0.8),True,all-sep)","rank,('add', 0.1),True,del"
"num_iters","(both,('add', 0.8),True,all-sep) - score,('add', 0.1),False,add",-1601.77307692308,237.469680591121,Inf,-6.74516878506707,4.38371603445916e-07,"(both,('add', 0.8),True,all-sep)","score,('add', 0.1),False,add"
"num_iters","(both,('add', 0.8),True,all-sep) - (score,('add', 0.1),False,all-sep)",-1844.18846153846,237.469680591121,Inf,-7.76599546075869,2.32326508204487e-10,"(both,('add', 0.8),True,all-sep)","(score,('add', 0.1),False,all-sep)"
"num_iters","(both,('add', 0.8),True,all-sep) - (score,('add', 0.1),False,all-uni)",-1601.77307692308,237.469680591121,Inf,-6.74516878506707,4.38371603445916e-07,"(both,('add', 0.8),True,all-sep)","(score,('add', 0.1),False,all-uni)"
"num_iters","(both,('add', 0.8),True,all-sep) - score,('add', 0.1),False,del",-1608.08846153846,237.469680591121,Inf,-6.77176327325463,3.64873238618719e-07,"(both,('add', 0.8),True,all-sep)","score,('add', 0.1),False,del"
"num_iters","(both,('add', 0.8),True,all-sep) - score,('add', 0.1),True,add",-1425.34615384615,237.469680591121,Inf,-6.00222373777618,5.58208145054363e-05,"(both,('add', 0.8),True,all-sep)","score,('add', 0.1),True,add"
"num_iters","(both,('add', 0.8),True,all-sep) - (score,('add', 0.1),True,all-sep)",-1260.4,237.469680591121,Inf,-5.30762494337193,0.00318528321535723,"(both,('add', 0.8),True,all-sep)","(score,('add', 0.1),True,all-sep)"
"num_iters","(both,('add', 0.8),True,all-sep) - (score,('add', 0.1),True,all-uni)",-1425.34615384615,237.469680591121,Inf,-6.00222373777618,5.58208145054357e-05,"(both,('add', 0.8),True,all-sep)","(score,('add', 0.1),True,all-uni)"
"num_iters","(both,('add', 0.8),True,all-sep) - score,('add', 0.1),True,del",-1280.40384615385,237.469680591121,Inf,-5.39186241783205,0.0019998893914223,"(both,('add', 0.8),True,all-sep)","score,('add', 0.1),True,del"
"num_iters","(both,('add', 0.8),True,all-sep) - (score,('add', 0.2),False,all-sep)",-1382.33461538462,237.469680591121,Inf,-5.82109940074725,0.000167668401557852,"(both,('add', 0.8),True,all-sep)","(score,('add', 0.2),False,all-sep)"
"num_iters","(both,('add', 0.8),True,all-uni) - rank,('add', 0.1),False,add",-1515.55,237.469680591121,Inf,-6.38207789822861,5.01042612014058e-06,"(both,('add', 0.8),True,all-uni)","rank,('add', 0.1),False,add"
"num_iters","(both,('add', 0.8),True,all-uni) - (rank,('add', 0.1),False,all-sep)",-1455.33076923077,237.469680591121,Inf,-6.12849086926841,2.54438977212163e-05,"(both,('add', 0.8),True,all-uni)","(rank,('add', 0.1),False,all-sep)"
"num_iters","(both,('add', 0.8),True,all-uni) - (rank,('add', 0.1),False,all-uni)",-1563.88076923077,237.469680591121,Inf,-6.58560185594171,1.29933701263018e-06,"(both,('add', 0.8),True,all-uni)","(rank,('add', 0.1),False,all-uni)"
"num_iters","(both,('add', 0.8),True,all-uni) - rank,('add', 0.1),False,del",-1542.68846153846,237.469680591121,Inf,-6.49635969399684,2.35998499593968e-06,"(both,('add', 0.8),True,all-uni)","rank,('add', 0.1),False,del"
"num_iters","(both,('add', 0.8),True,all-uni) - rank,('add', 0.1),True,del",-1150.82307692308,237.469680591121,Inf,-4.84618951799823,0.0360952995365845,"(both,('add', 0.8),True,all-uni)","rank,('add', 0.1),True,del"
"num_iters","(both,('add', 0.8),True,all-uni) - score,('add', 0.1),False,add",-1600.41153846154,237.469680591121,Inf,-6.73943525959911,4.56021814153281e-07,"(both,('add', 0.8),True,all-uni)","score,('add', 0.1),False,add"
"num_iters","(both,('add', 0.8),True,all-uni) - (score,('add', 0.1),False,all-sep)",-1842.82692307692,237.469680591121,Inf,-7.76026193529073,2.43074919649506e-10,"(both,('add', 0.8),True,all-uni)","(score,('add', 0.1),False,all-sep)"
"num_iters","(both,('add', 0.8),True,all-uni) - (score,('add', 0.1),False,all-uni)",-1600.41153846154,237.469680591121,Inf,-6.73943525959911,4.56021814153281e-07,"(both,('add', 0.8),True,all-uni)","(score,('add', 0.1),False,all-uni)"
"num_iters","(both,('add', 0.8),True,all-uni) - score,('add', 0.1),False,del",-1606.72692307692,237.469680591121,Inf,-6.76602974778667,3.79620929331327e-07,"(both,('add', 0.8),True,all-uni)","score,('add', 0.1),False,del"
"num_iters","(both,('add', 0.8),True,all-uni) - score,('add', 0.1),True,add",-1423.98461538462,237.469680591121,Inf,-5.99649021230822,5.78268406038723e-05,"(both,('add', 0.8),True,all-uni)","score,('add', 0.1),True,add"
"num_iters","(both,('add', 0.8),True,all-uni) - (score,('add', 0.1),True,all-sep)",-1259.03846153846,237.469680591121,Inf,-5.30189141790397,0.00328698626858426,"(both,('add', 0.8),True,all-uni)","(score,('add', 0.1),True,all-sep)"
"num_iters","(both,('add', 0.8),True,all-uni) - (score,('add', 0.1),True,all-uni)",-1423.98461538462,237.469680591121,Inf,-5.99649021230822,5.7826840603872e-05,"(both,('add', 0.8),True,all-uni)","(score,('add', 0.1),True,all-uni)"
"num_iters","(both,('add', 0.8),True,all-uni) - score,('add', 0.1),True,del",-1279.04230769231,237.469680591121,Inf,-5.38612889236409,0.00206471178674854,"(both,('add', 0.8),True,all-uni)","score,('add', 0.1),True,del"
"num_iters","(both,('add', 0.8),True,all-uni) - (score,('add', 0.2),False,all-sep)",-1380.97307692308,237.469680591121,Inf,-5.81536587527929,0.00017351803681357,"(both,('add', 0.8),True,all-uni)","(score,('add', 0.2),False,all-sep)"
"num_iters","both,('add', 0.8),True,del - rank,('add', 0.1),False,add",-1593.58846153846,237.469680591121,Inf,-6.71070284666078,5.55500583664324e-07,"both,('add', 0.8),True,del","rank,('add', 0.1),False,add"
"num_iters","both,('add', 0.8),True,del - (rank,('add', 0.1),False,all-sep)",-1533.36923076923,237.469680591121,Inf,-6.45711581770058,3.06065007426896e-06,"both,('add', 0.8),True,del","(rank,('add', 0.1),False,all-sep)"
"num_iters","both,('add', 0.8),True,del - (rank,('add', 0.1),False,all-uni)",-1641.91923076923,237.469680591121,Inf,-6.91422680437388,1.34917038908538e-07,"both,('add', 0.8),True,del","(rank,('add', 0.1),False,all-uni)"
"num_iters","both,('add', 0.8),True,del - rank,('add', 0.1),False,del",-1620.72692307692,237.469680591121,Inf,-6.82498464242901,2.5219678270173e-07,"both,('add', 0.8),True,del","rank,('add', 0.1),False,del"
"num_iters","both,('add', 0.8),True,del - rank,('add', 0.1),True,del",-1228.86153846154,237.469680591121,Inf,-5.1748144664304,0.00654298540785228,"both,('add', 0.8),True,del","rank,('add', 0.1),True,del"
"num_iters","both,('add', 0.8),True,del - score,('add', 0.1),False,add",-1678.45,237.469680591121,Inf,-7.06806020803128,4.50604053035137e-08,"both,('add', 0.8),True,del","score,('add', 0.1),False,add"
"num_iters","both,('add', 0.8),True,del - (score,('add', 0.1),False,all-sep)",-1920.86538461538,237.469680591121,Inf,-8.0888868837229,1.72689328185195e-11,"both,('add', 0.8),True,del","(score,('add', 0.1),False,all-sep)"
"num_iters","both,('add', 0.8),True,del - (score,('add', 0.1),False,all-uni)",-1678.45,237.469680591121,Inf,-7.06806020803128,4.50604053035137e-08,"both,('add', 0.8),True,del","(score,('add', 0.1),False,all-uni)"
"num_iters","both,('add', 0.8),True,del - score,('add', 0.1),False,del",-1684.76538461538,237.469680591121,Inf,-7.09465469621884,3.71907471526486e-08,"both,('add', 0.8),True,del","score,('add', 0.1),False,del"
"num_iters","both,('add', 0.8),True,del - score,('add', 0.1),True,add",-1502.02307692308,237.469680591121,Inf,-6.32511516074039,7.25729602399393e-06,"both,('add', 0.8),True,del","score,('add', 0.1),True,add"
"num_iters","both,('add', 0.8),True,del - (score,('add', 0.1),True,all-sep)",-1337.07692307692,237.469680591121,Inf,-5.63051636633615,0.000515296112537742,"both,('add', 0.8),True,del","(score,('add', 0.1),True,all-sep)"
"num_iters","both,('add', 0.8),True,del - (score,('add', 0.1),True,all-uni)",-1502.02307692308,237.469680591121,Inf,-6.32511516074039,7.2572960239938e-06,"both,('add', 0.8),True,del","(score,('add', 0.1),True,all-uni)"
"num_iters","both,('add', 0.8),True,del - score,('add', 0.1),True,del",-1357.08076923077,237.469680591121,Inf,-5.71475384079626,0.000315086911721883,"both,('add', 0.8),True,del","score,('add', 0.1),True,del"
"num_iters","both,('add', 0.8),True,del - score,('add', 0.2),False,add",-1139.95384615385,237.469680591121,Inf,-4.80041849265228,0.0454103082939038,"both,('add', 0.8),True,del","score,('add', 0.2),False,add"
"num_iters","both,('add', 0.8),True,del - (score,('add', 0.2),False,all-sep)",-1459.01153846154,237.469680591121,Inf,-6.14399082371146,2.30797978968836e-05,"both,('add', 0.8),True,del","(score,('add', 0.2),False,all-sep)"
"num_iters","both,('add', 0.8),True,del - (score,('add', 0.2),False,all-uni)",-1136.83461538462,237.469680591121,Inf,-4.78728321255477,0.0484847419446394,"both,('add', 0.8),True,del","(score,('add', 0.2),False,all-uni)"
"num_iters","both,('add', 0.9),False,add - rank,('add', 0.1),False,add",-1506.46923076923,237.469680591121,Inf,-6.34383819870922,6.4274806410452e-06,"both,('add', 0.9),False,add","rank,('add', 0.1),False,add"
"num_iters","both,('add', 0.9),False,add - (rank,('add', 0.1),False,all-sep)",-1446.25,237.469680591121,Inf,-6.09025116974902,3.23320188998318e-05,"both,('add', 0.9),False,add","(rank,('add', 0.1),False,all-sep)"
"num_iters","both,('add', 0.9),False,add - (rank,('add', 0.1),False,all-uni)",-1554.8,237.469680591121,Inf,-6.54736215642232,1.67956478274692e-06,"both,('add', 0.9),False,add","(rank,('add', 0.1),False,all-uni)"
"num_iters","both,('add', 0.9),False,add - rank,('add', 0.1),False,del",-1533.60769230769,237.469680591121,Inf,-6.45811999447745,3.04041475051444e-06,"both,('add', 0.9),False,add","rank,('add', 0.1),False,del"
"num_iters","both,('add', 0.9),False,add - rank,('add', 0.1),True,del",-1141.74230769231,237.469680591121,Inf,-4.80794981847884,0.0437329929198765,"both,('add', 0.9),False,add","rank,('add', 0.1),True,del"
"num_iters","both,('add', 0.9),False,add - score,('add', 0.1),False,add",-1591.33076923077,237.469680591121,Inf,-6.70119556007972,5.92876301811877e-07,"both,('add', 0.9),False,add","score,('add', 0.1),False,add"
"num_iters","both,('add', 0.9),False,add - (score,('add', 0.1),False,all-sep)",-1833.74615384615,237.469680591121,Inf,-7.72202223577134,3.28381447746375e-10,"both,('add', 0.9),False,add","(score,('add', 0.1),False,all-sep)"
"num_iters","both,('add', 0.9),False,add - (score,('add', 0.1),False,all-uni)",-1591.33076923077,237.469680591121,Inf,-6.70119556007972,5.92876301811877e-07,"both,('add', 0.9),False,add","(score,('add', 0.1),False,all-uni)"
"num_iters","both,('add', 0.9),False,add - score,('add', 0.1),False,del",-1597.64615384615,237.469680591121,Inf,-6.72779004826728,4.94039459383394e-07,"both,('add', 0.9),False,add","score,('add', 0.1),False,del"
"num_iters","both,('add', 0.9),False,add - score,('add', 0.1),True,add",-1414.90384615385,237.469680591121,Inf,-5.95825051278883,7.31203749003498e-05,"both,('add', 0.9),False,add","score,('add', 0.1),True,add"
"num_iters","both,('add', 0.9),False,add - (score,('add', 0.1),True,all-sep)",-1249.95769230769,237.469680591121,Inf,-5.26365171838459,0.0040502430415696,"both,('add', 0.9),False,add","(score,('add', 0.1),True,all-sep)"
"num_iters","both,('add', 0.9),False,add - (score,('add', 0.1),True,all-uni)",-1414.90384615385,237.469680591121,Inf,-5.95825051278883,7.31203749003491e-05,"both,('add', 0.9),False,add","(score,('add', 0.1),True,all-uni)"
"num_iters","both,('add', 0.9),False,add - score,('add', 0.1),True,del",-1269.96153846154,237.469680591121,Inf,-5.3478891928447,0.00255211601350768,"both,('add', 0.9),False,add","score,('add', 0.1),True,del"
"num_iters","both,('add', 0.9),False,add - (score,('add', 0.2),False,all-sep)",-1371.89230769231,237.469680591121,Inf,-5.7771261757599,0.000217931585029684,"both,('add', 0.9),False,add","(score,('add', 0.2),False,all-sep)"
"num_iters","(both,('add', 0.9),False,all-sep) - rank,('add', 0.1),False,add",-1519.86153846154,237.469680591121,Inf,-6.4002340622105,4.44938484731898e-06,"(both,('add', 0.9),False,all-sep)","rank,('add', 0.1),False,add"
"num_iters","(both,('add', 0.9),False,all-sep) - (rank,('add', 0.1),False,all-sep)",-1459.64230769231,237.469680591121,Inf,-6.14664703325029,2.26967679935137e-05,"(both,('add', 0.9),False,all-sep)","(rank,('add', 0.1),False,all-sep)"
"num_iters","(both,('add', 0.9),False,all-sep) - (rank,('add', 0.1),False,all-uni)",-1568.19230769231,237.469680591121,Inf,-6.60375801992359,1.14967696015467e-06,"(both,('add', 0.9),False,all-sep)","(rank,('add', 0.1),False,all-uni)"
"num_iters","(both,('add', 0.9),False,all-sep) - rank,('add', 0.1),False,del",-1547,237.469680591121,Inf,-6.51451585797873,2.09147402724976e-06,"(both,('add', 0.9),False,all-sep)","rank,('add', 0.1),False,del"
"num_iters","(both,('add', 0.9),False,all-sep) - rank,('add', 0.1),True,del",-1155.13461538462,237.469680591121,Inf,-4.86434568198011,0.0329349824864509,"(both,('add', 0.9),False,all-sep)","rank,('add', 0.1),True,del"
"num_iters","(both,('add', 0.9),False,all-sep) - score,('add', 0.1),False,add",-1604.72307692308,237.469680591121,Inf,-6.75759142358099,4.02393339392528e-07,"(both,('add', 0.9),False,all-sep)","score,('add', 0.1),False,add"
"num_iters","(both,('add', 0.9),False,all-sep) - (score,('add', 0.1),False,all-sep)",-1847.13846153846,237.469680591121,Inf,-7.77841809927262,2.10617373654293e-10,"(both,('add', 0.9),False,all-sep)","(score,('add', 0.1),False,all-sep)"
"num_iters","(both,('add', 0.9),False,all-sep) - (score,('add', 0.1),False,all-uni)",-1604.72307692308,237.469680591121,Inf,-6.757591423581,4.02393339392523e-07,"(both,('add', 0.9),False,all-sep)","(score,('add', 0.1),False,all-uni)"
"num_iters","(both,('add', 0.9),False,all-sep) - score,('add', 0.1),False,del",-1611.03846153846,237.469680591121,Inf,-6.78418591176856,3.34818685689886e-07,"(both,('add', 0.9),False,all-sep)","score,('add', 0.1),False,del"
"num_iters","(both,('add', 0.9),False,all-sep) - score,('add', 0.1),True,add",-1428.29615384615,237.469680591121,Inf,-6.0146463762901,5.1704247805736e-05,"(both,('add', 0.9),False,all-sep)","score,('add', 0.1),True,add"
"num_iters","(both,('add', 0.9),False,all-sep) - (score,('add', 0.1),True,all-sep)",-1263.35,237.469680591121,Inf,-5.32004758188586,0.00297526654076261,"(both,('add', 0.9),False,all-sep)","(score,('add', 0.1),True,all-sep)"
"num_iters","(both,('add', 0.9),False,all-sep) - (score,('add', 0.1),True,all-uni)",-1428.29615384615,237.469680591121,Inf,-6.0146463762901,5.17042478057354e-05,"(both,('add', 0.9),False,all-sep)","(score,('add', 0.1),True,all-uni)"
"num_iters","(both,('add', 0.9),False,all-sep) - score,('add', 0.1),True,del",-1283.35384615385,237.469680591121,Inf,-5.40428505634597,0.00186613294133362,"(both,('add', 0.9),False,all-sep)","score,('add', 0.1),True,del"
"num_iters","(both,('add', 0.9),False,all-sep) - (score,('add', 0.2),False,all-sep)",-1385.28461538462,237.469680591121,Inf,-5.83352203926118,0.000155644739925029,"(both,('add', 0.9),False,all-sep)","(score,('add', 0.2),False,all-sep)"
"num_iters","(both,('add', 0.9),False,all-uni) - rank,('add', 0.1),False,add",-1506.46923076923,237.469680591121,Inf,-6.34383819870922,6.42748064104516e-06,"(both,('add', 0.9),False,all-uni)","rank,('add', 0.1),False,add"
"num_iters","(both,('add', 0.9),False,all-uni) - (rank,('add', 0.1),False,all-sep)",-1446.25,237.469680591121,Inf,-6.09025116974902,3.23320188998318e-05,"(both,('add', 0.9),False,all-uni)","(rank,('add', 0.1),False,all-sep)"
"num_iters","(both,('add', 0.9),False,all-uni) - (rank,('add', 0.1),False,all-uni)",-1554.8,237.469680591121,Inf,-6.54736215642232,1.67956478274692e-06,"(both,('add', 0.9),False,all-uni)","(rank,('add', 0.1),False,all-uni)"
"num_iters","(both,('add', 0.9),False,all-uni) - rank,('add', 0.1),False,del",-1533.60769230769,237.469680591121,Inf,-6.45811999447745,3.04041475051442e-06,"(both,('add', 0.9),False,all-uni)","rank,('add', 0.1),False,del"
"num_iters","(both,('add', 0.9),False,all-uni) - rank,('add', 0.1),True,del",-1141.74230769231,237.469680591121,Inf,-4.80794981847884,0.0437329929198763,"(both,('add', 0.9),False,all-uni)","rank,('add', 0.1),True,del"
"num_iters","(both,('add', 0.9),False,all-uni) - score,('add', 0.1),False,add",-1591.33076923077,237.469680591121,Inf,-6.70119556007972,5.92876301811877e-07,"(both,('add', 0.9),False,all-uni)","score,('add', 0.1),False,add"
"num_iters","(both,('add', 0.9),False,all-uni) - (score,('add', 0.1),False,all-sep)",-1833.74615384615,237.469680591121,Inf,-7.72202223577134,3.28381447746373e-10,"(both,('add', 0.9),False,all-uni)","(score,('add', 0.1),False,all-sep)"
"num_iters","(both,('add', 0.9),False,all-uni) - (score,('add', 0.1),False,all-uni)",-1591.33076923077,237.469680591121,Inf,-6.70119556007972,5.92876301811877e-07,"(both,('add', 0.9),False,all-uni)","(score,('add', 0.1),False,all-uni)"
"num_iters","(both,('add', 0.9),False,all-uni) - score,('add', 0.1),False,del",-1597.64615384615,237.469680591121,Inf,-6.72779004826728,4.94039459383391e-07,"(both,('add', 0.9),False,all-uni)","score,('add', 0.1),False,del"
"num_iters","(both,('add', 0.9),False,all-uni) - score,('add', 0.1),True,add",-1414.90384615385,237.469680591121,Inf,-5.95825051278883,7.31203749003494e-05,"(both,('add', 0.9),False,all-uni)","score,('add', 0.1),True,add"
"num_iters","(both,('add', 0.9),False,all-uni) - (score,('add', 0.1),True,all-sep)",-1249.95769230769,237.469680591121,Inf,-5.26365171838459,0.0040502430415696,"(both,('add', 0.9),False,all-uni)","(score,('add', 0.1),True,all-sep)"
"num_iters","(both,('add', 0.9),False,all-uni) - (score,('add', 0.1),True,all-uni)",-1414.90384615385,237.469680591121,Inf,-5.95825051278883,7.31203749003491e-05,"(both,('add', 0.9),False,all-uni)","(score,('add', 0.1),True,all-uni)"
"num_iters","(both,('add', 0.9),False,all-uni) - score,('add', 0.1),True,del",-1269.96153846154,237.469680591121,Inf,-5.3478891928447,0.00255211601350768,"(both,('add', 0.9),False,all-uni)","score,('add', 0.1),True,del"
"num_iters","(both,('add', 0.9),False,all-uni) - (score,('add', 0.2),False,all-sep)",-1371.89230769231,237.469680591121,Inf,-5.7771261757599,0.000217931585029684,"(both,('add', 0.9),False,all-uni)","(score,('add', 0.2),False,all-sep)"
"num_iters","both,('add', 0.9),False,del - rank,('add', 0.1),False,add",-1506.46923076923,237.469680591121,Inf,-6.34383819870922,6.42748064104528e-06,"both,('add', 0.9),False,del","rank,('add', 0.1),False,add"
"num_iters","both,('add', 0.9),False,del - (rank,('add', 0.1),False,all-sep)",-1446.25,237.469680591121,Inf,-6.09025116974902,3.23320188998324e-05,"both,('add', 0.9),False,del","(rank,('add', 0.1),False,all-sep)"
"num_iters","both,('add', 0.9),False,del - (rank,('add', 0.1),False,all-uni)",-1554.8,237.469680591121,Inf,-6.54736215642231,1.67956478274695e-06,"both,('add', 0.9),False,del","(rank,('add', 0.1),False,all-uni)"
"num_iters","both,('add', 0.9),False,del - rank,('add', 0.1),False,del",-1533.60769230769,237.469680591121,Inf,-6.45811999447745,3.04041475051448e-06,"both,('add', 0.9),False,del","rank,('add', 0.1),False,del"
"num_iters","both,('add', 0.9),False,del - rank,('add', 0.1),True,del",-1141.74230769231,237.469680591121,Inf,-4.80794981847884,0.0437329929198767,"both,('add', 0.9),False,del","rank,('add', 0.1),True,del"
"num_iters","both,('add', 0.9),False,del - score,('add', 0.1),False,add",-1591.33076923077,237.469680591121,Inf,-6.70119556007972,5.92876301811887e-07,"both,('add', 0.9),False,del","score,('add', 0.1),False,add"
"num_iters","both,('add', 0.9),False,del - (score,('add', 0.1),False,all-sep)",-1833.74615384615,237.469680591121,Inf,-7.72202223577134,3.28381447746382e-10,"both,('add', 0.9),False,del","(score,('add', 0.1),False,all-sep)"
"num_iters","both,('add', 0.9),False,del - (score,('add', 0.1),False,all-uni)",-1591.33076923077,237.469680591121,Inf,-6.70119556007972,5.92876301811887e-07,"both,('add', 0.9),False,del","(score,('add', 0.1),False,all-uni)"
"num_iters","both,('add', 0.9),False,del - score,('add', 0.1),False,del",-1597.64615384615,237.469680591121,Inf,-6.72779004826728,4.940394593834e-07,"both,('add', 0.9),False,del","score,('add', 0.1),False,del"
"num_iters","both,('add', 0.9),False,del - score,('add', 0.1),True,add",-1414.90384615385,237.469680591121,Inf,-5.95825051278883,7.31203749003506e-05,"both,('add', 0.9),False,del","score,('add', 0.1),True,add"
"num_iters","both,('add', 0.9),False,del - (score,('add', 0.1),True,all-sep)",-1249.95769230769,237.469680591121,Inf,-5.26365171838458,0.00405024304156963,"both,('add', 0.9),False,del","(score,('add', 0.1),True,all-sep)"
"num_iters","both,('add', 0.9),False,del - (score,('add', 0.1),True,all-uni)",-1414.90384615385,237.469680591121,Inf,-5.95825051278883,7.31203749003498e-05,"both,('add', 0.9),False,del","(score,('add', 0.1),True,all-uni)"
"num_iters","both,('add', 0.9),False,del - score,('add', 0.1),True,del",-1269.96153846154,237.469680591121,Inf,-5.3478891928447,0.0025521160135077,"both,('add', 0.9),False,del","score,('add', 0.1),True,del"
"num_iters","both,('add', 0.9),False,del - (score,('add', 0.2),False,all-sep)",-1371.89230769231,237.469680591121,Inf,-5.7771261757599,0.000217931585029687,"both,('add', 0.9),False,del","(score,('add', 0.2),False,all-sep)"
"num_iters","both,('add', 0.9),True,add - rank,('add', 0.1),False,add",-1504.88076923077,237.469680591121,Inf,-6.33714908566327,6.71271154954252e-06,"both,('add', 0.9),True,add","rank,('add', 0.1),False,add"
"num_iters","both,('add', 0.9),True,add - (rank,('add', 0.1),False,all-sep)",-1444.66153846154,237.469680591121,Inf,-6.08356205670306,3.37108714357477e-05,"both,('add', 0.9),True,add","(rank,('add', 0.1),False,all-sep)"
"num_iters","both,('add', 0.9),True,add - (rank,('add', 0.1),False,all-uni)",-1553.21153846154,237.469680591121,Inf,-6.54067304337636,1.7564374657296e-06,"both,('add', 0.9),True,add","(rank,('add', 0.1),False,all-uni)"
"num_iters","both,('add', 0.9),True,add - rank,('add', 0.1),False,del",-1532.01923076923,237.469680591121,Inf,-6.4514308814315,3.17771479264906e-06,"both,('add', 0.9),True,add","rank,('add', 0.1),False,del"
"num_iters","both,('add', 0.9),True,add - rank,('add', 0.1),True,del",-1140.15384615385,237.469680591121,Inf,-4.80126070543288,0.0452197102255318,"both,('add', 0.9),True,add","rank,('add', 0.1),True,del"
"num_iters","both,('add', 0.9),True,add - score,('add', 0.1),False,add",-1589.74230769231,237.469680591121,Inf,-6.69450644703377,6.20637339737679e-07,"both,('add', 0.9),True,add","score,('add', 0.1),False,add"
"num_iters","both,('add', 0.9),True,add - (score,('add', 0.1),False,all-sep)",-1832.15769230769,237.469680591121,Inf,-7.71533312272539,3.4607194671542e-10,"both,('add', 0.9),True,add","(score,('add', 0.1),False,all-sep)"
"num_iters","both,('add', 0.9),True,add - (score,('add', 0.1),False,all-uni)",-1589.74230769231,237.469680591121,Inf,-6.69450644703377,6.20637339737679e-07,"both,('add', 0.9),True,add","(score,('add', 0.1),False,all-uni)"
"num_iters","both,('add', 0.9),True,add - score,('add', 0.1),False,del",-1596.05769230769,237.469680591121,Inf,-6.72110093522133,5.17262725752282e-07,"both,('add', 0.9),True,add","score,('add', 0.1),False,del"
"num_iters","both,('add', 0.9),True,add - score,('add', 0.1),True,add",-1413.31538461538,237.469680591121,Inf,-5.95156139974287,7.61730316573063e-05,"both,('add', 0.9),True,add","score,('add', 0.1),True,add"
"num_iters","both,('add', 0.9),True,add - (score,('add', 0.1),True,all-sep)",-1248.36923076923,237.469680591121,Inf,-5.25696260533863,0.00420030293616898,"both,('add', 0.9),True,add","(score,('add', 0.1),True,all-sep)"
"num_iters","both,('add', 0.9),True,add - (score,('add', 0.1),True,all-uni)",-1413.31538461538,237.469680591121,Inf,-5.95156139974287,7.61730316573055e-05,"both,('add', 0.9),True,add","(score,('add', 0.1),True,all-uni)"
"num_iters","both,('add', 0.9),True,add - score,('add', 0.1),True,del",-1268.37307692308,237.469680591121,Inf,-5.34120007979874,0.00264811841540367,"both,('add', 0.9),True,add","score,('add', 0.1),True,del"
"num_iters","both,('add', 0.9),True,add - (score,('add', 0.2),False,all-sep)",-1370.30384615385,237.469680591121,Inf,-5.77043706271395,0.000226761838321457,"both,('add', 0.9),True,add","(score,('add', 0.2),False,all-sep)"
"num_iters","(both,('add', 0.9),True,all-sep) - rank,('add', 0.1),False,add",-1504.88076923077,237.469680591121,Inf,-6.33714908566327,6.71271154954252e-06,"(both,('add', 0.9),True,all-sep)","rank,('add', 0.1),False,add"
"num_iters","(both,('add', 0.9),True,all-sep) - (rank,('add', 0.1),False,all-sep)",-1444.66153846154,237.469680591121,Inf,-6.08356205670306,3.37108714357479e-05,"(both,('add', 0.9),True,all-sep)","(rank,('add', 0.1),False,all-sep)"
"num_iters","(both,('add', 0.9),True,all-sep) - (rank,('add', 0.1),False,all-uni)",-1553.21153846154,237.469680591121,Inf,-6.54067304337636,1.75643746572961e-06,"(both,('add', 0.9),True,all-sep)","(rank,('add', 0.1),False,all-uni)"
"num_iters","(both,('add', 0.9),True,all-sep) - rank,('add', 0.1),False,del",-1532.01923076923,237.469680591121,Inf,-6.45143088143149,3.17771479264908e-06,"(both,('add', 0.9),True,all-sep)","rank,('add', 0.1),False,del"
"num_iters","(both,('add', 0.9),True,all-sep) - rank,('add', 0.1),True,del",-1140.15384615385,237.469680591121,Inf,-4.80126070543288,0.0452197102255322,"(both,('add', 0.9),True,all-sep)","rank,('add', 0.1),True,del"
"num_iters","(both,('add', 0.9),True,all-sep) - score,('add', 0.1),False,add",-1589.74230769231,237.469680591121,Inf,-6.69450644703377,6.20637339737683e-07,"(both,('add', 0.9),True,all-sep)","score,('add', 0.1),False,add"
"num_iters","(both,('add', 0.9),True,all-sep) - (score,('add', 0.1),False,all-sep)",-1832.15769230769,237.469680591121,Inf,-7.71533312272538,3.46071946715423e-10,"(both,('add', 0.9),True,all-sep)","(score,('add', 0.1),False,all-sep)"
"num_iters","(both,('add', 0.9),True,all-sep) - (score,('add', 0.1),False,all-uni)",-1589.74230769231,237.469680591121,Inf,-6.69450644703377,6.20637339737683e-07,"(both,('add', 0.9),True,all-sep)","(score,('add', 0.1),False,all-uni)"
"num_iters","(both,('add', 0.9),True,all-sep) - score,('add', 0.1),False,del",-1596.05769230769,237.469680591121,Inf,-6.72110093522133,5.17262725752288e-07,"(both,('add', 0.9),True,all-sep)","score,('add', 0.1),False,del"
"num_iters","(both,('add', 0.9),True,all-sep) - score,('add', 0.1),True,add",-1413.31538461538,237.469680591121,Inf,-5.95156139974287,7.61730316573068e-05,"(both,('add', 0.9),True,all-sep)","score,('add', 0.1),True,add"
"num_iters","(both,('add', 0.9),True,all-sep) - (score,('add', 0.1),True,all-sep)",-1248.36923076923,237.469680591121,Inf,-5.25696260533863,0.004200302936169,"(both,('add', 0.9),True,all-sep)","(score,('add', 0.1),True,all-sep)"
"num_iters","(both,('add', 0.9),True,all-sep) - (score,('add', 0.1),True,all-uni)",-1413.31538461538,237.469680591121,Inf,-5.95156139974287,7.61730316573059e-05,"(both,('add', 0.9),True,all-sep)","(score,('add', 0.1),True,all-uni)"
"num_iters","(both,('add', 0.9),True,all-sep) - score,('add', 0.1),True,del",-1268.37307692308,237.469680591121,Inf,-5.34120007979874,0.00264811841540368,"(both,('add', 0.9),True,all-sep)","score,('add', 0.1),True,del"
"num_iters","(both,('add', 0.9),True,all-sep) - (score,('add', 0.2),False,all-sep)",-1370.30384615385,237.469680591121,Inf,-5.77043706271394,0.000226761838321459,"(both,('add', 0.9),True,all-sep)","(score,('add', 0.2),False,all-sep)"
"num_iters","(both,('add', 0.9),True,all-uni) - rank,('add', 0.1),False,add",-1504.88076923077,237.469680591121,Inf,-6.33714908566327,6.71271154954244e-06,"(both,('add', 0.9),True,all-uni)","rank,('add', 0.1),False,add"
"num_iters","(both,('add', 0.9),True,all-uni) - (rank,('add', 0.1),False,all-sep)",-1444.66153846154,237.469680591121,Inf,-6.08356205670306,3.37108714357475e-05,"(both,('add', 0.9),True,all-uni)","(rank,('add', 0.1),False,all-sep)"
"num_iters","(both,('add', 0.9),True,all-uni) - (rank,('add', 0.1),False,all-uni)",-1553.21153846154,237.469680591121,Inf,-6.54067304337636,1.75643746572959e-06,"(both,('add', 0.9),True,all-uni)","(rank,('add', 0.1),False,all-uni)"
"num_iters","(both,('add', 0.9),True,all-uni) - rank,('add', 0.1),False,del",-1532.01923076923,237.469680591121,Inf,-6.4514308814315,3.17771479264905e-06,"(both,('add', 0.9),True,all-uni)","rank,('add', 0.1),False,del"
"num_iters","(both,('add', 0.9),True,all-uni) - rank,('add', 0.1),True,del",-1140.15384615385,237.469680591121,Inf,-4.80126070543288,0.0452197102255318,"(both,('add', 0.9),True,all-uni)","rank,('add', 0.1),True,del"
"num_iters","(both,('add', 0.9),True,all-uni) - score,('add', 0.1),False,add",-1589.74230769231,237.469680591121,Inf,-6.69450644703377,6.20637339737675e-07,"(both,('add', 0.9),True,all-uni)","score,('add', 0.1),False,add"
"num_iters","(both,('add', 0.9),True,all-uni) - (score,('add', 0.1),False,all-sep)",-1832.15769230769,237.469680591121,Inf,-7.71533312272539,3.4607194671542e-10,"(both,('add', 0.9),True,all-uni)","(score,('add', 0.1),False,all-sep)"
"num_iters","(both,('add', 0.9),True,all-uni) - (score,('add', 0.1),False,all-uni)",-1589.74230769231,237.469680591121,Inf,-6.69450644703377,6.20637339737675e-07,"(both,('add', 0.9),True,all-uni)","(score,('add', 0.1),False,all-uni)"
"num_iters","(both,('add', 0.9),True,all-uni) - score,('add', 0.1),False,del",-1596.05769230769,237.469680591121,Inf,-6.72110093522133,5.17262725752282e-07,"(both,('add', 0.9),True,all-uni)","score,('add', 0.1),False,del"
"num_iters","(both,('add', 0.9),True,all-uni) - score,('add', 0.1),True,add",-1413.31538461538,237.469680591121,Inf,-5.95156139974287,7.61730316573059e-05,"(both,('add', 0.9),True,all-uni)","score,('add', 0.1),True,add"
"num_iters","(both,('add', 0.9),True,all-uni) - (score,('add', 0.1),True,all-sep)",-1248.36923076923,237.469680591121,Inf,-5.25696260533863,0.00420030293616896,"(both,('add', 0.9),True,all-uni)","(score,('add', 0.1),True,all-sep)"
"num_iters","(both,('add', 0.9),True,all-uni) - (score,('add', 0.1),True,all-uni)",-1413.31538461538,237.469680591121,Inf,-5.95156139974288,7.61730316573051e-05,"(both,('add', 0.9),True,all-uni)","(score,('add', 0.1),True,all-uni)"
"num_iters","(both,('add', 0.9),True,all-uni) - score,('add', 0.1),True,del",-1268.37307692308,237.469680591121,Inf,-5.34120007979874,0.00264811841540365,"(both,('add', 0.9),True,all-uni)","score,('add', 0.1),True,del"
"num_iters","(both,('add', 0.9),True,all-uni) - (score,('add', 0.2),False,all-sep)",-1370.30384615385,237.469680591121,Inf,-5.77043706271395,0.000226761838321456,"(both,('add', 0.9),True,all-uni)","(score,('add', 0.2),False,all-sep)"
"num_iters","both,('add', 0.9),True,del - rank,('add', 0.1),False,add",-1506.46923076923,237.469680591121,Inf,-6.34383819870922,6.42748064104524e-06,"both,('add', 0.9),True,del","rank,('add', 0.1),False,add"
"num_iters","both,('add', 0.9),True,del - (rank,('add', 0.1),False,all-sep)",-1446.25,237.469680591121,Inf,-6.09025116974902,3.2332018899832e-05,"both,('add', 0.9),True,del","(rank,('add', 0.1),False,all-sep)"
"num_iters","both,('add', 0.9),True,del - (rank,('add', 0.1),False,all-uni)",-1554.8,237.469680591121,Inf,-6.54736215642232,1.67956478274693e-06,"both,('add', 0.9),True,del","(rank,('add', 0.1),False,all-uni)"
"num_iters","both,('add', 0.9),True,del - rank,('add', 0.1),False,del",-1533.60769230769,237.469680591121,Inf,-6.45811999447745,3.04041475051446e-06,"both,('add', 0.9),True,del","rank,('add', 0.1),False,del"
"num_iters","both,('add', 0.9),True,del - rank,('add', 0.1),True,del",-1141.74230769231,237.469680591121,Inf,-4.80794981847884,0.0437329929198765,"both,('add', 0.9),True,del","rank,('add', 0.1),True,del"
"num_iters","both,('add', 0.9),True,del - score,('add', 0.1),False,add",-1591.33076923077,237.469680591121,Inf,-6.70119556007972,5.92876301811884e-07,"both,('add', 0.9),True,del","score,('add', 0.1),False,add"
"num_iters","both,('add', 0.9),True,del - (score,('add', 0.1),False,all-sep)",-1833.74615384615,237.469680591121,Inf,-7.72202223577134,3.2838144774638e-10,"both,('add', 0.9),True,del","(score,('add', 0.1),False,all-sep)"
"num_iters","both,('add', 0.9),True,del - (score,('add', 0.1),False,all-uni)",-1591.33076923077,237.469680591121,Inf,-6.70119556007972,5.9287630181188e-07,"both,('add', 0.9),True,del","(score,('add', 0.1),False,all-uni)"
"num_iters","both,('add', 0.9),True,del - score,('add', 0.1),False,del",-1597.64615384615,237.469680591121,Inf,-6.72779004826728,4.94039459383397e-07,"both,('add', 0.9),True,del","score,('add', 0.1),False,del"
"num_iters","both,('add', 0.9),True,del - score,('add', 0.1),True,add",-1414.90384615385,237.469680591121,Inf,-5.95825051278883,7.31203749003502e-05,"both,('add', 0.9),True,del","score,('add', 0.1),True,add"
"num_iters","both,('add', 0.9),True,del - (score,('add', 0.1),True,all-sep)",-1249.95769230769,237.469680591121,Inf,-5.26365171838459,0.00405024304156961,"both,('add', 0.9),True,del","(score,('add', 0.1),True,all-sep)"
"num_iters","both,('add', 0.9),True,del - (score,('add', 0.1),True,all-uni)",-1414.90384615385,237.469680591121,Inf,-5.95825051278883,7.31203749003491e-05,"both,('add', 0.9),True,del","(score,('add', 0.1),True,all-uni)"
"num_iters","both,('add', 0.9),True,del - score,('add', 0.1),True,del",-1269.96153846154,237.469680591121,Inf,-5.3478891928447,0.00255211601350768,"both,('add', 0.9),True,del","score,('add', 0.1),True,del"
"num_iters","both,('add', 0.9),True,del - (score,('add', 0.2),False,all-sep)",-1371.89230769231,237.469680591121,Inf,-5.7771261757599,0.000217931585029686,"both,('add', 0.9),True,del","(score,('add', 0.2),False,all-sep)"
"num_iters","both,mul,False,add - rank,('add', 0.1),False,add",-2008.01923076923,237.469680591121,Inf,-8.45589729927111,7.94290555361049e-13,"both,mul,False,add","rank,('add', 0.1),False,add"
"num_iters","both,mul,False,add - (rank,('add', 0.1),False,all-sep)",-1947.8,237.469680591121,Inf,-8.2023102703109,6.76305166561432e-12,"both,mul,False,add","(rank,('add', 0.1),False,all-sep)"
"num_iters","both,mul,False,add - (rank,('add', 0.1),False,all-uni)",-2056.35,237.469680591121,Inf,-8.6594212569842,1.35990652295413e-13,"both,mul,False,add","(rank,('add', 0.1),False,all-uni)"
"num_iters","both,mul,False,add - rank,('add', 0.1),False,del",-2035.15769230769,237.469680591121,Inf,-8.57017909503934,2.96333872144603e-13,"both,mul,False,add","rank,('add', 0.1),False,del"
"num_iters","both,mul,False,add - rank,('add', 0.1),True,add",-1365.80769230769,237.469680591121,Inf,-5.75150347154996,0.000253683962418033,"both,mul,False,add","rank,('add', 0.1),True,add"
"num_iters","both,mul,False,add - (rank,('add', 0.1),True,all-sep)",-1402.90384615385,237.469680591121,Inf,-5.90771774595254,9.94850907735598e-05,"both,mul,False,add","(rank,('add', 0.1),True,all-sep)"
"num_iters","both,mul,False,add - (rank,('add', 0.1),True,all-uni)",-1326.28461538462,237.469680591121,Inf,-5.58506926898274,0.000669985117550719,"both,mul,False,add","(rank,('add', 0.1),True,all-uni)"
"num_iters","both,mul,False,add - rank,('add', 0.1),True,del",-1643.29230769231,237.469680591121,Inf,-6.92000891904072,1.29523242517789e-07,"both,mul,False,add","rank,('add', 0.1),True,del"
"num_iters","both,mul,False,add - rank,('add', 0.2),False,add",-1404.38076923077,237.469680591121,Inf,-5.91393716340932,9.57984725586101e-05,"both,mul,False,add","rank,('add', 0.2),False,add"
"num_iters","both,mul,False,add - (rank,('add', 0.2),False,all-sep)",-1139.12307692308,237.469680591121,Inf,-4.79692007033284,0.0462103222065884,"both,mul,False,add","(rank,('add', 0.2),False,all-sep)"
"num_iters","both,mul,False,add - (rank,('add', 0.2),False,all-uni)",-1370.92692307692,237.469680591121,Inf,-5.77306087945352,0.000223257451973913,"both,mul,False,add","(rank,('add', 0.2),False,all-uni)"
"num_iters","both,mul,False,add - rank,('add', 0.2),False,del",-1370.92692307692,237.469680591121,Inf,-5.77306087945352,0.000223257451973914,"both,mul,False,add","rank,('add', 0.2),False,del"
"num_iters","both,mul,False,add - rank,('add', 0.2),True,add",-1147.29230769231,237.469680591121,Inf,-4.83132122314063,0.0388986763639933,"both,mul,False,add","rank,('add', 0.2),True,add"
"num_iters","both,mul,False,add - (rank,('add', 0.2),True,all-uni)",-1147.29230769231,237.469680591121,Inf,-4.83132122314063,0.0388986763639936,"both,mul,False,add","(rank,('add', 0.2),True,all-uni)"
"num_iters","both,mul,False,add - score,('add', 0.1),False,add",-2092.88076923077,237.469680591121,Inf,-8.81325466064161,3.48645480975411e-14,"both,mul,False,add","score,('add', 0.1),False,add"
"num_iters","both,mul,False,add - (score,('add', 0.1),False,all-sep)",-2335.29615384615,237.469680591121,Inf,-9.83408133633323,2.30292031308937e-18,"both,mul,False,add","(score,('add', 0.1),False,all-sep)"
"num_iters","both,mul,False,add - (score,('add', 0.1),False,all-uni)",-2092.88076923077,237.469680591121,Inf,-8.81325466064161,3.48645480975411e-14,"both,mul,False,add","(score,('add', 0.1),False,all-uni)"
"num_iters","both,mul,False,add - score,('add', 0.1),False,del",-2099.19615384615,237.469680591121,Inf,-8.83984914882917,2.74891851973996e-14,"both,mul,False,add","score,('add', 0.1),False,del"
"num_iters","both,mul,False,add - score,('add', 0.1),True,add",-1916.45384615385,237.469680591121,Inf,-8.07030961335071,2.01104519235574e-11,"both,mul,False,add","score,('add', 0.1),True,add"
"num_iters","both,mul,False,add - (score,('add', 0.1),True,all-sep)",-1751.50769230769,237.469680591121,Inf,-7.37571081894647,4.68833386470934e-09,"both,mul,False,add","(score,('add', 0.1),True,all-sep)"
"num_iters","both,mul,False,add - (score,('add', 0.1),True,all-uni)",-1916.45384615385,237.469680591121,Inf,-8.07030961335071,2.01104519235574e-11,"both,mul,False,add","(score,('add', 0.1),True,all-uni)"
"num_iters","both,mul,False,add - score,('add', 0.1),True,del",-1771.51153846154,237.469680591121,Inf,-7.45994829340658,2.48243872638488e-09,"both,mul,False,add","score,('add', 0.1),True,del"
"num_iters","both,mul,False,add - score,('add', 0.2),False,add",-1554.38461538462,237.469680591121,Inf,-6.5456129452626,1.69934327564445e-06,"both,mul,False,add","score,('add', 0.2),False,add"
"num_iters","both,mul,False,add - (score,('add', 0.2),False,all-sep)",-1873.44230769231,237.469680591121,Inf,-7.88918527632179,8.72347142366262e-11,"both,mul,False,add","(score,('add', 0.2),False,all-sep)"
"num_iters","both,mul,False,add - (score,('add', 0.2),False,all-uni)",-1551.26538461538,237.469680591121,Inf,-6.53247766516509,1.85532201012701e-06,"both,mul,False,add","(score,('add', 0.2),False,all-uni)"
"num_iters","both,mul,False,add - score,('add', 0.2),False,del",-1534.92307692308,237.469680591121,Inf,-6.46365916314989,2.93112266932948e-06,"both,mul,False,add","score,('add', 0.2),False,del"
"num_iters","both,mul,False,add - score,('add', 0.2),True,add",-1496.14615384615,237.469680591121,Inf,-6.30036706211031,8.51628492331669e-06,"both,mul,False,add","score,('add', 0.2),True,add"
"num_iters","both,mul,False,add - (score,('add', 0.2),True,all-sep)",-1257.59615384615,237.469680591121,Inf,-5.29581776804384,0.00339814848695341,"both,mul,False,add","(score,('add', 0.2),True,all-sep)"
"num_iters","both,mul,False,add - (score,('add', 0.2),True,all-uni)",-1496.14615384615,237.469680591121,Inf,-6.30036706211031,8.51628492331679e-06,"both,mul,False,add","(score,('add', 0.2),True,all-uni)"
"num_iters","both,mul,False,add - score,('add', 0.2),True,del",-1260.51153846154,237.469680591121,Inf,-5.30809463896112,0.00317708791213167,"both,mul,False,add","score,('add', 0.2),True,del"
"num_iters","both,mul,False,add - score,('add', 0.3),False,add",-1365.19230769231,237.469680591121,Inf,-5.74891204760964,0.000257602392414761,"both,mul,False,add","score,('add', 0.3),False,add"
"num_iters","both,mul,False,add - (score,('add', 0.3),False,all-sep)",-1522.37307692308,237.469680591121,Inf,-6.41081031116694,4.15137854229624e-06,"both,mul,False,add","(score,('add', 0.3),False,all-sep)"
"num_iters","both,mul,False,add - (score,('add', 0.3),False,all-uni)",-1365.19230769231,237.469680591121,Inf,-5.74891204760964,0.000257602392414761,"both,mul,False,add","(score,('add', 0.3),False,all-uni)"
"num_iters","both,mul,False,add - score,('add', 0.3),False,del",-1365.19230769231,237.469680591121,Inf,-5.74891204760964,0.00025760239241476,"both,mul,False,add","score,('add', 0.3),False,del"
"num_iters","both,mul,False,add - score,('add', 0.3),True,add",-1304.3,237.469680591121,Inf,-5.49249064871471,0.00113660142652232,"both,mul,False,add","score,('add', 0.3),True,add"
"num_iters","both,mul,False,add - (score,('add', 0.3),True,all-sep)",-1250.16538461538,237.469680591121,Inf,-5.26452632396445,0.00403101016375338,"both,mul,False,add","(score,('add', 0.3),True,all-sep)"
"num_iters","both,mul,False,add - (score,('add', 0.3),True,all-uni)",-1304.3,237.469680591121,Inf,-5.49249064871471,0.00113660142652232,"both,mul,False,add","(score,('add', 0.3),True,all-uni)"
"num_iters","both,mul,False,add - (score,('add', 0.4),False,all-sep)",-1190.86153846154,237.469680591121,Inf,-5.01479403811547,0.015226299504798,"both,mul,False,add","(score,('add', 0.4),False,all-sep)"
"num_iters","(both,mul,False,all-sep) - rank,('add', 0.1),False,add",-2457.24230769231,237.469680591121,Inf,-10.3476043829074,1.23062447185189e-20,"(both,mul,False,all-sep)","rank,('add', 0.1),False,add"
"num_iters","(both,mul,False,all-sep) - (rank,('add', 0.1),False,all-sep)",-2397.02307692308,237.469680591121,Inf,-10.0940173539472,1.68397985595328e-19,"(both,mul,False,all-sep)","(rank,('add', 0.1),False,all-sep)"
"num_iters","(both,mul,False,all-sep) - (rank,('add', 0.1),False,all-uni)",-2505.57307692308,237.469680591121,Inf,-10.5511283406205,1.43946881391375e-21,"(both,mul,False,all-sep)","(rank,('add', 0.1),False,all-uni)"
"num_iters","(both,mul,False,all-sep) - rank,('add', 0.1),False,del",-2484.38076923077,237.469680591121,Inf,-10.4618861786757,3.70707912637938e-21,"(both,mul,False,all-sep)","rank,('add', 0.1),False,del"
"num_iters","(both,mul,False,all-sep) - rank,('add', 0.1),True,add",-1815.03076923077,237.469680591121,Inf,-7.64321055518628,6.07646291903651e-10,"(both,mul,False,all-sep)","rank,('add', 0.1),True,add"
"num_iters","(both,mul,False,all-sep) - (rank,('add', 0.1),True,all-sep)",-1852.12692307692,237.469680591121,Inf,-7.79942482958886,1.78360837583687e-10,"(both,mul,False,all-sep)","(rank,('add', 0.1),True,all-sep)"
"num_iters","(both,mul,False,all-sep) - (rank,('add', 0.1),True,all-uni)",-1775.50769230769,237.469680591121,Inf,-7.47677635261905,2.18449465134954e-09,"(both,mul,False,all-sep)","(rank,('add', 0.1),True,all-uni)"
"num_iters","(both,mul,False,all-sep) - rank,('add', 0.1),True,del",-2092.51538461538,237.469680591121,Inf,-8.81171600267704,3.53465314734315e-14,"(both,mul,False,all-sep)","rank,('add', 0.1),True,del"
"num_iters","(both,mul,False,all-sep) - rank,('add', 0.2),False,add",-1853.60384615385,237.469680591121,Inf,-7.80564424704563,1.69780871841066e-10,"(both,mul,False,all-sep)","rank,('add', 0.2),False,add"
"num_iters","(both,mul,False,all-sep) - (rank,('add', 0.2),False,all-sep)",-1588.34615384615,237.469680591121,Inf,-6.68862715396916,6.46085436428752e-07,"(both,mul,False,all-sep)","(rank,('add', 0.2),False,all-sep)"
"num_iters","(both,mul,False,all-sep) - (rank,('add', 0.2),False,all-uni)",-1820.15,237.469680591121,Inf,-7.66476796308984,5.13815953536688e-10,"(both,mul,False,all-sep)","(rank,('add', 0.2),False,all-uni)"
"num_iters","(both,mul,False,all-sep) - rank,('add', 0.2),False,del",-1820.15,237.469680591121,Inf,-7.66476796308984,5.13815953536691e-10,"(both,mul,False,all-sep)","rank,('add', 0.2),False,del"
"num_iters","(both,mul,False,all-sep) - rank,('add', 0.2),True,add",-1596.51538461538,237.469680591121,Inf,-6.72302830677694,5.10463816867348e-07,"(both,mul,False,all-sep)","rank,('add', 0.2),True,add"
"num_iters","(both,mul,False,all-sep) - (rank,('add', 0.2),True,all-sep)",-1399.70384615385,237.469680591121,Inf,-5.89424234146286,0.000107952787166172,"(both,mul,False,all-sep)","(rank,('add', 0.2),True,all-sep)"
"num_iters","(both,mul,False,all-sep) - (rank,('add', 0.2),True,all-uni)",-1596.51538461538,237.469680591121,Inf,-6.72302830677694,5.10463816867348e-07,"(both,mul,False,all-sep)","(rank,('add', 0.2),True,all-uni)"
"num_iters","(both,mul,False,all-sep) - rank,('add', 0.2),True,del",-1544.85,237.469680591121,Inf,-6.50546207058722,2.22140727451523e-06,"(both,mul,False,all-sep)","rank,('add', 0.2),True,del"
"num_iters","(both,mul,False,all-sep) - rank,('add', 0.3),False,add",-1577.24230769231,237.469680591121,Inf,-6.64186814824596,8.88311335908485e-07,"(both,mul,False,all-sep)","rank,('add', 0.3),False,add"
"num_iters","(both,mul,False,all-sep) - (rank,('add', 0.3),False,all-sep)",-1240.76538461538,237.469680591121,Inf,-5.22494232327602,0.00499632569095401,"(both,mul,False,all-sep)","(rank,('add', 0.3),False,all-sep)"
"num_iters","(both,mul,False,all-sep) - (rank,('add', 0.3),False,all-uni)",-1577.24230769231,237.469680591121,Inf,-6.64186814824596,8.88311335908485e-07,"(both,mul,False,all-sep)","(rank,('add', 0.3),False,all-uni)"
"num_iters","(both,mul,False,all-sep) - rank,('add', 0.3),False,del",-1577.24230769231,237.469680591121,Inf,-6.64186814824596,8.8831133590849e-07,"(both,mul,False,all-sep)","rank,('add', 0.3),False,del"
"num_iters","(both,mul,False,all-sep) - rank,('add', 0.3),True,add",-1398.84615384615,237.469680591121,Inf,-5.89063054434604,0.000110339076066238,"(both,mul,False,all-sep)","rank,('add', 0.3),True,add"
"num_iters","(both,mul,False,all-sep) - (rank,('add', 0.3),True,all-sep)",-1165.04615384615,237.469680591121,Inf,-4.90608380381893,0.0266474021369644,"(both,mul,False,all-sep)","(rank,('add', 0.3),True,all-sep)"
"num_iters","(both,mul,False,all-sep) - (rank,('add', 0.3),True,all-uni)",-1398.84615384615,237.469680591121,Inf,-5.89063054434604,0.000110339076066238,"(both,mul,False,all-sep)","(rank,('add', 0.3),True,all-uni)"
"num_iters","(both,mul,False,all-sep) - rank,('add', 0.3),True,del",-1322.58461538462,237.469680591121,Inf,-5.56948833254155,0.000732741009021913,"(both,mul,False,all-sep)","rank,('add', 0.3),True,del"
"num_iters","(both,mul,False,all-sep) - rank,('add', 0.4),False,add",-1183.38076923077,237.469680591121,Inf,-4.98329204084093,0.0179282960728425,"(both,mul,False,all-sep)","rank,('add', 0.4),False,add"
"num_iters","(both,mul,False,all-sep) - (rank,('add', 0.4),False,all-uni)",-1183.38076923077,237.469680591121,Inf,-4.98329204084092,0.0179282960728426,"(both,mul,False,all-sep)","(rank,('add', 0.4),False,all-uni)"
"num_iters","(both,mul,False,all-sep) - rank,('add', 0.4),False,del",-1183.38076923077,237.469680591121,Inf,-4.98329204084092,0.0179282960728426,"(both,mul,False,all-sep)","rank,('add', 0.4),False,del"
"num_iters","(both,mul,False,all-sep) - rank,('add', 0.4),True,add",-1333.24615384615,237.469680591121,Inf,-5.61438475230764,0.000565749854766445,"(both,mul,False,all-sep)","rank,('add', 0.4),True,add"
"num_iters","(both,mul,False,all-sep) - (rank,('add', 0.4),True,all-uni)",-1333.24615384615,237.469680591121,Inf,-5.61438475230764,0.000565749854766445,"(both,mul,False,all-sep)","(rank,('add', 0.4),True,all-uni)"
"num_iters","(both,mul,False,all-sep) - rank,('add', 0.4),True,del",-1223.03461538462,237.469680591121,Inf,-5.15027692099547,0.00745972920604384,"(both,mul,False,all-sep)","rank,('add', 0.4),True,del"
"num_iters","(both,mul,False,all-sep) - rank,('add', 0.5),False,add",-1258.53846153846,237.469680591121,Inf,-5.29978588595246,0.00332511801458712,"(both,mul,False,all-sep)","rank,('add', 0.5),False,add"
"num_iters","(both,mul,False,all-sep) - (rank,('add', 0.5),False,all-uni)",-1245.14615384615,237.469680591121,Inf,-5.24339002245119,0.00452148214140905,"(both,mul,False,all-sep)","(rank,('add', 0.5),False,all-uni)"
"num_iters","(both,mul,False,all-sep) - rank,('add', 0.5),False,del",-1245.14615384615,237.469680591121,Inf,-5.24339002245119,0.00452148214140908,"(both,mul,False,all-sep)","rank,('add', 0.5),False,del"
"num_iters","(both,mul,False,all-sep) - rank,('add', 0.5),True,add",-1190.76923076923,237.469680591121,Inf,-5.01440532452443,0.0152571114336313,"(both,mul,False,all-sep)","rank,('add', 0.5),True,add"
"num_iters","(both,mul,False,all-sep) - (rank,('add', 0.5),True,all-uni)",-1224.22307692308,237.469680591121,Inf,-5.15528160848022,0.00726321125496662,"(both,mul,False,all-sep)","(rank,('add', 0.5),True,all-uni)"
"num_iters","(both,mul,False,all-sep) - rank,('add', 0.5),True,del",-1178.91153846154,237.469680591121,Inf,-4.96447182447433,0.0197571603450576,"(both,mul,False,all-sep)","rank,('add', 0.5),True,del"
"num_iters","(both,mul,False,all-sep) - rank,('add', 0.6),False,del",-1135.83076923077,237.469680591121,Inf,-4.78305595225212,0.0495160318777986,"(both,mul,False,all-sep)","rank,('add', 0.6),False,del"
"num_iters","(both,mul,False,all-sep) - score,('add', 0.1),False,add",-2542.10384615385,237.469680591121,Inf,-10.7049617442779,2.76677400685309e-22,"(both,mul,False,all-sep)","score,('add', 0.1),False,add"
"num_iters","(both,mul,False,all-sep) - (score,('add', 0.1),False,all-sep)",-2784.51923076923,237.469680591121,Inf,-11.7257884199695,2.69653753075876e-27,"(both,mul,False,all-sep)","(score,('add', 0.1),False,all-sep)"
"num_iters","(both,mul,False,all-sep) - (score,('add', 0.1),False,all-uni)",-2542.10384615385,237.469680591121,Inf,-10.7049617442779,2.76677400685314e-22,"(both,mul,False,all-sep)","(score,('add', 0.1),False,all-uni)"
"num_iters","(both,mul,False,all-sep) - score,('add', 0.1),False,del",-2548.41923076923,237.469680591121,Inf,-10.7315562324655,2.0754865459383e-22,"(both,mul,False,all-sep)","score,('add', 0.1),False,del"
"num_iters","(both,mul,False,all-sep) - score,('add', 0.1),True,add",-2365.67692307692,237.469680591121,Inf,-9.96201669698703,6.40948222207761e-19,"(both,mul,False,all-sep)","score,('add', 0.1),True,add"
"num_iters","(both,mul,False,all-sep) - (score,('add', 0.1),True,all-sep)",-2200.73076923077,237.469680591121,Inf,-9.26741790258278,5.46946494305767e-16,"(both,mul,False,all-sep)","(score,('add', 0.1),True,all-sep)"
"num_iters","(both,mul,False,all-sep) - (score,('add', 0.1),True,all-uni)",-2365.67692307692,237.469680591121,Inf,-9.96201669698703,6.40948222207749e-19,"(both,mul,False,all-sep)","(score,('add', 0.1),True,all-uni)"
"num_iters","(both,mul,False,all-sep) - score,('add', 0.1),True,del",-2220.73461538462,237.469680591121,Inf,-9.3516553770429,2.47469724529293e-16,"(both,mul,False,all-sep)","score,('add', 0.1),True,del"
"num_iters","(both,mul,False,all-sep) - score,('add', 0.2),False,add",-2003.60769230769,237.469680591121,Inf,-8.43732002889891,9.31229646044948e-13,"(both,mul,False,all-sep)","score,('add', 0.2),False,add"
"num_iters","(both,mul,False,all-sep) - (score,('add', 0.2),False,all-sep)",-2322.66538461538,237.469680591121,Inf,-9.7808923599581,3.90065389760982e-18,"(both,mul,False,all-sep)","(score,('add', 0.2),False,all-sep)"
"num_iters","(both,mul,False,all-sep) - (score,('add', 0.2),False,all-uni)",-2000.48846153846,237.469680591121,Inf,-8.42418474880141,1.04186034475816e-12,"(both,mul,False,all-sep)","(score,('add', 0.2),False,all-uni)"
"num_iters","(both,mul,False,all-sep) - score,('add', 0.2),False,del",-1984.14615384615,237.469680591121,Inf,-8.35536624678621,1.87079662437856e-12,"(both,mul,False,all-sep)","score,('add', 0.2),False,del"
"num_iters","(both,mul,False,all-sep) - score,('add', 0.2),True,add",-1945.36923076923,237.469680591121,Inf,-8.19207414574663,7.36394477643445e-12,"(both,mul,False,all-sep)","score,('add', 0.2),True,add"
"num_iters","(both,mul,False,all-sep) - (score,('add', 0.2),True,all-sep)",-1706.81923076923,237.469680591121,Inf,-7.18752485168016,1.89220304704402e-08,"(both,mul,False,all-sep)","(score,('add', 0.2),True,all-sep)"
"num_iters","(both,mul,False,all-sep) - (score,('add', 0.2),True,all-uni)",-1945.36923076923,237.469680591121,Inf,-8.19207414574662,7.36394477643456e-12,"(both,mul,False,all-sep)","(score,('add', 0.2),True,all-uni)"
"num_iters","(both,mul,False,all-sep) - score,('add', 0.2),True,del",-1709.73461538462,237.469680591121,Inf,-7.19980172259744,1.72940919262608e-08,"(both,mul,False,all-sep)","score,('add', 0.2),True,del"
"num_iters","(both,mul,False,all-sep) - score,('add', 0.3),False,add",-1814.41538461538,237.469680591121,Inf,-7.64061913124595,6.20003284597751e-10,"(both,mul,False,all-sep)","score,('add', 0.3),False,add"
"num_iters","(both,mul,False,all-sep) - (score,('add', 0.3),False,all-sep)",-1971.59615384615,237.469680591121,Inf,-8.30251739480325,2.92330138968648e-12,"(both,mul,False,all-sep)","(score,('add', 0.3),False,all-sep)"
"num_iters","(both,mul,False,all-sep) - (score,('add', 0.3),False,all-uni)",-1814.41538461538,237.469680591121,Inf,-7.64061913124596,6.20003284597747e-10,"(both,mul,False,all-sep)","(score,('add', 0.3),False,all-uni)"
"num_iters","(both,mul,False,all-sep) - score,('add', 0.3),False,del",-1814.41538461538,237.469680591121,Inf,-7.64061913124596,6.20003284597743e-10,"(both,mul,False,all-sep)","score,('add', 0.3),False,del"
"num_iters","(both,mul,False,all-sep) - score,('add', 0.3),True,add",-1753.52307692308,237.469680591121,Inf,-7.38419773235102,4.39880556428206e-09,"(both,mul,False,all-sep)","score,('add', 0.3),True,add"
"num_iters","(both,mul,False,all-sep) - (score,('add', 0.3),True,all-sep)",-1699.38846153846,237.469680591121,Inf,-7.15623340760076,2.37825766891443e-08,"(both,mul,False,all-sep)","(score,('add', 0.3),True,all-sep)"
"num_iters","(both,mul,False,all-sep) - (score,('add', 0.3),True,all-uni)",-1753.52307692308,237.469680591121,Inf,-7.38419773235102,4.39880556428206e-09,"(both,mul,False,all-sep)","(score,('add', 0.3),True,all-uni)"
"num_iters","(both,mul,False,all-sep) - score,('add', 0.3),True,del",-1512.99615384615,237.469680591121,Inf,-6.37132348887627,5.37474356967848e-06,"(both,mul,False,all-sep)","score,('add', 0.3),True,del"
"num_iters","(both,mul,False,all-sep) - score,('add', 0.4),False,add",-1532.03076923077,237.469680591121,Inf,-6.45147947063038,3.17669593347776e-06,"(both,mul,False,all-sep)","score,('add', 0.4),False,add"
"num_iters","(both,mul,False,all-sep) - (score,('add', 0.4),False,all-sep)",-1640.08461538462,237.469680591121,Inf,-6.90650112175179,1.4246876306023e-07,"(both,mul,False,all-sep)","(score,('add', 0.4),False,all-sep)"
"num_iters","(both,mul,False,all-sep) - (score,('add', 0.4),False,all-uni)",-1532.03076923077,237.469680591121,Inf,-6.45147947063038,3.17669593347776e-06,"(both,mul,False,all-sep)","(score,('add', 0.4),False,all-uni)"
"num_iters","(both,mul,False,all-sep) - score,('add', 0.4),False,del",-1498.57692307692,237.469680591121,Inf,-6.31060318667458,7.97160655693661e-06,"(both,mul,False,all-sep)","score,('add', 0.4),False,del"
"num_iters","(both,mul,False,all-sep) - score,('add', 0.4),True,add",-1568.93461538462,237.469680591121,Inf,-6.6068839250516,1.12567145552219e-06,"(both,mul,False,all-sep)","score,('add', 0.4),True,add"
"num_iters","(both,mul,False,all-sep) - (score,('add', 0.4),True,all-sep)",-1390.62692307692,237.469680591121,Inf,-5.8560188383431,0.000135970292706702,"(both,mul,False,all-sep)","(score,('add', 0.4),True,all-sep)"
"num_iters","(both,mul,False,all-sep) - (score,('add', 0.4),True,all-uni)",-1568.93461538462,237.469680591121,Inf,-6.6068839250516,1.12567145552218e-06,"(both,mul,False,all-sep)","(score,('add', 0.4),True,all-uni)"
"num_iters","(both,mul,False,all-sep) - score,('add', 0.4),True,del",-1444.6,237.469680591121,Inf,-6.08330291430903,3.3765427103853e-05,"(both,mul,False,all-sep)","score,('add', 0.4),True,del"
"num_iters","(both,mul,False,all-sep) - score,('add', 0.5),False,add",-1431.73076923077,237.469680591121,Inf,-6.02910976115703,4.72833663688157e-05,"(both,mul,False,all-sep)","score,('add', 0.5),False,add"
"num_iters","(both,mul,False,all-sep) - (score,('add', 0.5),False,all-sep)",-1474.89615384615,237.469680591121,Inf,-6.21088195417104,1.51109308931765e-05,"(both,mul,False,all-sep)","(score,('add', 0.5),False,all-sep)"
"num_iters","(both,mul,False,all-sep) - (score,('add', 0.5),False,all-uni)",-1431.73076923077,237.469680591121,Inf,-6.02910976115703,4.72833663688157e-05,"(both,mul,False,all-sep)","(score,('add', 0.5),False,all-uni)"
"num_iters","(both,mul,False,all-sep) - score,('add', 0.5),False,del",-1431.73076923077,237.469680591121,Inf,-6.02910976115703,4.72833663688154e-05,"(both,mul,False,all-sep)","score,('add', 0.5),False,del"
"num_iters","(both,mul,False,all-sep) - score,('add', 0.5),True,add",-1269.22307692308,237.469680591121,Inf,-5.34477948411631,0.00259631995552638,"(both,mul,False,all-sep)","score,('add', 0.5),True,add"
"num_iters","(both,mul,False,all-sep) - (score,('add', 0.5),True,all-sep)",-1257.53846153846,237.469680591121,Inf,-5.29557482204944,0.00340266980501235,"(both,mul,False,all-sep)","(score,('add', 0.5),True,all-sep)"
"num_iters","(both,mul,False,all-sep) - (score,('add', 0.5),True,all-uni)",-1269.22307692308,237.469680591121,Inf,-5.34477948411631,0.00259631995552638,"(both,mul,False,all-sep)","(score,('add', 0.5),True,all-uni)"
"num_iters","(both,mul,False,all-sep) - score,('add', 0.5),True,del",-1307.69230769231,237.469680591121,Inf,-5.50677587318574,0.0010481537964664,"(both,mul,False,all-sep)","score,('add', 0.5),True,del"
"num_iters","(both,mul,False,all-sep) - score,('add', 0.6),False,add",-1286.81153846154,237.469680591121,Inf,-5.41884561961066,0.00172037226216235,"(both,mul,False,all-sep)","score,('add', 0.6),False,add"
"num_iters","(both,mul,False,all-sep) - (score,('add', 0.6),False,all-sep)",-1379.5,237.469680591121,Inf,-5.80916265422214,0.00018007044420182,"(both,mul,False,all-sep)","(score,('add', 0.6),False,all-sep)"
"num_iters","(both,mul,False,all-sep) - (score,('add', 0.6),False,all-uni)",-1273.41923076923,237.469680591121,Inf,-5.36244975610939,0.00235465120510187,"(both,mul,False,all-sep)","(score,('add', 0.6),False,all-uni)"
"num_iters","(both,mul,False,all-sep) - score,('add', 0.6),False,del",-1286.81153846154,237.469680591121,Inf,-5.41884561961066,0.00172037226216235,"(both,mul,False,all-sep)","score,('add', 0.6),False,del"
"num_iters","(both,mul,False,all-sep) - score,('add', 0.6),True,add",-1176.19615384615,237.469680591121,Inf,-4.95303716633766,0.0209547588544817,"(both,mul,False,all-sep)","score,('add', 0.6),True,add"
"num_iters","(both,mul,False,all-sep) - (score,('add', 0.6),True,all-sep)",-1138.78461538462,237.469680591121,Inf,-4.79549478716566,0.0465401229754753,"(both,mul,False,all-sep)","(score,('add', 0.6),True,all-sep)"
"num_iters","(both,mul,False,all-sep) - (score,('add', 0.6),True,all-uni)",-1224.1,237.469680591121,Inf,-5.15476332369215,0.00728332816568212,"(both,mul,False,all-sep)","(score,('add', 0.6),True,all-uni)"
"num_iters","(both,mul,False,all-sep) - score,('add', 0.6),True,del",-1235.01153846154,237.469680591121,Inf,-5.200712509434,0.00569372517108373,"(both,mul,False,all-sep)","score,('add', 0.6),True,del"
"num_iters","(both,mul,False,all-sep) - (score,('add', 0.7),False,all-sep)",-1169.88846153846,237.469680591121,Inf,-4.92647507094935,0.024012699574915,"(both,mul,False,all-sep)","(score,('add', 0.7),False,all-sep)"
"num_iters","(both,mul,False,all-uni) - rank,('add', 0.1),False,add",-2062.28461538462,237.469680591121,Inf,-8.68441230160869,1.09186348939603e-13,"(both,mul,False,all-uni)","rank,('add', 0.1),False,add"
"num_iters","(both,mul,False,all-uni) - (rank,('add', 0.1),False,all-sep)",-2002.06538461538,237.469680591121,Inf,-8.43082527264848,9.84400622985343e-13,"(both,mul,False,all-uni)","(rank,('add', 0.1),False,all-sep)"
"num_iters","(both,mul,False,all-uni) - (rank,('add', 0.1),False,all-uni)",-2110.61538461538,237.469680591121,Inf,-8.88793625932178,1.78545549626343e-14,"(both,mul,False,all-uni)","(rank,('add', 0.1),False,all-uni)"
"num_iters","(both,mul,False,all-uni) - rank,('add', 0.1),False,del",-2089.42307692308,237.469680591121,Inf,-8.79869409737692,3.96981188768109e-14,"(both,mul,False,all-uni)","rank,('add', 0.1),False,del"
"num_iters","(both,mul,False,all-uni) - rank,('add', 0.1),True,add",-1420.07307692308,237.469680591121,Inf,-5.98001847388754,6.39886120929523e-05,"(both,mul,False,all-uni)","rank,('add', 0.1),True,add"
"num_iters","(both,mul,False,all-uni) - (rank,('add', 0.1),True,all-sep)",-1457.16923076923,237.469680591121,Inf,-6.13623274829012,2.42349813636227e-05,"(both,mul,False,all-uni)","(rank,('add', 0.1),True,all-sep)"
"num_iters","(both,mul,False,all-uni) - (rank,('add', 0.1),True,all-uni)",-1380.55,237.469680591121,Inf,-5.81358427132032,0.00017537580790307,"(both,mul,False,all-uni)","(rank,('add', 0.1),True,all-uni)"
"num_iters","(both,mul,False,all-uni) - rank,('add', 0.1),True,del",-1697.55769230769,237.469680591121,Inf,-7.1485239213783,2.51569391750516e-08,"(both,mul,False,all-uni)","rank,('add', 0.1),True,del"
"num_iters","(both,mul,False,all-uni) - rank,('add', 0.2),False,add",-1458.64615384615,237.469680591121,Inf,-6.1424521657469,2.33045512387286e-05,"(both,mul,False,all-uni)","rank,('add', 0.2),False,add"
"num_iters","(both,mul,False,all-uni) - (rank,('add', 0.2),False,all-sep)",-1193.38846153846,237.469680591121,Inf,-5.02543507267042,0.0144057485280592,"(both,mul,False,all-uni)","(rank,('add', 0.2),False,all-sep)"
"num_iters","(both,mul,False,all-uni) - (rank,('add', 0.2),False,all-uni)",-1425.19230769231,237.469680591121,Inf,-6.0015758817911,5.60440411495371e-05,"(both,mul,False,all-uni)","(rank,('add', 0.2),False,all-uni)"
"num_iters","(both,mul,False,all-uni) - rank,('add', 0.2),False,del",-1425.19230769231,237.469680591121,Inf,-6.0015758817911,5.60440411495377e-05,"(both,mul,False,all-uni)","rank,('add', 0.2),False,del"
"num_iters","(both,mul,False,all-uni) - rank,('add', 0.2),True,add",-1201.55769230769,237.469680591121,Inf,-5.05983622547821,0.0120346080283029,"(both,mul,False,all-uni)","rank,('add', 0.2),True,add"
"num_iters","(both,mul,False,all-uni) - (rank,('add', 0.2),True,all-uni)",-1201.55769230769,237.469680591121,Inf,-5.05983622547821,0.012034608028303,"(both,mul,False,all-uni)","(rank,('add', 0.2),True,all-uni)"
"num_iters","(both,mul,False,all-uni) - rank,('add', 0.2),True,del",-1149.89230769231,237.469680591121,Inf,-4.84226998928849,0.0368148481348589,"(both,mul,False,all-uni)","rank,('add', 0.2),True,del"
"num_iters","(both,mul,False,all-uni) - rank,('add', 0.3),False,add",-1182.28461538462,237.469680591121,Inf,-4.97867606694723,0.0183611334827152,"(both,mul,False,all-uni)","rank,('add', 0.3),False,add"
"num_iters","(both,mul,False,all-uni) - (rank,('add', 0.3),False,all-uni)",-1182.28461538462,237.469680591121,Inf,-4.97867606694723,0.0183611334827152,"(both,mul,False,all-uni)","(rank,('add', 0.3),False,all-uni)"
"num_iters","(both,mul,False,all-uni) - rank,('add', 0.3),False,del",-1182.28461538462,237.469680591121,Inf,-4.97867606694723,0.0183611334827152,"(both,mul,False,all-uni)","rank,('add', 0.3),False,del"
"num_iters","(both,mul,False,all-uni) - score,('add', 0.1),False,add",-2147.14615384615,237.469680591121,Inf,-9.04176966297919,4.42118376405597e-15,"(both,mul,False,all-uni)","score,('add', 0.1),False,add"
"num_iters","(both,mul,False,all-uni) - (score,('add', 0.1),False,all-sep)",-2389.56153846154,237.469680591121,Inf,-10.0625963386708,2.31842878651068e-19,"(both,mul,False,all-uni)","(score,('add', 0.1),False,all-sep)"
"num_iters","(both,mul,False,all-uni) - (score,('add', 0.1),False,all-uni)",-2147.14615384615,237.469680591121,Inf,-9.04176966297919,4.42118376405604e-15,"(both,mul,False,all-uni)","(score,('add', 0.1),False,all-uni)"
"num_iters","(both,mul,False,all-uni) - score,('add', 0.1),False,del",-2153.46153846154,237.469680591121,Inf,-9.06836415116675,3.46503682140519e-15,"(both,mul,False,all-uni)","score,('add', 0.1),False,del"
"num_iters","(both,mul,False,all-uni) - score,('add', 0.1),True,add",-1970.71923076923,237.469680591121,Inf,-8.29882461568829,3.01560039752924e-12,"(both,mul,False,all-uni)","score,('add', 0.1),True,add"
"num_iters","(both,mul,False,all-uni) - (score,('add', 0.1),True,all-sep)",-1805.77307692308,237.469680591121,Inf,-7.60422582128405,8.22010125468929e-10,"(both,mul,False,all-uni)","(score,('add', 0.1),True,all-sep)"
"num_iters","(both,mul,False,all-uni) - (score,('add', 0.1),True,all-uni)",-1970.71923076923,237.469680591121,Inf,-8.29882461568829,3.01560039752919e-12,"(both,mul,False,all-uni)","(score,('add', 0.1),True,all-uni)"
"num_iters","(both,mul,False,all-uni) - score,('add', 0.1),True,del",-1825.77692307692,237.469680591121,Inf,-7.68846329574417,4.27081693467936e-10,"(both,mul,False,all-uni)","score,('add', 0.1),True,del"
"num_iters","(both,mul,False,all-uni) - score,('add', 0.2),False,add",-1608.65,237.469680591121,Inf,-6.77412794760018,3.58955649343745e-07,"(both,mul,False,all-uni)","score,('add', 0.2),False,add"
"num_iters","(both,mul,False,all-uni) - (score,('add', 0.2),False,all-sep)",-1927.70769230769,237.469680591121,Inf,-8.11770027865937,1.36258783100286e-11,"(both,mul,False,all-uni)","(score,('add', 0.2),False,all-sep)"
"num_iters","(both,mul,False,all-uni) - (score,('add', 0.2),False,all-uni)",-1605.53076923077,237.469680591121,Inf,-6.76099266750267,3.93057853876009e-07,"(both,mul,False,all-uni)","(score,('add', 0.2),False,all-uni)"
"num_iters","(both,mul,False,all-uni) - score,('add', 0.2),False,del",-1589.18846153846,237.469680591121,Inf,-6.69217416548747,6.3061281086559e-07,"(both,mul,False,all-uni)","score,('add', 0.2),False,del"
"num_iters","(both,mul,False,all-uni) - score,('add', 0.2),True,add",-1550.41153846154,237.469680591121,Inf,-6.52888206444789,1.90040559744673e-06,"(both,mul,False,all-uni)","score,('add', 0.2),True,add"
"num_iters","(both,mul,False,all-uni) - (score,('add', 0.2),True,all-sep)",-1311.86153846154,237.469680591121,Inf,-5.52433277038142,0.000948562557616205,"(both,mul,False,all-uni)","(score,('add', 0.2),True,all-sep)"
"num_iters","(both,mul,False,all-uni) - (score,('add', 0.2),True,all-uni)",-1550.41153846154,237.469680591121,Inf,-6.52888206444789,1.90040559744673e-06,"(both,mul,False,all-uni)","(score,('add', 0.2),True,all-uni)"
"num_iters","(both,mul,False,all-uni) - score,('add', 0.2),True,del",-1314.77692307692,237.469680591121,Inf,-5.5366096412987,0.000884441923637745,"(both,mul,False,all-uni)","score,('add', 0.2),True,del"
"num_iters","(both,mul,False,all-uni) - score,('add', 0.3),False,add",-1419.45769230769,237.469680591121,Inf,-5.97742704994722,6.50145154205832e-05,"(both,mul,False,all-uni)","score,('add', 0.3),False,add"
"num_iters","(both,mul,False,all-uni) - (score,('add', 0.3),False,all-sep)",-1576.63846153846,237.469680591121,Inf,-6.63932531350452,9.03770518028917e-07,"(both,mul,False,all-uni)","(score,('add', 0.3),False,all-sep)"
"num_iters","(both,mul,False,all-uni) - (score,('add', 0.3),False,all-uni)",-1419.45769230769,237.469680591121,Inf,-5.97742704994722,6.50145154205832e-05,"(both,mul,False,all-uni)","(score,('add', 0.3),False,all-uni)"
"num_iters","(both,mul,False,all-uni) - score,('add', 0.3),False,del",-1419.45769230769,237.469680591121,Inf,-5.97742704994722,6.50145154205828e-05,"(both,mul,False,all-uni)","score,('add', 0.3),False,del"
"num_iters","(both,mul,False,all-uni) - score,('add', 0.3),True,add",-1358.56538461538,237.469680591121,Inf,-5.72100565105229,0.000303707935016882,"(both,mul,False,all-uni)","score,('add', 0.3),True,add"
"num_iters","(both,mul,False,all-uni) - (score,('add', 0.3),True,all-sep)",-1304.43076923077,237.469680591121,Inf,-5.49304132630203,0.00113306161065544,"(both,mul,False,all-uni)","(score,('add', 0.3),True,all-sep)"
"num_iters","(both,mul,False,all-uni) - (score,('add', 0.3),True,all-uni)",-1358.56538461538,237.469680591121,Inf,-5.72100565105229,0.000303707935016882,"(both,mul,False,all-uni)","(score,('add', 0.3),True,all-uni)"
"num_iters","(both,mul,False,all-uni) - score,('add', 0.4),False,add",-1137.07307692308,237.469680591121,Inf,-4.78828738933164,0.0482428129732206,"(both,mul,False,all-uni)","score,('add', 0.4),False,add"
"num_iters","(both,mul,False,all-uni) - (score,('add', 0.4),False,all-sep)",-1245.12692307692,237.469680591121,Inf,-5.24330904045305,0.00452346796488914,"(both,mul,False,all-uni)","(score,('add', 0.4),False,all-sep)"
"num_iters","(both,mul,False,all-uni) - (score,('add', 0.4),False,all-uni)",-1137.07307692308,237.469680591121,Inf,-4.78828738933164,0.0482428129732208,"(both,mul,False,all-uni)","(score,('add', 0.4),False,all-uni)"
"num_iters","(both,mul,False,all-uni) - score,('add', 0.4),True,add",-1173.97692307692,237.469680591121,Inf,-4.94369184375287,0.0219851821954105,"(both,mul,False,all-uni)","score,('add', 0.4),True,add"
"num_iters","(both,mul,False,all-uni) - (score,('add', 0.4),True,all-uni)",-1173.97692307692,237.469680591121,Inf,-4.94369184375287,0.0219851821954105,"(both,mul,False,all-uni)","(score,('add', 0.4),True,all-uni)"
"num_iters","both,mul,False,del - rank,('add', 0.1),False,add",-2062.28461538461,237.469680591121,Inf,-8.68441230160869,1.09186348939605e-13,"both,mul,False,del","rank,('add', 0.1),False,add"
"num_iters","both,mul,False,del - (rank,('add', 0.1),False,all-sep)",-2002.06538461538,237.469680591121,Inf,-8.43082527264848,9.84400622985357e-13,"both,mul,False,del","(rank,('add', 0.1),False,all-sep)"
"num_iters","both,mul,False,del - (rank,('add', 0.1),False,all-uni)",-2110.61538461538,237.469680591121,Inf,-8.88793625932178,1.78545549626346e-14,"both,mul,False,del","(rank,('add', 0.1),False,all-uni)"
"num_iters","both,mul,False,del - rank,('add', 0.1),False,del",-2089.42307692308,237.469680591121,Inf,-8.79869409737691,3.96981188768121e-14,"both,mul,False,del","rank,('add', 0.1),False,del"
"num_iters","both,mul,False,del - rank,('add', 0.1),True,add",-1420.07307692308,237.469680591121,Inf,-5.98001847388754,6.39886120929527e-05,"both,mul,False,del","rank,('add', 0.1),True,add"
"num_iters","both,mul,False,del - (rank,('add', 0.1),True,all-sep)",-1457.16923076923,237.469680591121,Inf,-6.13623274829012,2.42349813636229e-05,"both,mul,False,del","(rank,('add', 0.1),True,all-sep)"
"num_iters","both,mul,False,del - (rank,('add', 0.1),True,all-uni)",-1380.55,237.469680591121,Inf,-5.81358427132032,0.000175375807903071,"both,mul,False,del","(rank,('add', 0.1),True,all-uni)"
"num_iters","both,mul,False,del - rank,('add', 0.1),True,del",-1697.55769230769,237.469680591121,Inf,-7.1485239213783,2.51569391750521e-08,"both,mul,False,del","rank,('add', 0.1),True,del"
"num_iters","both,mul,False,del - rank,('add', 0.2),False,add",-1458.64615384615,237.469680591121,Inf,-6.14245216574689,2.33045512387289e-05,"both,mul,False,del","rank,('add', 0.2),False,add"
"num_iters","both,mul,False,del - (rank,('add', 0.2),False,all-sep)",-1193.38846153846,237.469680591121,Inf,-5.02543507267042,0.0144057485280594,"both,mul,False,del","(rank,('add', 0.2),False,all-sep)"
"num_iters","both,mul,False,del - (rank,('add', 0.2),False,all-uni)",-1425.19230769231,237.469680591121,Inf,-6.0015758817911,5.60440411495377e-05,"both,mul,False,del","(rank,('add', 0.2),False,all-uni)"
"num_iters","both,mul,False,del - rank,('add', 0.2),False,del",-1425.19230769231,237.469680591121,Inf,-6.0015758817911,5.60440411495383e-05,"both,mul,False,del","rank,('add', 0.2),False,del"
"num_iters","both,mul,False,del - rank,('add', 0.2),True,add",-1201.55769230769,237.469680591121,Inf,-5.05983622547821,0.0120346080283031,"both,mul,False,del","rank,('add', 0.2),True,add"
"num_iters","both,mul,False,del - (rank,('add', 0.2),True,all-uni)",-1201.55769230769,237.469680591121,Inf,-5.05983622547821,0.0120346080283032,"both,mul,False,del","(rank,('add', 0.2),True,all-uni)"
"num_iters","both,mul,False,del - rank,('add', 0.2),True,del",-1149.89230769231,237.469680591121,Inf,-4.84226998928849,0.0368148481348594,"both,mul,False,del","rank,('add', 0.2),True,del"
"num_iters","both,mul,False,del - rank,('add', 0.3),False,add",-1182.28461538462,237.469680591121,Inf,-4.97867606694723,0.0183611334827153,"both,mul,False,del","rank,('add', 0.3),False,add"
"num_iters","both,mul,False,del - (rank,('add', 0.3),False,all-uni)",-1182.28461538462,237.469680591121,Inf,-4.97867606694722,0.0183611334827154,"both,mul,False,del","(rank,('add', 0.3),False,all-uni)"
"num_iters","both,mul,False,del - rank,('add', 0.3),False,del",-1182.28461538462,237.469680591121,Inf,-4.97867606694722,0.0183611334827154,"both,mul,False,del","rank,('add', 0.3),False,del"
"num_iters","both,mul,False,del - score,('add', 0.1),False,add",-2147.14615384615,237.469680591121,Inf,-9.04176966297918,4.42118376405611e-15,"both,mul,False,del","score,('add', 0.1),False,add"
"num_iters","both,mul,False,del - (score,('add', 0.1),False,all-sep)",-2389.56153846154,237.469680591121,Inf,-10.0625963386708,2.31842878651072e-19,"both,mul,False,del","(score,('add', 0.1),False,all-sep)"
"num_iters","both,mul,False,del - (score,('add', 0.1),False,all-uni)",-2147.14615384615,237.469680591121,Inf,-9.04176966297918,4.42118376405618e-15,"both,mul,False,del","(score,('add', 0.1),False,all-uni)"
"num_iters","both,mul,False,del - score,('add', 0.1),False,del",-2153.46153846154,237.469680591121,Inf,-9.06836415116675,3.46503682140519e-15,"both,mul,False,del","score,('add', 0.1),False,del"
"num_iters","both,mul,False,del - score,('add', 0.1),True,add",-1970.71923076923,237.469680591121,Inf,-8.29882461568829,3.01560039752929e-12,"both,mul,False,del","score,('add', 0.1),True,add"
"num_iters","both,mul,False,del - (score,('add', 0.1),True,all-sep)",-1805.77307692308,237.469680591121,Inf,-7.60422582128405,8.22010125468941e-10,"both,mul,False,del","(score,('add', 0.1),True,all-sep)"
"num_iters","both,mul,False,del - (score,('add', 0.1),True,all-uni)",-1970.71923076923,237.469680591121,Inf,-8.29882461568829,3.01560039752924e-12,"both,mul,False,del","(score,('add', 0.1),True,all-uni)"
"num_iters","both,mul,False,del - score,('add', 0.1),True,del",-1825.77692307692,237.469680591121,Inf,-7.68846329574416,4.27081693467948e-10,"both,mul,False,del","score,('add', 0.1),True,del"
"num_iters","both,mul,False,del - score,('add', 0.2),False,add",-1608.65,237.469680591121,Inf,-6.77412794760018,3.58955649343749e-07,"both,mul,False,del","score,('add', 0.2),False,add"
"num_iters","both,mul,False,del - (score,('add', 0.2),False,all-sep)",-1927.70769230769,237.469680591121,Inf,-8.11770027865936,1.3625878310029e-11,"both,mul,False,del","(score,('add', 0.2),False,all-sep)"
"num_iters","both,mul,False,del - (score,('add', 0.2),False,all-uni)",-1605.53076923077,237.469680591121,Inf,-6.76099266750267,3.93057853876016e-07,"both,mul,False,del","(score,('add', 0.2),False,all-uni)"
"num_iters","both,mul,False,del - score,('add', 0.2),False,del",-1589.18846153846,237.469680591121,Inf,-6.69217416548747,6.30612810865593e-07,"both,mul,False,del","score,('add', 0.2),False,del"
"num_iters","both,mul,False,del - score,('add', 0.2),True,add",-1550.41153846154,237.469680591121,Inf,-6.52888206444789,1.90040559744675e-06,"both,mul,False,del","score,('add', 0.2),True,add"
"num_iters","both,mul,False,del - (score,('add', 0.2),True,all-sep)",-1311.86153846154,237.469680591121,Inf,-5.52433277038142,0.000948562557616215,"both,mul,False,del","(score,('add', 0.2),True,all-sep)"
"num_iters","both,mul,False,del - (score,('add', 0.2),True,all-uni)",-1550.41153846154,237.469680591121,Inf,-6.52888206444789,1.90040559744675e-06,"both,mul,False,del","(score,('add', 0.2),True,all-uni)"
"num_iters","both,mul,False,del - score,('add', 0.2),True,del",-1314.77692307692,237.469680591121,Inf,-5.5366096412987,0.000884441923637754,"both,mul,False,del","score,('add', 0.2),True,del"
"num_iters","both,mul,False,del - score,('add', 0.3),False,add",-1419.45769230769,237.469680591121,Inf,-5.97742704994722,6.50145154205835e-05,"both,mul,False,del","score,('add', 0.3),False,add"
"num_iters","both,mul,False,del - (score,('add', 0.3),False,all-sep)",-1576.63846153846,237.469680591121,Inf,-6.63932531350452,9.03770518028934e-07,"both,mul,False,del","(score,('add', 0.3),False,all-sep)"
"num_iters","both,mul,False,del - (score,('add', 0.3),False,all-uni)",-1419.45769230769,237.469680591121,Inf,-5.97742704994722,6.50145154205842e-05,"both,mul,False,del","(score,('add', 0.3),False,all-uni)"
"num_iters","both,mul,False,del - score,('add', 0.3),False,del",-1419.45769230769,237.469680591121,Inf,-5.97742704994722,6.50145154205835e-05,"both,mul,False,del","score,('add', 0.3),False,del"
"num_iters","both,mul,False,del - score,('add', 0.3),True,add",-1358.56538461538,237.469680591121,Inf,-5.72100565105229,0.000303707935016883,"both,mul,False,del","score,('add', 0.3),True,add"
"num_iters","both,mul,False,del - (score,('add', 0.3),True,all-sep)",-1304.43076923077,237.469680591121,Inf,-5.49304132630203,0.00113306161065545,"both,mul,False,del","(score,('add', 0.3),True,all-sep)"
"num_iters","both,mul,False,del - (score,('add', 0.3),True,all-uni)",-1358.56538461538,237.469680591121,Inf,-5.72100565105229,0.000303707935016885,"both,mul,False,del","(score,('add', 0.3),True,all-uni)"
"num_iters","both,mul,False,del - score,('add', 0.4),False,add",-1137.07307692308,237.469680591121,Inf,-4.78828738933164,0.0482428129732211,"both,mul,False,del","score,('add', 0.4),False,add"
"num_iters","both,mul,False,del - (score,('add', 0.4),False,all-sep)",-1245.12692307692,237.469680591121,Inf,-5.24330904045305,0.00452346796488919,"both,mul,False,del","(score,('add', 0.4),False,all-sep)"
"num_iters","both,mul,False,del - (score,('add', 0.4),False,all-uni)",-1137.07307692308,237.469680591121,Inf,-4.78828738933164,0.0482428129732213,"both,mul,False,del","(score,('add', 0.4),False,all-uni)"
"num_iters","both,mul,False,del - score,('add', 0.4),True,add",-1173.97692307692,237.469680591121,Inf,-4.94369184375287,0.0219851821954107,"both,mul,False,del","score,('add', 0.4),True,add"
"num_iters","both,mul,False,del - (score,('add', 0.4),True,all-uni)",-1173.97692307692,237.469680591121,Inf,-4.94369184375287,0.0219851821954106,"both,mul,False,del","(score,('add', 0.4),True,all-uni)"
"num_iters","both,mul,True,add - rank,('add', 0.1),False,add",-2089.40384615385,237.469680591121,Inf,-8.79861311537878,3.97267719103741e-14,"both,mul,True,add","rank,('add', 0.1),False,add"
"num_iters","both,mul,True,add - (rank,('add', 0.1),False,all-sep)",-2029.18461538461,237.469680591121,Inf,-8.54502608641858,3.68558774254721e-13,"both,mul,True,add","(rank,('add', 0.1),False,all-sep)"
"num_iters","both,mul,True,add - (rank,('add', 0.1),False,all-uni)",-2137.73461538461,237.469680591121,Inf,-9.00213707309188,6.34877524797655e-15,"both,mul,True,add","(rank,('add', 0.1),False,all-uni)"
"num_iters","both,mul,True,add - rank,('add', 0.1),False,del",-2116.54230769231,237.469680591121,Inf,-8.91289491114701,1.42588643240393e-14,"both,mul,True,add","rank,('add', 0.1),False,del"
"num_iters","both,mul,True,add - rank,('add', 0.1),True,add",-1447.19230769231,237.469680591121,Inf,-6.09421928765764,3.15402060545436e-05,"both,mul,True,add","rank,('add', 0.1),True,add"
"num_iters","both,mul,True,add - (rank,('add', 0.1),True,all-sep)",-1484.28846153846,237.469680591121,Inf,-6.25043356206022,1.17391491744227e-05,"both,mul,True,add","(rank,('add', 0.1),True,all-sep)"
"num_iters","both,mul,True,add - (rank,('add', 0.1),True,all-uni)",-1407.66923076923,237.469680591121,Inf,-5.92778508509041,8.80613623585192e-05,"both,mul,True,add","(rank,('add', 0.1),True,all-uni)"
"num_iters","both,mul,True,add - rank,('add', 0.1),True,del",-1724.67692307692,237.469680591121,Inf,-7.2627247351484,1.0880316322091e-08,"both,mul,True,add","rank,('add', 0.1),True,del"
"num_iters","both,mul,True,add - rank,('add', 0.2),False,add",-1485.76538461538,237.469680591121,Inf,-6.25665297951699,1.12806261796843e-05,"both,mul,True,add","rank,('add', 0.2),False,add"
"num_iters","both,mul,True,add - (rank,('add', 0.2),False,all-sep)",-1220.50769230769,237.469680591121,Inf,-5.13963588644052,0.00789478265772029,"both,mul,True,add","(rank,('add', 0.2),False,all-sep)"
"num_iters","both,mul,True,add - (rank,('add', 0.2),False,all-uni)",-1452.31153846154,237.469680591121,Inf,-6.1157766955612,2.75579810515736e-05,"both,mul,True,add","(rank,('add', 0.2),False,all-uni)"
"num_iters","both,mul,True,add - rank,('add', 0.2),False,del",-1452.31153846154,237.469680591121,Inf,-6.1157766955612,2.75579810515739e-05,"both,mul,True,add","rank,('add', 0.2),False,del"
"num_iters","both,mul,True,add - rank,('add', 0.2),True,add",-1228.67692307692,237.469680591121,Inf,-5.1740370392483,0.00657028341328722,"both,mul,True,add","rank,('add', 0.2),True,add"
"num_iters","both,mul,True,add - (rank,('add', 0.2),True,all-uni)",-1228.67692307692,237.469680591121,Inf,-5.1740370392483,0.00657028341328725,"both,mul,True,add","(rank,('add', 0.2),True,all-uni)"
"num_iters","both,mul,True,add - rank,('add', 0.2),True,del",-1177.01153846154,237.469680591121,Inf,-4.95647080305858,0.0205879806810825,"both,mul,True,add","rank,('add', 0.2),True,del"
"num_iters","both,mul,True,add - rank,('add', 0.3),False,add",-1209.40384615385,237.469680591121,Inf,-5.09287688071732,0.0101145965564122,"both,mul,True,add","rank,('add', 0.3),False,add"
"num_iters","both,mul,True,add - (rank,('add', 0.3),False,all-uni)",-1209.40384615385,237.469680591121,Inf,-5.09287688071732,0.0101145965564122,"both,mul,True,add","(rank,('add', 0.3),False,all-uni)"
"num_iters","both,mul,True,add - rank,('add', 0.3),False,del",-1209.40384615385,237.469680591121,Inf,-5.09287688071732,0.0101145965564122,"both,mul,True,add","rank,('add', 0.3),False,del"
"num_iters","both,mul,True,add - score,('add', 0.1),False,add",-2174.26538461538,237.469680591121,Inf,-9.15597047674928,1.54503140300948e-15,"both,mul,True,add","score,('add', 0.1),False,add"
"num_iters","both,mul,True,add - (score,('add', 0.1),False,all-sep)",-2416.68076923077,237.469680591121,Inf,-10.1767971524409,7.21904326322032e-20,"both,mul,True,add","(score,('add', 0.1),False,all-sep)"
"num_iters","both,mul,True,add - (score,('add', 0.1),False,all-uni)",-2174.26538461538,237.469680591121,Inf,-9.15597047674928,1.54503140300948e-15,"both,mul,True,add","(score,('add', 0.1),False,all-uni)"
"num_iters","both,mul,True,add - score,('add', 0.1),False,del",-2180.58076923077,237.469680591121,Inf,-9.18256496493684,1.20726452215858e-15,"both,mul,True,add","score,('add', 0.1),False,del"
"num_iters","both,mul,True,add - score,('add', 0.1),True,add",-1997.83846153846,237.469680591121,Inf,-8.41302542945839,1.14596188014442e-12,"both,mul,True,add","score,('add', 0.1),True,add"
"num_iters","both,mul,True,add - (score,('add', 0.1),True,all-sep)",-1832.89230769231,237.469680591121,Inf,-7.71842663505414,3.37777031403078e-10,"both,mul,True,add","(score,('add', 0.1),True,all-sep)"
"num_iters","both,mul,True,add - (score,('add', 0.1),True,all-uni)",-1997.83846153846,237.469680591121,Inf,-8.41302542945839,1.1459618801444e-12,"both,mul,True,add","(score,('add', 0.1),True,all-uni)"
"num_iters","both,mul,True,add - score,('add', 0.1),True,del",-1852.89615384615,237.469680591121,Inf,-7.80266410951426,1.73840170353402e-10,"both,mul,True,add","score,('add', 0.1),True,del"
"num_iters","both,mul,True,add - score,('add', 0.2),False,add",-1635.76923076923,237.469680591121,Inf,-6.88832876137027,1.61903277906059e-07,"both,mul,True,add","score,('add', 0.2),False,add"
"num_iters","both,mul,True,add - (score,('add', 0.2),False,all-sep)",-1954.82692307692,237.469680591121,Inf,-8.23190109242946,5.28473093313341e-12,"both,mul,True,add","(score,('add', 0.2),False,all-sep)"
"num_iters","both,mul,True,add - (score,('add', 0.2),False,all-uni)",-1632.65,237.469680591121,Inf,-6.87519348127277,1.77545775706965e-07,"both,mul,True,add","(score,('add', 0.2),False,all-uni)"
"num_iters","both,mul,True,add - score,('add', 0.2),False,del",-1616.30769230769,237.469680591121,Inf,-6.80637497925757,2.87054188680492e-07,"both,mul,True,add","score,('add', 0.2),False,del"
"num_iters","both,mul,True,add - score,('add', 0.2),True,add",-1577.53076923077,237.469680591121,Inf,-6.64308287821799,8.81018018640119e-07,"both,mul,True,add","score,('add', 0.2),True,add"
"num_iters","both,mul,True,add - (score,('add', 0.2),True,all-sep)",-1338.98076923077,237.469680591121,Inf,-5.63853358415152,0.000491874547644042,"both,mul,True,add","(score,('add', 0.2),True,all-sep)"
"num_iters","both,mul,True,add - (score,('add', 0.2),True,all-uni)",-1577.53076923077,237.469680591121,Inf,-6.64308287821799,8.81018018640114e-07,"both,mul,True,add","(score,('add', 0.2),True,all-uni)"
"num_iters","both,mul,True,add - score,('add', 0.2),True,del",-1341.89615384615,237.469680591121,Inf,-5.6508104550688,0.000457999827968295,"both,mul,True,add","score,('add', 0.2),True,del"
"num_iters","both,mul,True,add - score,('add', 0.3),False,add",-1446.57692307692,237.469680591121,Inf,-6.09162786371732,3.20551372377043e-05,"both,mul,True,add","score,('add', 0.3),False,add"
"num_iters","both,mul,True,add - (score,('add', 0.3),False,all-sep)",-1603.75769230769,237.469680591121,Inf,-6.75352612727461,4.13836642597871e-07,"both,mul,True,add","(score,('add', 0.3),False,all-sep)"
"num_iters","both,mul,True,add - (score,('add', 0.3),False,all-uni)",-1446.57692307692,237.469680591121,Inf,-6.09162786371732,3.20551372377043e-05,"both,mul,True,add","(score,('add', 0.3),False,all-uni)"
"num_iters","both,mul,True,add - score,('add', 0.3),False,del",-1446.57692307692,237.469680591121,Inf,-6.09162786371732,3.20551372377041e-05,"both,mul,True,add","score,('add', 0.3),False,del"
"num_iters","both,mul,True,add - score,('add', 0.3),True,add",-1385.68461538462,237.469680591121,Inf,-5.83520646482239,0.00015408043027774,"both,mul,True,add","score,('add', 0.3),True,add"
"num_iters","both,mul,True,add - (score,('add', 0.3),True,all-sep)",-1331.55,237.469680591121,Inf,-5.60724214007212,0.000589591856855407,"both,mul,True,add","(score,('add', 0.3),True,all-sep)"
"num_iters","both,mul,True,add - (score,('add', 0.3),True,all-uni)",-1385.68461538462,237.469680591121,Inf,-5.83520646482238,0.000154080430277741,"both,mul,True,add","(score,('add', 0.3),True,all-uni)"
"num_iters","both,mul,True,add - score,('add', 0.3),True,del",-1145.15769230769,237.469680591121,Inf,-4.82233222134763,0.0406938696873946,"both,mul,True,add","score,('add', 0.3),True,del"
"num_iters","both,mul,True,add - score,('add', 0.4),False,add",-1164.19230769231,237.469680591121,Inf,-4.90248820310174,0.027139969934945,"both,mul,True,add","score,('add', 0.4),False,add"
"num_iters","both,mul,True,add - (score,('add', 0.4),False,all-sep)",-1272.24615384615,237.469680591121,Inf,-5.35750985422315,0.00241992568387482,"both,mul,True,add","(score,('add', 0.4),False,all-sep)"
"num_iters","both,mul,True,add - (score,('add', 0.4),False,all-uni)",-1164.19230769231,237.469680591121,Inf,-4.90248820310174,0.0271399699349451,"both,mul,True,add","(score,('add', 0.4),False,all-uni)"
"num_iters","both,mul,True,add - score,('add', 0.4),True,add",-1201.09615384615,237.469680591121,Inf,-5.05789265752296,0.0121578800915505,"both,mul,True,add","score,('add', 0.4),True,add"
"num_iters","both,mul,True,add - (score,('add', 0.4),True,all-uni)",-1201.09615384615,237.469680591121,Inf,-5.05789265752296,0.0121578800915505,"both,mul,True,add","(score,('add', 0.4),True,all-uni)"
"num_iters","(both,mul,True,all-sep) - rank,('add', 0.1),False,add",-2315.76923076923,237.469680591121,Inf,-9.75185221542686,5.19488891715954e-18,"(both,mul,True,all-sep)","rank,('add', 0.1),False,add"
"num_iters","(both,mul,True,all-sep) - (rank,('add', 0.1),False,all-sep)",-2255.55,237.469680591121,Inf,-9.49826518646666,6.12076916593292e-17,"(both,mul,True,all-sep)","(rank,('add', 0.1),False,all-sep)"
"num_iters","(both,mul,True,all-sep) - (rank,('add', 0.1),False,all-uni)",-2364.1,237.469680591121,Inf,-9.95537617313995,6.85215665958671e-19,"(both,mul,True,all-sep)","(rank,('add', 0.1),False,all-uni)"
"num_iters","(both,mul,True,all-sep) - rank,('add', 0.1),False,del",-2342.90769230769,237.469680591121,Inf,-9.86613401119509,1.67408297042597e-18,"(both,mul,True,all-sep)","rank,('add', 0.1),False,del"
"num_iters","(both,mul,True,all-sep) - rank,('add', 0.1),True,add",-1673.55769230769,237.469680591121,Inf,-7.04745838770572,5.22593456845688e-08,"(both,mul,True,all-sep)","rank,('add', 0.1),True,add"
"num_iters","(both,mul,True,all-sep) - (rank,('add', 0.1),True,all-sep)",-1710.65384615385,237.469680591121,Inf,-7.2036726621083,1.68099154371051e-08,"(both,mul,True,all-sep)","(rank,('add', 0.1),True,all-sep)"
"num_iters","(both,mul,True,all-sep) - (rank,('add', 0.1),True,all-uni)",-1634.03461538462,237.469680591121,Inf,-6.88102418513849,1.70427345240154e-07,"(both,mul,True,all-sep)","(rank,('add', 0.1),True,all-uni)"
"num_iters","(both,mul,True,all-sep) - rank,('add', 0.1),True,del",-1951.04230769231,237.469680591121,Inf,-8.21596383519648,6.03619030463847e-12,"(both,mul,True,all-sep)","rank,('add', 0.1),True,del"
"num_iters","(both,mul,True,all-sep) - rank,('add', 0.2),False,add",-1712.13076923077,237.469680591121,Inf,-7.20989207956507,1.60597212792523e-08,"(both,mul,True,all-sep)","rank,('add', 0.2),False,add"
"num_iters","(both,mul,True,all-sep) - (rank,('add', 0.2),False,all-sep)",-1446.87307692308,237.469680591121,Inf,-6.0928749864886,3.18063116394809e-05,"(both,mul,True,all-sep)","(rank,('add', 0.2),False,all-sep)"
"num_iters","(both,mul,True,all-sep) - (rank,('add', 0.2),False,all-uni)",-1678.67692307692,237.469680591121,Inf,-7.06901579560928,4.47512363082537e-08,"(both,mul,True,all-sep)","(rank,('add', 0.2),False,all-uni)"
"num_iters","(both,mul,True,all-sep) - rank,('add', 0.2),False,del",-1678.67692307692,237.469680591121,Inf,-7.06901579560928,4.4751236308254e-08,"(both,mul,True,all-sep)","rank,('add', 0.2),False,del"
"num_iters","(both,mul,True,all-sep) - rank,('add', 0.2),True,add",-1455.04230769231,237.469680591121,Inf,-6.12727613929638,2.56388432993421e-05,"(both,mul,True,all-sep)","rank,('add', 0.2),True,add"
"num_iters","(both,mul,True,all-sep) - (rank,('add', 0.2),True,all-sep)",-1258.23076923077,237.469680591121,Inf,-5.2984901739823,0.00334879608955431,"(both,mul,True,all-sep)","(rank,('add', 0.2),True,all-sep)"
"num_iters","(both,mul,True,all-sep) - (rank,('add', 0.2),True,all-uni)",-1455.04230769231,237.469680591121,Inf,-6.12727613929638,2.56388432993422e-05,"(both,mul,True,all-sep)","(rank,('add', 0.2),True,all-uni)"
"num_iters","(both,mul,True,all-sep) - rank,('add', 0.2),True,del",-1403.37692307692,237.469680591121,Inf,-5.90970990310666,9.82894367358679e-05,"(both,mul,True,all-sep)","rank,('add', 0.2),True,del"
"num_iters","(both,mul,True,all-sep) - rank,('add', 0.3),False,add",-1435.76923076923,237.469680591121,Inf,-6.0461159807654,4.25551835443302e-05,"(both,mul,True,all-sep)","rank,('add', 0.3),False,add"
"num_iters","(both,mul,True,all-sep) - (rank,('add', 0.3),False,all-uni)",-1435.76923076923,237.469680591121,Inf,-6.0461159807654,4.25551835443305e-05,"(both,mul,True,all-sep)","(rank,('add', 0.3),False,all-uni)"
"num_iters","(both,mul,True,all-sep) - rank,('add', 0.3),False,del",-1435.76923076923,237.469680591121,Inf,-6.0461159807654,4.25551835443307e-05,"(both,mul,True,all-sep)","rank,('add', 0.3),False,del"
"num_iters","(both,mul,True,all-sep) - rank,('add', 0.3),True,add",-1257.37307692308,237.469680591121,Inf,-5.29487837686548,0.00341566320073074,"(both,mul,True,all-sep)","rank,('add', 0.3),True,add"
"num_iters","(both,mul,True,all-sep) - (rank,('add', 0.3),True,all-uni)",-1257.37307692308,237.469680591121,Inf,-5.29487837686548,0.00341566320073076,"(both,mul,True,all-sep)","(rank,('add', 0.3),True,all-uni)"
"num_iters","(both,mul,True,all-sep) - rank,('add', 0.3),True,del",-1181.11153846154,237.469680591121,Inf,-4.97373616506099,0.0188354975956822,"(both,mul,True,all-sep)","rank,('add', 0.3),True,del"
"num_iters","(both,mul,True,all-sep) - rank,('add', 0.4),True,add",-1191.77307692308,237.469680591121,Inf,-5.01863258482708,0.0149252358657182,"(both,mul,True,all-sep)","rank,('add', 0.4),True,add"
"num_iters","(both,mul,True,all-sep) - (rank,('add', 0.4),True,all-uni)",-1191.77307692308,237.469680591121,Inf,-5.01863258482708,0.0149252358657182,"(both,mul,True,all-sep)","(rank,('add', 0.4),True,all-uni)"
"num_iters","(both,mul,True,all-sep) - score,('add', 0.1),False,add",-2400.63076923077,237.469680591121,Inf,-10.1092095767974,1.44226988081584e-19,"(both,mul,True,all-sep)","score,('add', 0.1),False,add"
"num_iters","(both,mul,True,all-sep) - (score,('add', 0.1),False,all-sep)",-2643.04615384615,237.469680591121,Inf,-11.130036252489,2.56970101758549e-24,"(both,mul,True,all-sep)","(score,('add', 0.1),False,all-sep)"
"num_iters","(both,mul,True,all-sep) - (score,('add', 0.1),False,all-uni)",-2400.63076923077,237.469680591121,Inf,-10.1092095767974,1.44226988081582e-19,"(both,mul,True,all-sep)","(score,('add', 0.1),False,all-uni)"
"num_iters","(both,mul,True,all-sep) - score,('add', 0.1),False,del",-2406.94615384615,237.469680591121,Inf,-10.1358040649849,1.09903988898471e-19,"(both,mul,True,all-sep)","score,('add', 0.1),False,del"
"num_iters","(both,mul,True,all-sep) - score,('add', 0.1),True,add",-2224.20384615385,237.469680591121,Inf,-9.36626452950647,2.15515872135913e-16,"(both,mul,True,all-sep)","score,('add', 0.1),True,add"
"num_iters","(both,mul,True,all-sep) - (score,('add', 0.1),True,all-sep)",-2059.25769230769,237.469680591121,Inf,-8.67166573510222,1.22132122837488e-13,"(both,mul,True,all-sep)","(score,('add', 0.1),True,all-sep)"
"num_iters","(both,mul,True,all-sep) - (score,('add', 0.1),True,all-uni)",-2224.20384615385,237.469680591121,Inf,-9.36626452950647,2.15515872135909e-16,"(both,mul,True,all-sep)","(score,('add', 0.1),True,all-uni)"
"num_iters","(both,mul,True,all-sep) - score,('add', 0.1),True,del",-2079.26153846154,237.469680591121,Inf,-8.75590320956234,5.80699512736347e-14,"(both,mul,True,all-sep)","score,('add', 0.1),True,del"
"num_iters","(both,mul,True,all-sep) - score,('add', 0.2),False,add",-1862.13461538462,237.469680591121,Inf,-7.84156786141835,1.27613194675789e-10,"(both,mul,True,all-sep)","score,('add', 0.2),False,add"
"num_iters","(both,mul,True,all-sep) - (score,('add', 0.2),False,all-sep)",-2181.19230769231,237.469680591121,Inf,-9.18514019247754,1.17872393547236e-15,"(both,mul,True,all-sep)","(score,('add', 0.2),False,all-sep)"
"num_iters","(both,mul,True,all-sep) - (score,('add', 0.2),False,all-uni)",-1859.01538461539,237.469680591121,Inf,-7.82843258132084,1.41676252874189e-10,"(both,mul,True,all-sep)","(score,('add', 0.2),False,all-uni)"
"num_iters","(both,mul,True,all-sep) - score,('add', 0.2),False,del",-1842.67307692308,237.469680591121,Inf,-7.75961407930565,2.44319782076597e-10,"(both,mul,True,all-sep)","score,('add', 0.2),False,del"
"num_iters","(both,mul,True,all-sep) - score,('add', 0.2),True,add",-1803.89615384615,237.469680591121,Inf,-7.59632197826607,8.73781891930614e-10,"(both,mul,True,all-sep)","score,('add', 0.2),True,add"
"num_iters","(both,mul,True,all-sep) - (score,('add', 0.2),True,all-sep)",-1565.34615384615,237.469680591121,Inf,-6.5917726841996,1.24644909639107e-06,"(both,mul,True,all-sep)","(score,('add', 0.2),True,all-sep)"
"num_iters","(both,mul,True,all-sep) - (score,('add', 0.2),True,all-uni)",-1803.89615384615,237.469680591121,Inf,-7.59632197826606,8.73781891930619e-10,"(both,mul,True,all-sep)","(score,('add', 0.2),True,all-uni)"
"num_iters","(both,mul,True,all-sep) - score,('add', 0.2),True,del",-1568.26153846154,237.469680591121,Inf,-6.60404955511688,1.14741708971348e-06,"(both,mul,True,all-sep)","score,('add', 0.2),True,del"
"num_iters","(both,mul,True,all-sep) - score,('add', 0.3),False,add",-1672.94230769231,237.469680591121,Inf,-7.04486696376539,5.32412036633557e-08,"(both,mul,True,all-sep)","score,('add', 0.3),False,add"
"num_iters","(both,mul,True,all-sep) - (score,('add', 0.3),False,all-sep)",-1830.12307692308,237.469680591121,Inf,-7.70676522732269,3.70106464061316e-10,"(both,mul,True,all-sep)","(score,('add', 0.3),False,all-sep)"
"num_iters","(both,mul,True,all-sep) - (score,('add', 0.3),False,all-uni)",-1672.94230769231,237.469680591121,Inf,-7.04486696376539,5.32412036633557e-08,"(both,mul,True,all-sep)","(score,('add', 0.3),False,all-uni)"
"num_iters","(both,mul,True,all-sep) - score,('add', 0.3),False,del",-1672.94230769231,237.469680591121,Inf,-7.0448669637654,5.32412036633553e-08,"(both,mul,True,all-sep)","score,('add', 0.3),False,del"
"num_iters","(both,mul,True,all-sep) - score,('add', 0.3),True,add",-1612.05,237.469680591121,Inf,-6.78844556487046,3.25082439545244e-07,"(both,mul,True,all-sep)","score,('add', 0.3),True,add"
"num_iters","(both,mul,True,all-sep) - (score,('add', 0.3),True,all-sep)",-1557.91538461538,237.469680591121,Inf,-6.5604812401202,1.53823465727006e-06,"(both,mul,True,all-sep)","(score,('add', 0.3),True,all-sep)"
"num_iters","(both,mul,True,all-sep) - (score,('add', 0.3),True,all-uni)",-1612.05,237.469680591121,Inf,-6.78844556487046,3.25082439545244e-07,"(both,mul,True,all-sep)","(score,('add', 0.3),True,all-uni)"
"num_iters","(both,mul,True,all-sep) - score,('add', 0.3),True,del",-1371.52307692308,237.469680591121,Inf,-5.77557132139571,0.000219953817194793,"(both,mul,True,all-sep)","score,('add', 0.3),True,del"
"num_iters","(both,mul,True,all-sep) - score,('add', 0.4),False,add",-1390.55769230769,237.469680591121,Inf,-5.85572730314982,0.000136209051869967,"(both,mul,True,all-sep)","score,('add', 0.4),False,add"
"num_iters","(both,mul,True,all-sep) - (score,('add', 0.4),False,all-sep)",-1498.61153846154,237.469680591121,Inf,-6.31074895427123,7.96410120339206e-06,"(both,mul,True,all-sep)","(score,('add', 0.4),False,all-sep)"
"num_iters","(both,mul,True,all-sep) - (score,('add', 0.4),False,all-uni)",-1390.55769230769,237.469680591121,Inf,-5.85572730314982,0.000136209051869966,"(both,mul,True,all-sep)","(score,('add', 0.4),False,all-uni)"
"num_iters","(both,mul,True,all-sep) - score,('add', 0.4),False,del",-1357.10384615385,237.469680591121,Inf,-5.71485101919402,0.00031490690678672,"(both,mul,True,all-sep)","score,('add', 0.4),False,del"
"num_iters","(both,mul,True,all-sep) - score,('add', 0.4),True,add",-1427.46153846154,237.469680591121,Inf,-6.01113175757104,5.2837907306156e-05,"(both,mul,True,all-sep)","score,('add', 0.4),True,add"
"num_iters","(both,mul,True,all-sep) - (score,('add', 0.4),True,all-sep)",-1249.15384615385,237.469680591121,Inf,-5.26026667086254,0.0041255213952195,"(both,mul,True,all-sep)","(score,('add', 0.4),True,all-sep)"
"num_iters","(both,mul,True,all-sep) - (score,('add', 0.4),True,all-uni)",-1427.46153846154,237.469680591121,Inf,-6.01113175757104,5.28379073061557e-05,"(both,mul,True,all-sep)","(score,('add', 0.4),True,all-uni)"
"num_iters","(both,mul,True,all-sep) - score,('add', 0.4),True,del",-1303.12692307692,237.469680591121,Inf,-5.48755074682847,0.00116883893676618,"(both,mul,True,all-sep)","score,('add', 0.4),True,del"
"num_iters","(both,mul,True,all-sep) - score,('add', 0.5),False,add",-1290.25769230769,237.469680591121,Inf,-5.43335759367647,0.00158610214509942,"(both,mul,True,all-sep)","score,('add', 0.5),False,add"
"num_iters","(both,mul,True,all-sep) - (score,('add', 0.5),False,all-sep)",-1333.42307692308,237.469680591121,Inf,-5.61512978669048,0.000563317535046756,"(both,mul,True,all-sep)","(score,('add', 0.5),False,all-sep)"
"num_iters","(both,mul,True,all-sep) - (score,('add', 0.5),False,all-uni)",-1290.25769230769,237.469680591121,Inf,-5.43335759367647,0.00158610214509942,"(both,mul,True,all-sep)","(score,('add', 0.5),False,all-uni)"
"num_iters","(both,mul,True,all-sep) - score,('add', 0.5),False,del",-1290.25769230769,237.469680591121,Inf,-5.43335759367647,0.00158610214509941,"(both,mul,True,all-sep)","score,('add', 0.5),False,del"
"num_iters","(both,mul,True,all-sep) - score,('add', 0.5),True,del",-1166.21923076923,237.469680591121,Inf,-4.91102370570518,0.0259846916719406,"(both,mul,True,all-sep)","score,('add', 0.5),True,del"
"num_iters","(both,mul,True,all-sep) - score,('add', 0.6),False,add",-1145.33846153846,237.469680591121,Inf,-4.8230934521301,0.0405388082357341,"(both,mul,True,all-sep)","score,('add', 0.6),False,add"
"num_iters","(both,mul,True,all-sep) - (score,('add', 0.6),False,all-sep)",-1238.02692307692,237.469680591121,Inf,-5.21341048674158,0.00531727238307784,"(both,mul,True,all-sep)","(score,('add', 0.6),False,all-sep)"
"num_iters","(both,mul,True,all-sep) - score,('add', 0.6),False,del",-1145.33846153846,237.469680591121,Inf,-4.8230934521301,0.0405388082357341,"(both,mul,True,all-sep)","score,('add', 0.6),False,del"
"num_iters","(both,mul,True,all-uni) - rank,('add', 0.1),False,add",-2060.41923076923,237.469680591121,Inf,-8.67655704778959,1.169943711961e-13,"(both,mul,True,all-uni)","rank,('add', 0.1),False,add"
"num_iters","(both,mul,True,all-uni) - (rank,('add', 0.1),False,all-sep)",-2000.2,237.469680591121,Inf,-8.42297001882938,1.05272356936279e-12,"(both,mul,True,all-uni)","(rank,('add', 0.1),False,all-sep)"
"num_iters","(both,mul,True,all-uni) - (rank,('add', 0.1),False,all-uni)",-2108.75,237.469680591121,Inf,-8.88008100550268,1.91615926813626e-14,"(both,mul,True,all-uni)","(rank,('add', 0.1),False,all-uni)"
"num_iters","(both,mul,True,all-uni) - rank,('add', 0.1),False,del",-2087.55769230769,237.469680591121,Inf,-8.79083884355781,4.25747080936946e-14,"(both,mul,True,all-uni)","rank,('add', 0.1),False,del"
"num_iters","(both,mul,True,all-uni) - rank,('add', 0.1),True,add",-1418.20769230769,237.469680591121,Inf,-5.97216322006844,6.71479426244979e-05,"(both,mul,True,all-uni)","rank,('add', 0.1),True,add"
"num_iters","(both,mul,True,all-uni) - (rank,('add', 0.1),True,all-sep)",-1455.30384615385,237.469680591121,Inf,-6.12837749447102,2.54620313036312e-05,"(both,mul,True,all-uni)","(rank,('add', 0.1),True,all-sep)"
"num_iters","(both,mul,True,all-uni) - (rank,('add', 0.1),True,all-uni)",-1378.68461538462,237.469680591121,Inf,-5.80572901750122,0.000183800196029862,"(both,mul,True,all-uni)","(rank,('add', 0.1),True,all-uni)"
"num_iters","(both,mul,True,all-uni) - rank,('add', 0.1),True,del",-1695.69230769231,237.469680591121,Inf,-7.1406686675592,2.66374062713138e-08,"(both,mul,True,all-uni)","rank,('add', 0.1),True,del"
"num_iters","(both,mul,True,all-uni) - rank,('add', 0.2),False,add",-1456.78076923077,237.469680591121,Inf,-6.13459691192779,2.44856608626974e-05,"(both,mul,True,all-uni)","rank,('add', 0.2),False,add"
"num_iters","(both,mul,True,all-uni) - (rank,('add', 0.2),False,all-sep)",-1191.52307692308,237.469680591121,Inf,-5.01757981885132,0.0150072298903676,"(both,mul,True,all-uni)","(rank,('add', 0.2),False,all-sep)"
"num_iters","(both,mul,True,all-uni) - (rank,('add', 0.2),False,all-uni)",-1423.32692307692,237.469680591121,Inf,-5.993720627972,5.88208418079906e-05,"(both,mul,True,all-uni)","(rank,('add', 0.2),False,all-uni)"
"num_iters","(both,mul,True,all-uni) - rank,('add', 0.2),False,del",-1423.32692307692,237.469680591121,Inf,-5.993720627972,5.88208418079909e-05,"(both,mul,True,all-uni)","rank,('add', 0.2),False,del"
"num_iters","(both,mul,True,all-uni) - rank,('add', 0.2),True,add",-1199.69230769231,237.469680591121,Inf,-5.05198097165911,0.0125403664239221,"(both,mul,True,all-uni)","rank,('add', 0.2),True,add"
"num_iters","(both,mul,True,all-uni) - (rank,('add', 0.2),True,all-uni)",-1199.69230769231,237.469680591121,Inf,-5.05198097165911,0.0125403664239222,"(both,mul,True,all-uni)","(rank,('add', 0.2),True,all-uni)"
"num_iters","(both,mul,True,all-uni) - rank,('add', 0.2),True,del",-1148.02692307692,237.469680591121,Inf,-4.83441473546939,0.0382986768745896,"(both,mul,True,all-uni)","rank,('add', 0.2),True,del"
"num_iters","(both,mul,True,all-uni) - rank,('add', 0.3),False,add",-1180.41923076923,237.469680591121,Inf,-4.97082081312812,0.0191209688903737,"(both,mul,True,all-uni)","rank,('add', 0.3),False,add"
"num_iters","(both,mul,True,all-uni) - (rank,('add', 0.3),False,all-uni)",-1180.41923076923,237.469680591121,Inf,-4.97082081312812,0.0191209688903737,"(both,mul,True,all-uni)","(rank,('add', 0.3),False,all-uni)"
"num_iters","(both,mul,True,all-uni) - rank,('add', 0.3),False,del",-1180.41923076923,237.469680591121,Inf,-4.97082081312812,0.0191209688903738,"(both,mul,True,all-uni)","rank,('add', 0.3),False,del"
"num_iters","(both,mul,True,all-uni) - score,('add', 0.1),False,add",-2145.28076923077,237.469680591121,Inf,-9.03391440916008,4.75050577074501e-15,"(both,mul,True,all-uni)","score,('add', 0.1),False,add"
"num_iters","(both,mul,True,all-uni) - (score,('add', 0.1),False,all-sep)",-2387.69615384615,237.469680591121,Inf,-10.0547410848517,2.51097047839165e-19,"(both,mul,True,all-uni)","(score,('add', 0.1),False,all-sep)"
"num_iters","(both,mul,True,all-uni) - (score,('add', 0.1),False,all-uni)",-2145.28076923077,237.469680591121,Inf,-9.03391440916008,4.75050577074509e-15,"(both,mul,True,all-uni)","(score,('add', 0.1),False,all-uni)"
"num_iters","(both,mul,True,all-uni) - score,('add', 0.1),False,del",-2151.59615384615,237.469680591121,Inf,-9.06050889734764,3.72390703668969e-15,"(both,mul,True,all-uni)","score,('add', 0.1),False,del"
"num_iters","(both,mul,True,all-uni) - score,('add', 0.1),True,add",-1968.85384615385,237.469680591121,Inf,-8.29096936186919,3.22160199814283e-12,"(both,mul,True,all-uni)","score,('add', 0.1),True,add"
"num_iters","(both,mul,True,all-uni) - (score,('add', 0.1),True,all-sep)",-1803.90769230769,237.469680591121,Inf,-7.59637056746495,8.73454029960523e-10,"(both,mul,True,all-uni)","(score,('add', 0.1),True,all-sep)"
"num_iters","(both,mul,True,all-uni) - (score,('add', 0.1),True,all-uni)",-1968.85384615385,237.469680591121,Inf,-8.29096936186919,3.22160199814278e-12,"(both,mul,True,all-uni)","(score,('add', 0.1),True,all-uni)"
"num_iters","(both,mul,True,all-uni) - score,('add', 0.1),True,del",-1823.91153846154,237.469680591121,Inf,-7.68060804192506,4.54105478083478e-10,"(both,mul,True,all-uni)","score,('add', 0.1),True,del"
"num_iters","(both,mul,True,all-uni) - score,('add', 0.2),False,add",-1606.78461538462,237.469680591121,Inf,-6.76627269378108,3.78984347730423e-07,"(both,mul,True,all-uni)","score,('add', 0.2),False,add"
"num_iters","(both,mul,True,all-uni) - (score,('add', 0.2),False,all-sep)",-1925.84230769231,237.469680591121,Inf,-8.10984502484026,1.45362755240478e-11,"(both,mul,True,all-uni)","(score,('add', 0.2),False,all-sep)"
"num_iters","(both,mul,True,all-uni) - (score,('add', 0.2),False,all-uni)",-1603.66538461539,237.469680591121,Inf,-6.75313741368357,4.14947372427507e-07,"(both,mul,True,all-uni)","(score,('add', 0.2),False,all-uni)"
"num_iters","(both,mul,True,all-uni) - score,('add', 0.2),False,del",-1587.32307692308,237.469680591121,Inf,-6.68431891166837,6.6537911478327e-07,"(both,mul,True,all-uni)","score,('add', 0.2),False,del"
"num_iters","(both,mul,True,all-uni) - score,('add', 0.2),True,add",-1548.54615384615,237.469680591121,Inf,-6.52102681062879,2.00265845761561e-06,"(both,mul,True,all-uni)","score,('add', 0.2),True,add"
"num_iters","(both,mul,True,all-uni) - (score,('add', 0.2),True,all-sep)",-1309.99615384615,237.469680591121,Inf,-5.51647751656232,0.000991931393284881,"(both,mul,True,all-uni)","(score,('add', 0.2),True,all-sep)"
"num_iters","(both,mul,True,all-uni) - (score,('add', 0.2),True,all-uni)",-1548.54615384615,237.469680591121,Inf,-6.52102681062879,2.00265845761561e-06,"(both,mul,True,all-uni)","(score,('add', 0.2),True,all-uni)"
"num_iters","(both,mul,True,all-uni) - score,('add', 0.2),True,del",-1312.91153846154,237.469680591121,Inf,-5.5287543874796,0.000924965859065312,"(both,mul,True,all-uni)","score,('add', 0.2),True,del"
"num_iters","(both,mul,True,all-uni) - score,('add', 0.3),False,add",-1417.59230769231,237.469680591121,Inf,-5.96957179612812,6.82231429846666e-05,"(both,mul,True,all-uni)","score,('add', 0.3),False,add"
"num_iters","(both,mul,True,all-uni) - (score,('add', 0.3),False,all-sep)",-1574.77307692308,237.469680591121,Inf,-6.63147005968542,9.53208375681857e-07,"(both,mul,True,all-uni)","(score,('add', 0.3),False,all-sep)"
"num_iters","(both,mul,True,all-uni) - (score,('add', 0.3),False,all-uni)",-1417.59230769231,237.469680591121,Inf,-5.96957179612812,6.82231429846669e-05,"(both,mul,True,all-uni)","(score,('add', 0.3),False,all-uni)"
"num_iters","(both,mul,True,all-uni) - score,('add', 0.3),False,del",-1417.59230769231,237.469680591121,Inf,-5.96957179612812,6.82231429846666e-05,"(both,mul,True,all-uni)","score,('add', 0.3),False,del"
"num_iters","(both,mul,True,all-uni) - score,('add', 0.3),True,add",-1356.7,237.469680591121,Inf,-5.71315039723319,0.000318071469971345,"(both,mul,True,all-uni)","score,('add', 0.3),True,add"
"num_iters","(both,mul,True,all-uni) - (score,('add', 0.3),True,all-sep)",-1302.56538461539,237.469680591121,Inf,-5.48518607248293,0.00118458274488715,"(both,mul,True,all-uni)","(score,('add', 0.3),True,all-sep)"
"num_iters","(both,mul,True,all-uni) - (score,('add', 0.3),True,all-uni)",-1356.7,237.469680591121,Inf,-5.71315039723319,0.000318071469971345,"(both,mul,True,all-uni)","(score,('add', 0.3),True,all-uni)"
"num_iters","(both,mul,True,all-uni) - (score,('add', 0.4),False,all-sep)",-1243.26153846154,237.469680591121,Inf,-5.23545378663395,0.00472015444958732,"(both,mul,True,all-uni)","(score,('add', 0.4),False,all-sep)"
"num_iters","(both,mul,True,all-uni) - score,('add', 0.4),True,add",-1172.11153846154,237.469680591121,Inf,-4.93583658993377,0.0228889086417899,"(both,mul,True,all-uni)","score,('add', 0.4),True,add"
"num_iters","(both,mul,True,all-uni) - (score,('add', 0.4),True,all-uni)",-1172.11153846154,237.469680591121,Inf,-4.93583658993377,0.0228889086417899,"(both,mul,True,all-uni)","(score,('add', 0.4),True,all-uni)"
"num_iters","both,mul,True,del - rank,('add', 0.1),False,add",-2143.72692307692,237.469680591121,Inf,-9.02737106371077,5.04324391119272e-15,"both,mul,True,del","rank,('add', 0.1),False,add"
"num_iters","both,mul,True,del - (rank,('add', 0.1),False,all-sep)",-2083.50769230769,237.469680591121,Inf,-8.77378403475057,4.95476876276852e-14,"both,mul,True,del","(rank,('add', 0.1),False,all-sep)"
"num_iters","both,mul,True,del - (rank,('add', 0.1),False,all-uni)",-2192.05769230769,237.469680591121,Inf,-9.23089502142386,7.69713420191107e-16,"both,mul,True,del","(rank,('add', 0.1),False,all-uni)"
"num_iters","both,mul,True,del - rank,('add', 0.1),False,del",-2170.86538461538,237.469680591121,Inf,-9.141652859479,1.76396312265029e-15,"both,mul,True,del","rank,('add', 0.1),False,del"
"num_iters","both,mul,True,del - rank,('add', 0.1),True,add",-1501.51538461538,237.469680591121,Inf,-6.32297723598963,7.35845945952521e-06,"both,mul,True,del","rank,('add', 0.1),True,add"
"num_iters","both,mul,True,del - (rank,('add', 0.1),True,all-sep)",-1538.61153846154,237.469680591121,Inf,-6.4791915103922,2.64473762510839e-06,"both,mul,True,del","(rank,('add', 0.1),True,all-sep)"
"num_iters","both,mul,True,del - (rank,('add', 0.1),True,all-uni)",-1461.99230769231,237.469680591121,Inf,-6.1565430334224,2.13235739105568e-05,"both,mul,True,del","(rank,('add', 0.1),True,all-uni)"
"num_iters","both,mul,True,del - rank,('add', 0.1),True,del",-1779,237.469680591121,Inf,-7.49148268348038,1.95310427671358e-09,"both,mul,True,del","rank,('add', 0.1),True,del"
"num_iters","both,mul,True,del - rank,('add', 0.2),False,add",-1540.08846153846,237.469680591121,Inf,-6.48541092784898,2.53790083860567e-06,"both,mul,True,del","rank,('add', 0.2),False,add"
"num_iters","both,mul,True,del - (rank,('add', 0.2),False,all-sep)",-1274.83076923077,237.469680591121,Inf,-5.3683938347725,0.00227836591352256,"both,mul,True,del","(rank,('add', 0.2),False,all-sep)"
"num_iters","both,mul,True,del - (rank,('add', 0.2),False,all-uni)",-1506.63461538462,237.469680591121,Inf,-6.34453464389319,6.39847302469894e-06,"both,mul,True,del","(rank,('add', 0.2),False,all-uni)"
"num_iters","both,mul,True,del - rank,('add', 0.2),False,del",-1506.63461538462,237.469680591121,Inf,-6.34453464389318,6.39847302469898e-06,"both,mul,True,del","rank,('add', 0.2),False,del"
"num_iters","both,mul,True,del - rank,('add', 0.2),True,add",-1283,237.469680591121,Inf,-5.40279498758029,0.0018817072350382,"both,mul,True,del","rank,('add', 0.2),True,add"
"num_iters","both,mul,True,del - (rank,('add', 0.2),True,all-uni)",-1283,237.469680591121,Inf,-5.40279498758029,0.0018817072350382,"both,mul,True,del","(rank,('add', 0.2),True,all-uni)"
"num_iters","both,mul,True,del - rank,('add', 0.2),True,del",-1231.33461538462,237.469680591121,Inf,-5.18522875139057,0.00618770674764105,"both,mul,True,del","rank,('add', 0.2),True,del"
"num_iters","both,mul,True,del - rank,('add', 0.3),False,add",-1263.72692307692,237.469680591121,Inf,-5.32163482904931,0.00294941816687984,"both,mul,True,del","rank,('add', 0.3),False,add"
"num_iters","both,mul,True,del - (rank,('add', 0.3),False,all-uni)",-1263.72692307692,237.469680591121,Inf,-5.32163482904931,0.00294941816687984,"both,mul,True,del","(rank,('add', 0.3),False,all-uni)"
"num_iters","both,mul,True,del - rank,('add', 0.3),False,del",-1263.72692307692,237.469680591121,Inf,-5.32163482904931,0.00294941816687987,"both,mul,True,del","rank,('add', 0.3),False,del"
"num_iters","both,mul,True,del - score,('add', 0.1),False,add",-2228.58846153846,237.469680591121,Inf,-9.38472842508127,1.80909959769568e-16,"both,mul,True,del","score,('add', 0.1),False,add"
"num_iters","both,mul,True,del - (score,('add', 0.1),False,all-sep)",-2471.00384615385,237.469680591121,Inf,-10.4055551007729,6.70793422023806e-21,"both,mul,True,del","(score,('add', 0.1),False,all-sep)"
"num_iters","both,mul,True,del - (score,('add', 0.1),False,all-uni)",-2228.58846153846,237.469680591121,Inf,-9.38472842508127,1.80909959769565e-16,"both,mul,True,del","(score,('add', 0.1),False,all-uni)"
"num_iters","both,mul,True,del - score,('add', 0.1),False,del",-2234.90384615385,237.469680591121,Inf,-9.41132291326883,1.40512252848129e-16,"both,mul,True,del","score,('add', 0.1),False,del"
"num_iters","both,mul,True,del - score,('add', 0.1),True,add",-2052.16153846154,237.469680591121,Inf,-8.64178337779037,1.58721671864814e-13,"both,mul,True,del","score,('add', 0.1),True,add"
"num_iters","both,mul,True,del - (score,('add', 0.1),True,all-sep)",-1887.21538461538,237.469680591121,Inf,-7.94718458338613,5.47208714105453e-11,"both,mul,True,del","(score,('add', 0.1),True,all-sep)"
"num_iters","both,mul,True,del - (score,('add', 0.1),True,all-uni)",-2052.16153846154,237.469680591121,Inf,-8.64178337779038,1.58721671864811e-13,"both,mul,True,del","(score,('add', 0.1),True,all-uni)"
"num_iters","both,mul,True,del - score,('add', 0.1),True,del",-1907.21923076923,237.469680591121,Inf,-8.03142205784625,2.76329724767116e-11,"both,mul,True,del","score,('add', 0.1),True,del"
"num_iters","both,mul,True,del - score,('add', 0.2),False,add",-1690.09230769231,237.469680591121,Inf,-7.11708670970226,3.1614578894185e-08,"both,mul,True,del","score,('add', 0.2),False,add"
"num_iters","both,mul,True,del - (score,('add', 0.2),False,all-sep)",-2009.15,237.469680591121,Inf,-8.46065904076145,7.6251712674046e-13,"both,mul,True,del","(score,('add', 0.2),False,all-sep)"
"num_iters","both,mul,True,del - (score,('add', 0.2),False,all-uni)",-1686.97307692308,237.469680591121,Inf,-7.10395142960475,3.47714828334817e-08,"both,mul,True,del","(score,('add', 0.2),False,all-uni)"
"num_iters","both,mul,True,del - score,('add', 0.2),False,del",-1670.63076923077,237.469680591121,Inf,-7.03513292758956,5.70935993927341e-08,"both,mul,True,del","score,('add', 0.2),False,del"
"num_iters","both,mul,True,del - score,('add', 0.2),True,add",-1631.85384615385,237.469680591121,Inf,-6.87184082654997,1.81769974519672e-07,"both,mul,True,del","score,('add', 0.2),True,add"
"num_iters","both,mul,True,del - (score,('add', 0.2),True,all-sep)",-1393.30384615385,237.469680591121,Inf,-5.86729153248351,0.000127044202805071,"both,mul,True,del","(score,('add', 0.2),True,all-sep)"
"num_iters","both,mul,True,del - (score,('add', 0.2),True,all-uni)",-1631.85384615385,237.469680591121,Inf,-6.87184082654997,1.81769974519673e-07,"both,mul,True,del","(score,('add', 0.2),True,all-uni)"
"num_iters","both,mul,True,del - score,('add', 0.2),True,del",-1396.21923076923,237.469680591121,Inf,-5.87956840340078,0.000117971621154529,"both,mul,True,del","score,('add', 0.2),True,del"
"num_iters","both,mul,True,del - score,('add', 0.3),False,add",-1500.9,237.469680591121,Inf,-6.3203858120493,7.48292940257463e-06,"both,mul,True,del","score,('add', 0.3),False,add"
"num_iters","both,mul,True,del - (score,('add', 0.3),False,all-sep)",-1658.08076923077,237.469680591121,Inf,-6.9822840756066,8.32922056358805e-08,"both,mul,True,del","(score,('add', 0.3),False,all-sep)"
"num_iters","both,mul,True,del - (score,('add', 0.3),False,all-uni)",-1500.9,237.469680591121,Inf,-6.3203858120493,7.48292940257459e-06,"both,mul,True,del","(score,('add', 0.3),False,all-uni)"
"num_iters","both,mul,True,del - score,('add', 0.3),False,del",-1500.9,237.469680591121,Inf,-6.3203858120493,7.48292940257459e-06,"both,mul,True,del","score,('add', 0.3),False,del"
"num_iters","both,mul,True,del - score,('add', 0.3),True,add",-1440.00769230769,237.469680591121,Inf,-6.06396441315437,3.80889192020148e-05,"both,mul,True,del","score,('add', 0.3),True,add"
"num_iters","both,mul,True,del - (score,('add', 0.3),True,all-sep)",-1385.87307692308,237.469680591121,Inf,-5.83600008840411,0.000153348711279631,"both,mul,True,del","(score,('add', 0.3),True,all-sep)"
"num_iters","both,mul,True,del - (score,('add', 0.3),True,all-uni)",-1440.00769230769,237.469680591121,Inf,-6.06396441315437,3.80889192020148e-05,"both,mul,True,del","(score,('add', 0.3),True,all-uni)"
"num_iters","both,mul,True,del - score,('add', 0.3),True,del",-1199.48076923077,237.469680591121,Inf,-5.05109016967962,0.0125989984518756,"both,mul,True,del","score,('add', 0.3),True,del"
"num_iters","both,mul,True,del - score,('add', 0.4),False,add",-1218.51538461538,237.469680591121,Inf,-5.13124615143372,0.00825497037752556,"both,mul,True,del","score,('add', 0.4),False,add"
"num_iters","both,mul,True,del - (score,('add', 0.4),False,all-sep)",-1326.56923076923,237.469680591121,Inf,-5.58626780255514,0.000665379976406824,"both,mul,True,del","(score,('add', 0.4),False,all-sep)"
"num_iters","both,mul,True,del - (score,('add', 0.4),False,all-uni)",-1218.51538461538,237.469680591121,Inf,-5.13124615143372,0.00825497037752552,"both,mul,True,del","(score,('add', 0.4),False,all-uni)"
"num_iters","both,mul,True,del - score,('add', 0.4),False,del",-1185.06153846154,237.469680591121,Inf,-4.99036986747793,0.0172836545090597,"both,mul,True,del","score,('add', 0.4),False,del"
"num_iters","both,mul,True,del - score,('add', 0.4),True,add",-1255.41923076923,237.469680591121,Inf,-5.28665060585495,0.0035728470359336,"both,mul,True,del","score,('add', 0.4),True,add"
"num_iters","both,mul,True,del - (score,('add', 0.4),True,all-uni)",-1255.41923076923,237.469680591121,Inf,-5.28665060585495,0.00357284703593358,"both,mul,True,del","(score,('add', 0.4),True,all-uni)"
"num_iters","both,mul,True,del - (score,('add', 0.5),False,all-sep)",-1161.38076923077,237.469680591121,Inf,-4.89064863497439,0.0288246137339301,"both,mul,True,del","(score,('add', 0.5),False,all-sep)"
"num_iters","rank,('add', 0.1),False,add - (rank,('add', 0.3),False,all-sep)",1216.47692307692,237.469680591121,Inf,5.1226620596314,0.0086399068650654,"rank,('add', 0.1),False,add","(rank,('add', 0.3),False,all-sep)"
"num_iters","rank,('add', 0.1),False,add - (rank,('add', 0.3),True,all-sep)",1292.19615384615,237.469680591121,Inf,5.44152057908849,0.00151509811888728,"rank,('add', 0.1),False,add","(rank,('add', 0.3),True,all-sep)"
"num_iters","rank,('add', 0.1),False,add - rank,('add', 0.4),False,add",1273.86153846154,237.469680591121,Inf,5.3643123420665,0.00233048486119687,"rank,('add', 0.1),False,add","rank,('add', 0.4),False,add"
"num_iters","rank,('add', 0.1),False,add - (rank,('add', 0.4),False,all-sep)",1377.15384615385,237.469680591121,Inf,5.79928285044966,0.000191006267457281,"rank,('add', 0.1),False,add","(rank,('add', 0.4),False,all-sep)"
"num_iters","rank,('add', 0.1),False,add - (rank,('add', 0.4),False,all-uni)",1273.86153846154,237.469680591121,Inf,5.3643123420665,0.00233048486119686,"rank,('add', 0.1),False,add","(rank,('add', 0.4),False,all-uni)"
"num_iters","rank,('add', 0.1),False,add - rank,('add', 0.4),False,del",1273.86153846154,237.469680591121,Inf,5.3643123420665,0.00233048486119688,"rank,('add', 0.1),False,add","rank,('add', 0.4),False,del"
"num_iters","rank,('add', 0.1),False,add - (rank,('add', 0.4),True,all-sep)",1386.6,237.469680591121,Inf,5.83906120793361,0.000150557904256611,"rank,('add', 0.1),False,add","(rank,('add', 0.4),True,all-sep)"
"num_iters","rank,('add', 0.1),False,add - rank,('add', 0.4),True,del",1234.20769230769,237.469680591121,Inf,5.19732746191195,0.00579835149558416,"rank,('add', 0.1),False,add","rank,('add', 0.4),True,del"
"num_iters","rank,('add', 0.1),False,add - rank,('add', 0.5),False,add",1198.70384615385,237.469680591121,Inf,5.04781849695496,0.0128166155319957,"rank,('add', 0.1),False,add","rank,('add', 0.5),False,add"
"num_iters","rank,('add', 0.1),False,add - (rank,('add', 0.5),False,all-sep)",1466.23846153846,237.469680591121,Inf,6.17442385861063,1.90450037893747e-05,"rank,('add', 0.1),False,add","(rank,('add', 0.5),False,all-sep)"
"num_iters","rank,('add', 0.1),False,add - (rank,('add', 0.5),False,all-uni)",1212.09615384615,237.469680591121,Inf,5.10421436045623,0.00952668096200154,"rank,('add', 0.1),False,add","(rank,('add', 0.5),False,all-uni)"
"num_iters","rank,('add', 0.1),False,add - rank,('add', 0.5),False,del",1212.09615384615,237.469680591121,Inf,5.10421436045623,0.00952668096200154,"rank,('add', 0.1),False,add","rank,('add', 0.5),False,del"
"num_iters","rank,('add', 0.1),False,add - rank,('add', 0.5),True,add",1266.47307692308,237.469680591121,Inf,5.333199058383,0.00276754622965382,"rank,('add', 0.1),False,add","rank,('add', 0.5),True,add"
"num_iters","rank,('add', 0.1),False,add - (rank,('add', 0.5),True,all-sep)",1395.76923076923,237.469680591121,Inf,5.87767342464442,0.000119329657706528,"rank,('add', 0.1),False,add","(rank,('add', 0.5),True,all-sep)"
"num_iters","rank,('add', 0.1),False,add - (rank,('add', 0.5),True,all-uni)",1233.01923076923,237.469680591121,Inf,5.1923227744272,0.0059564498454119,"rank,('add', 0.1),False,add","(rank,('add', 0.5),True,all-uni)"
"num_iters","rank,('add', 0.1),False,add - rank,('add', 0.5),True,del",1278.33076923077,237.469680591121,Inf,5.38313255843309,0.00209939289774878,"rank,('add', 0.1),False,add","rank,('add', 0.5),True,del"
"num_iters","rank,('add', 0.1),False,add - rank,('add', 0.6),False,add",1354.86538461538,237.469680591121,Inf,5.7054247146111,0.000332840992699601,"rank,('add', 0.1),False,add","rank,('add', 0.6),False,add"
"num_iters","rank,('add', 0.1),False,add - (rank,('add', 0.6),False,all-sep)",1414.58461538462,237.469680591121,Inf,5.95690621161979,7.37241377135658e-05,"rank,('add', 0.1),False,add","(rank,('add', 0.6),False,all-sep)"
"num_iters","rank,('add', 0.1),False,add - (rank,('add', 0.6),False,all-uni)",1354.86538461538,237.469680591121,Inf,5.7054247146111,0.000332840992699601,"rank,('add', 0.1),False,add","(rank,('add', 0.6),False,all-uni)"
"num_iters","rank,('add', 0.1),False,add - rank,('add', 0.6),False,del",1321.41153846154,237.469680591121,Inf,5.56454843065531,0.000753802543264137,"rank,('add', 0.1),False,add","rank,('add', 0.6),False,del"
"num_iters","rank,('add', 0.1),False,add - rank,('add', 0.6),True,add",1395.86153846154,237.469680591121,Inf,5.87806213823547,0.000119049851454429,"rank,('add', 0.1),False,add","rank,('add', 0.6),True,add"
"num_iters","rank,('add', 0.1),False,add - (rank,('add', 0.6),True,all-sep)",1535.01153846154,237.469680591121,Inf,6.46403168034132,2.92391205734998e-06,"rank,('add', 0.1),False,add","(rank,('add', 0.6),True,all-sep)"
"num_iters","rank,('add', 0.1),False,add - (rank,('add', 0.6),True,all-uni)",1395.86153846154,237.469680591121,Inf,5.87806213823547,0.000119049851454429,"rank,('add', 0.1),False,add","(rank,('add', 0.6),True,all-uni)"
"num_iters","rank,('add', 0.1),False,add - rank,('add', 0.6),True,del",1390.08461538462,237.469680591121,Inf,5.85373514599569,0.000137851526321498,"rank,('add', 0.1),False,add","rank,('add', 0.6),True,del"
"num_iters","rank,('add', 0.1),False,add - rank,('add', 0.7),False,add",1502.58846153846,237.469680591121,Inf,6.32749603148556,7.14623511849571e-06,"rank,('add', 0.1),False,add","rank,('add', 0.7),False,add"
"num_iters","rank,('add', 0.1),False,add - (rank,('add', 0.7),False,all-sep)",1525.13076923077,237.469680591121,Inf,6.42242312969951,3.8466185097917e-06,"rank,('add', 0.1),False,add","(rank,('add', 0.7),False,all-sep)"
"num_iters","rank,('add', 0.1),False,add - (rank,('add', 0.7),False,all-uni)",1502.58846153846,237.469680591121,Inf,6.32749603148556,7.14623511849571e-06,"rank,('add', 0.1),False,add","(rank,('add', 0.7),False,all-uni)"
"num_iters","rank,('add', 0.1),False,add - rank,('add', 0.7),False,del",1502.58846153846,237.469680591121,Inf,6.32749603148556,7.14623511849571e-06,"rank,('add', 0.1),False,add","rank,('add', 0.7),False,del"
"num_iters","rank,('add', 0.1),False,add - rank,('add', 0.7),True,add",1498.11923076923,237.469680591121,Inf,6.30867581511897,8.07149583748964e-06,"rank,('add', 0.1),False,add","rank,('add', 0.7),True,add"
"num_iters","rank,('add', 0.1),False,add - (rank,('add', 0.7),True,all-sep)",1553.54615384615,237.469680591121,Inf,6.54208213014391,1.73996303703007e-06,"rank,('add', 0.1),False,add","(rank,('add', 0.7),True,all-sep)"
"num_iters","rank,('add', 0.1),False,add - (rank,('add', 0.7),True,all-uni)",1498.11923076923,237.469680591121,Inf,6.30867581511897,8.07149583748959e-06,"rank,('add', 0.1),False,add","(rank,('add', 0.7),True,all-uni)"
"num_iters","rank,('add', 0.1),False,add - rank,('add', 0.7),True,del",1464.55,237.469680591121,Inf,6.16731363917437,1.99210993338167e-05,"rank,('add', 0.1),False,add","rank,('add', 0.7),True,del"
"num_iters","rank,('add', 0.1),False,add - rank,('add', 0.8),False,add",1613.95384615385,237.469680591121,Inf,6.79646278268584,3.07504055177407e-07,"rank,('add', 0.1),False,add","rank,('add', 0.8),False,add"
"num_iters","rank,('add', 0.1),False,add - (rank,('add', 0.8),False,all-sep)",1598.27307692308,237.469680591121,Inf,6.73043006140649,4.85157606543619e-07,"rank,('add', 0.1),False,add","(rank,('add', 0.8),False,all-sep)"
"num_iters","rank,('add', 0.1),False,add - (rank,('add', 0.8),False,all-uni)",1613.95384615385,237.469680591121,Inf,6.79646278268584,3.07504055177407e-07,"rank,('add', 0.1),False,add","(rank,('add', 0.8),False,all-uni)"
"num_iters","rank,('add', 0.1),False,add - rank,('add', 0.8),False,del",1613.95384615385,237.469680591121,Inf,6.79646278268584,3.07504055177407e-07,"rank,('add', 0.1),False,add","rank,('add', 0.8),False,del"
"num_iters","rank,('add', 0.1),False,add - rank,('add', 0.8),True,add",1375.13846153846,237.469680591121,Inf,5.7907959370451,0.000200913862052929,"rank,('add', 0.1),False,add","rank,('add', 0.8),True,add"
"num_iters","rank,('add', 0.1),False,add - (rank,('add', 0.8),True,all-sep)",1594.76153846154,237.469680591121,Inf,6.71564274854702,5.37001517185386e-07,"rank,('add', 0.1),False,add","(rank,('add', 0.8),True,all-sep)"
"num_iters","rank,('add', 0.1),False,add - (rank,('add', 0.8),True,all-uni)",1388.53076923077,237.469680591121,Inf,5.84719180054638,0.000143383062921896,"rank,('add', 0.1),False,add","(rank,('add', 0.8),True,all-uni)"
"num_iters","rank,('add', 0.1),False,add - rank,('add', 0.8),True,del",1533.79615384615,237.469680591121,Inf,6.45891361805918,3.0245148970763e-06,"rank,('add', 0.1),False,add","rank,('add', 0.8),True,del"
"num_iters","rank,('add', 0.1),False,add - rank,('add', 0.9),False,add",1516.78076923077,237.469680591121,Inf,6.38726074610926,4.84357990551132e-06,"rank,('add', 0.1),False,add","rank,('add', 0.9),False,add"
"num_iters","rank,('add', 0.1),False,add - (rank,('add', 0.9),False,all-sep)",1532.06538461538,237.469680591121,Inf,6.45162523822702,3.17364127157709e-06,"rank,('add', 0.1),False,add","(rank,('add', 0.9),False,all-sep)"
"num_iters","rank,('add', 0.1),False,add - (rank,('add', 0.9),False,all-uni)",1516.78076923077,237.469680591121,Inf,6.38726074610926,4.84357990551129e-06,"rank,('add', 0.1),False,add","(rank,('add', 0.9),False,all-uni)"
"num_iters","rank,('add', 0.1),False,add - rank,('add', 0.9),False,del",1516.78076923077,237.469680591121,Inf,6.38726074610926,4.84357990551129e-06,"rank,('add', 0.1),False,add","rank,('add', 0.9),False,del"
"num_iters","rank,('add', 0.1),False,add - rank,('add', 0.9),True,add",1456.44615384615,237.469680591121,Inf,6.13318782516024,2.47036186804506e-05,"rank,('add', 0.1),False,add","rank,('add', 0.9),True,add"
"num_iters","rank,('add', 0.1),False,add - (rank,('add', 0.9),True,all-sep)",1626.75769230769,237.469680591121,Inf,6.85038059704418,2.11239001995079e-07,"rank,('add', 0.1),False,add","(rank,('add', 0.9),True,all-sep)"
"num_iters","rank,('add', 0.1),False,add - (rank,('add', 0.9),True,all-uni)",1402.18076923077,237.469680591121,Inf,5.90467282282266,0.000101340001553902,"rank,('add', 0.1),False,add","(rank,('add', 0.9),True,all-uni)"
"num_iters","rank,('add', 0.1),False,add - rank,('add', 0.9),True,del",1498.61153846154,237.469680591121,Inf,6.31074895427123,7.9641012033921e-06,"rank,('add', 0.1),False,add","rank,('add', 0.9),True,del"
"num_iters","rank,('add', 0.1),False,add - rank,mul,False,add",2044.05384615385,237.469680591121,Inf,8.60764136737663,2.13893005049392e-13,"rank,('add', 0.1),False,add","rank,mul,False,add"
"num_iters","rank,('add', 0.1),False,add - (rank,mul,False,all-sep)",2609.37307692308,237.469680591121,Inf,10.9882367737544,1.24857732690109e-23,"rank,('add', 0.1),False,add","(rank,mul,False,all-sep)"
"num_iters","rank,('add', 0.1),False,add - (rank,mul,False,all-uni)",2098.31923076923,237.469680591121,Inf,8.83615636971421,2.84127279437188e-14,"rank,('add', 0.1),False,add","(rank,mul,False,all-uni)"
"num_iters","rank,('add', 0.1),False,add - rank,mul,False,del",2098.31923076923,237.469680591121,Inf,8.83615636971421,2.84127279437188e-14,"rank,('add', 0.1),False,add","rank,mul,False,del"
"num_iters","rank,('add', 0.1),False,add - rank,mul,True,add",2326.97692307692,237.469680591121,Inf,9.79904852393998,3.25951415199225e-18,"rank,('add', 0.1),False,add","rank,mul,True,add"
"num_iters","rank,('add', 0.1),False,add - (rank,mul,True,all-sep)",2571.61923076923,237.469680591121,Inf,10.8292529150157,7.17539699251951e-23,"rank,('add', 0.1),False,add","(rank,mul,True,all-sep)"
"num_iters","rank,('add', 0.1),False,add - (rank,mul,True,all-uni)",2326.97692307692,237.469680591121,Inf,9.79904852393999,3.25951415199214e-18,"rank,('add', 0.1),False,add","(rank,mul,True,all-uni)"
"num_iters","rank,('add', 0.1),False,add - rank,mul,True,del",2264.11923076923,237.469680591121,Inf,9.53435076483565,4.32569914420226e-17,"rank,('add', 0.1),False,add","rank,mul,True,del"
"num_iters","rank,('add', 0.1),False,add - score,('add', 0.5),True,add",1188.01923076923,237.469680591121,Inf,5.00282489879111,0.0162031254375272,"rank,('add', 0.1),False,add","score,('add', 0.5),True,add"
"num_iters","rank,('add', 0.1),False,add - (score,('add', 0.5),True,all-sep)",1199.70384615385,237.469680591121,Inf,5.05202956085798,0.0125371758953483,"rank,('add', 0.1),False,add","(score,('add', 0.5),True,all-sep)"
"num_iters","rank,('add', 0.1),False,add - (score,('add', 0.5),True,all-uni)",1188.01923076923,237.469680591121,Inf,5.00282489879111,0.0162031254375272,"rank,('add', 0.1),False,add","(score,('add', 0.5),True,all-uni)"
"num_iters","rank,('add', 0.1),False,add - score,('add', 0.5),True,del",1149.55,237.469680591121,Inf,4.84082850972168,0.0370829298012032,"rank,('add', 0.1),False,add","score,('add', 0.5),True,del"
"num_iters","rank,('add', 0.1),False,add - score,('add', 0.6),False,add",1170.43076923077,237.469680591121,Inf,4.92875876329676,0.0237337548557839,"rank,('add', 0.1),False,add","score,('add', 0.6),False,add"
"num_iters","rank,('add', 0.1),False,add - (score,('add', 0.6),False,all-uni)",1183.82307692308,237.469680591121,Inf,4.98515462679803,0.0177564417137798,"rank,('add', 0.1),False,add","(score,('add', 0.6),False,all-uni)"
"num_iters","rank,('add', 0.1),False,add - score,('add', 0.6),False,del",1170.43076923077,237.469680591121,Inf,4.92875876329676,0.0237337548557839,"rank,('add', 0.1),False,add","score,('add', 0.6),False,del"
"num_iters","rank,('add', 0.1),False,add - score,('add', 0.6),True,add",1281.04615384615,237.469680591121,Inf,5.39456721656976,0.00196999794830021,"rank,('add', 0.1),False,add","score,('add', 0.6),True,add"
"num_iters","rank,('add', 0.1),False,add - (score,('add', 0.6),True,all-sep)",1318.45769230769,237.469680591121,Inf,5.55210959574176,0.000809471611126357,"rank,('add', 0.1),False,add","(score,('add', 0.6),True,all-sep)"
"num_iters","rank,('add', 0.1),False,add - (score,('add', 0.6),True,all-uni)",1233.14230769231,237.469680591121,Inf,5.19284105921527,0.00593988577980816,"rank,('add', 0.1),False,add","(score,('add', 0.6),True,all-uni)"
"num_iters","rank,('add', 0.1),False,add - score,('add', 0.6),True,del",1222.23076923077,237.469680591121,Inf,5.14689187347342,0.0075955503221314,"rank,('add', 0.1),False,add","score,('add', 0.6),True,del"
"num_iters","rank,('add', 0.1),False,add - score,('add', 0.7),False,add",1375.54615384615,237.469680591121,Inf,5.79251275540557,0.000198870153711481,"rank,('add', 0.1),False,add","score,('add', 0.7),False,add"
"num_iters","rank,('add', 0.1),False,add - (score,('add', 0.7),False,all-sep)",1287.35384615385,237.469680591121,Inf,5.42112931195807,0.00169853567427684,"rank,('add', 0.1),False,add","(score,('add', 0.7),False,all-sep)"
"num_iters","rank,('add', 0.1),False,add - (score,('add', 0.7),False,all-uni)",1375.54615384615,237.469680591121,Inf,5.79251275540557,0.000198870153711482,"rank,('add', 0.1),False,add","(score,('add', 0.7),False,all-uni)"
"num_iters","rank,('add', 0.1),False,add - score,('add', 0.7),False,del",1375.54615384615,237.469680591121,Inf,5.79251275540557,0.000198870153711481,"rank,('add', 0.1),False,add","score,('add', 0.7),False,del"
"num_iters","rank,('add', 0.1),False,add - score,('add', 0.7),True,add",1409.2,237.469680591121,Inf,5.93423125214197,8.46706665832299e-05,"rank,('add', 0.1),False,add","score,('add', 0.7),True,add"
"num_iters","rank,('add', 0.1),False,add - (score,('add', 0.7),True,all-sep)",1491.90384615385,237.469680591121,Inf,6.28250243332171,9.55520245318052e-06,"rank,('add', 0.1),False,add","(score,('add', 0.7),True,all-sep)"
"num_iters","rank,('add', 0.1),False,add - (score,('add', 0.7),True,all-uni)",1409.2,237.469680591121,Inf,5.93423125214197,8.46706665832304e-05,"rank,('add', 0.1),False,add","(score,('add', 0.7),True,all-uni)"
"num_iters","rank,('add', 0.1),False,add - score,('add', 0.7),True,del",1391.38461538462,237.469680591121,Inf,5.85920952906962,0.000133383680966442,"rank,('add', 0.1),False,add","score,('add', 0.7),True,del"
"num_iters","rank,('add', 0.1),False,add - score,('add', 0.8),False,add",1466.03846153846,237.469680591121,Inf,6.17358164583002,1.91467822011699e-05,"rank,('add', 0.1),False,add","score,('add', 0.8),False,add"
"num_iters","rank,('add', 0.1),False,add - (score,('add', 0.8),False,all-sep)",1438.02692307692,237.469680591121,Inf,6.05562326734646,4.01161539532233e-05,"rank,('add', 0.1),False,add","(score,('add', 0.8),False,all-sep)"
"num_iters","rank,('add', 0.1),False,add - (score,('add', 0.8),False,all-uni)",1466.03846153846,237.469680591121,Inf,6.17358164583002,1.91467822011699e-05,"rank,('add', 0.1),False,add","(score,('add', 0.8),False,all-uni)"
"num_iters","rank,('add', 0.1),False,add - score,('add', 0.8),False,del",1466.03846153846,237.469680591121,Inf,6.17358164583002,1.914678220117e-05,"rank,('add', 0.1),False,add","score,('add', 0.8),False,del"
"num_iters","rank,('add', 0.1),False,add - score,('add', 0.8),True,add",1433.18846153846,237.469680591121,Inf,6.03524819661567,4.55204789202594e-05,"rank,('add', 0.1),False,add","score,('add', 0.8),True,add"
"num_iters","rank,('add', 0.1),False,add - (score,('add', 0.8),True,all-sep)",1507.69230769231,237.469680591121,Inf,6.34898865379061,6.21596027228319e-06,"rank,('add', 0.1),False,add","(score,('add', 0.8),True,all-sep)"
"num_iters","rank,('add', 0.1),False,add - (score,('add', 0.8),True,all-uni)",1433.18846153846,237.469680591121,Inf,6.03524819661567,4.55204789202597e-05,"rank,('add', 0.1),False,add","(score,('add', 0.8),True,all-uni)"
"num_iters","rank,('add', 0.1),False,add - score,('add', 0.8),True,del",1405,237.469680591121,Inf,5.91654478374926,9.42926654765036e-05,"rank,('add', 0.1),False,add","score,('add', 0.8),True,del"
"num_iters","rank,('add', 0.1),False,add - score,('add', 0.9),False,add",1482.09230769231,237.469680591121,Inf,6.24118541787319,1.24547802395473e-05,"rank,('add', 0.1),False,add","score,('add', 0.9),False,add"
"num_iters","rank,('add', 0.1),False,add - (score,('add', 0.9),False,all-sep)",1386.94230769231,237.469680591121,Inf,5.84050268750042,0.000149260889151272,"rank,('add', 0.1),False,add","(score,('add', 0.9),False,all-sep)"
"num_iters","rank,('add', 0.1),False,add - (score,('add', 0.9),False,all-uni)",1462.63076923077,237.469680591121,Inf,6.15923163576048,2.09647187377414e-05,"rank,('add', 0.1),False,add","(score,('add', 0.9),False,all-uni)"
"num_iters","rank,('add', 0.1),False,add - score,('add', 0.9),False,del",1482.09230769231,237.469680591121,Inf,6.24118541787319,1.24547802395473e-05,"rank,('add', 0.1),False,add","score,('add', 0.9),False,del"
"num_iters","rank,('add', 0.1),False,add - score,('add', 0.9),True,add",1498.68076923077,237.469680591121,Inf,6.31104048946451,7.94911119317823e-06,"rank,('add', 0.1),False,add","score,('add', 0.9),True,add"
"num_iters","rank,('add', 0.1),False,add - (score,('add', 0.9),True,all-sep)",1498.68076923077,237.469680591121,Inf,6.31104048946451,7.94911119317827e-06,"rank,('add', 0.1),False,add","(score,('add', 0.9),True,all-sep)"
"num_iters","rank,('add', 0.1),False,add - (score,('add', 0.9),True,all-uni)",1498.68076923077,237.469680591121,Inf,6.31104048946451,7.94911119317823e-06,"rank,('add', 0.1),False,add","(score,('add', 0.9),True,all-uni)"
"num_iters","rank,('add', 0.1),False,add - score,('add', 0.9),True,del",1498.26538461538,237.469680591121,Inf,6.3092912783048,8.03946630814964e-06,"rank,('add', 0.1),False,add","score,('add', 0.9),True,del"
"num_iters","rank,('add', 0.1),False,add - score,mul,False,add",1845.63076923077,237.469680591121,Inf,7.77206911061883,2.21450607418028e-10,"rank,('add', 0.1),False,add","score,mul,False,add"
"num_iters","rank,('add', 0.1),False,add - (score,mul,False,all-sep)",1962.94230769231,237.469680591121,Inf,8.26607549564247,3.9704850455352e-12,"rank,('add', 0.1),False,add","(score,mul,False,all-sep)"
"num_iters","rank,('add', 0.1),False,add - (score,mul,False,all-uni)",1845.63076923077,237.469680591121,Inf,7.77206911061883,2.21450607418026e-10,"rank,('add', 0.1),False,add","(score,mul,False,all-uni)"
"num_iters","rank,('add', 0.1),False,add - score,mul,False,del",1845.63076923077,237.469680591121,Inf,7.77206911061883,2.21450607418026e-10,"rank,('add', 0.1),False,add","score,mul,False,del"
"num_iters","rank,('add', 0.1),False,add - score,mul,True,add",2046.91153846154,237.469680591121,Inf,8.6196752922995,1.92569680997681e-13,"rank,('add', 0.1),False,add","score,mul,True,add"
"num_iters","rank,('add', 0.1),False,add - (score,mul,True,all-sep)",2250.26153846154,237.469680591121,Inf,9.47599513697951,7.57811543234546e-17,"rank,('add', 0.1),False,add","(score,mul,True,all-sep)"
"num_iters","rank,('add', 0.1),False,add - (score,mul,True,all-uni)",2046.91153846154,237.469680591121,Inf,8.6196752922995,1.92569680997681e-13,"rank,('add', 0.1),False,add","(score,mul,True,all-uni)"
"num_iters","rank,('add', 0.1),False,add - score,mul,True,del",2108.16538461538,237.46968059115,Inf,8.87761915275824,1.95903473310118e-14,"rank,('add', 0.1),False,add","score,mul,True,del"
"num_iters","(rank,('add', 0.1),False,all-sep) - (rank,('add', 0.3),False,all-sep)",1156.25769230769,237.469680591121,Inf,4.8690750306712,0.0321565416345056,"(rank,('add', 0.1),False,all-sep)","(rank,('add', 0.3),False,all-sep)"
"num_iters","(rank,('add', 0.1),False,all-sep) - (rank,('add', 0.3),True,all-sep)",1231.97692307692,237.469680591121,Inf,5.18793355012828,0.00609852801343859,"(rank,('add', 0.1),False,all-sep)","(rank,('add', 0.3),True,all-sep)"
"num_iters","(rank,('add', 0.1),False,all-sep) - rank,('add', 0.4),False,add",1213.64230769231,237.469680591121,Inf,5.11072531310629,0.00920410932336324,"(rank,('add', 0.1),False,all-sep)","rank,('add', 0.4),False,add"
"num_iters","(rank,('add', 0.1),False,all-sep) - (rank,('add', 0.4),False,all-sep)",1316.93461538462,237.469680591121,Inf,5.54569582148946,0.000839714393336353,"(rank,('add', 0.1),False,all-sep)","(rank,('add', 0.4),False,all-sep)"
"num_iters","(rank,('add', 0.1),False,all-sep) - (rank,('add', 0.4),False,all-uni)",1213.64230769231,237.469680591121,Inf,5.1107253131063,0.00920410932336315,"(rank,('add', 0.1),False,all-sep)","(rank,('add', 0.4),False,all-uni)"
"num_iters","(rank,('add', 0.1),False,all-sep) - rank,('add', 0.4),False,del",1213.64230769231,237.469680591121,Inf,5.11072531310629,0.00920410932336324,"(rank,('add', 0.1),False,all-sep)","rank,('add', 0.4),False,del"
"num_iters","(rank,('add', 0.1),False,all-sep) - (rank,('add', 0.4),True,all-sep)",1326.38076923077,237.469680591121,Inf,5.58547417897341,0.000668425877071883,"(rank,('add', 0.1),False,all-sep)","(rank,('add', 0.4),True,all-sep)"
"num_iters","(rank,('add', 0.1),False,all-sep) - rank,('add', 0.4),True,del",1173.98846153846,237.469680591121,Inf,4.94374043295175,0.0219797005759624,"(rank,('add', 0.1),False,all-sep)","rank,('add', 0.4),True,del"
"num_iters","(rank,('add', 0.1),False,all-sep) - rank,('add', 0.5),False,add",1138.48461538462,237.469680591121,Inf,4.79423146799476,0.0468343368588444,"(rank,('add', 0.1),False,all-sep)","rank,('add', 0.5),False,add"
"num_iters","(rank,('add', 0.1),False,all-sep) - (rank,('add', 0.5),False,all-sep)",1406.01923076923,237.469680591121,Inf,5.92083682965042,9.18642027639074e-05,"(rank,('add', 0.1),False,all-sep)","(rank,('add', 0.5),False,all-sep)"
"num_iters","(rank,('add', 0.1),False,all-sep) - (rank,('add', 0.5),False,all-uni)",1151.87692307692,237.469680591121,Inf,4.85062733149603,0.035296933357542,"(rank,('add', 0.1),False,all-sep)","(rank,('add', 0.5),False,all-uni)"
"num_iters","(rank,('add', 0.1),False,all-sep) - rank,('add', 0.5),False,del",1151.87692307692,237.469680591121,Inf,4.85062733149603,0.0352969333575423,"(rank,('add', 0.1),False,all-sep)","rank,('add', 0.5),False,del"
"num_iters","(rank,('add', 0.1),False,all-sep) - rank,('add', 0.5),True,add",1206.25384615385,237.469680591121,Inf,5.07961202942279,0.0108469608034199,"(rank,('add', 0.1),False,all-sep)","rank,('add', 0.5),True,add"
"num_iters","(rank,('add', 0.1),False,all-sep) - (rank,('add', 0.5),True,all-sep)",1335.55,237.469680591121,Inf,5.62408639568422,0.000534859925980312,"(rank,('add', 0.1),False,all-sep)","(rank,('add', 0.5),True,all-sep)"
"num_iters","(rank,('add', 0.1),False,all-sep) - (rank,('add', 0.5),True,all-uni)",1172.8,237.469680591121,Inf,4.938735745467,0.0225512790014274,"(rank,('add', 0.1),False,all-sep)","(rank,('add', 0.5),True,all-uni)"
"num_iters","(rank,('add', 0.1),False,all-sep) - rank,('add', 0.5),True,del",1218.11153846154,237.469680591121,Inf,5.12954552947289,0.00832989147873531,"(rank,('add', 0.1),False,all-sep)","rank,('add', 0.5),True,del"
"num_iters","(rank,('add', 0.1),False,all-sep) - rank,('add', 0.6),False,add",1294.64615384615,237.469680591121,Inf,5.4518376856509,0.00142975388241341,"(rank,('add', 0.1),False,all-sep)","rank,('add', 0.6),False,add"
"num_iters","(rank,('add', 0.1),False,all-sep) - (rank,('add', 0.6),False,all-sep)",1354.36538461538,237.469680591121,Inf,5.70331918265959,0.000336980445174463,"(rank,('add', 0.1),False,all-sep)","(rank,('add', 0.6),False,all-sep)"
"num_iters","(rank,('add', 0.1),False,all-sep) - (rank,('add', 0.6),False,all-uni)",1294.64615384615,237.469680591121,Inf,5.4518376856509,0.00142975388241341,"(rank,('add', 0.1),False,all-sep)","(rank,('add', 0.6),False,all-uni)"
"num_iters","(rank,('add', 0.1),False,all-sep) - rank,('add', 0.6),False,del",1261.19230769231,237.469680591121,Inf,5.3109614016951,0.00312750887734397,"(rank,('add', 0.1),False,all-sep)","rank,('add', 0.6),False,del"
"num_iters","(rank,('add', 0.1),False,all-sep) - rank,('add', 0.6),True,add",1335.64230769231,237.469680591121,Inf,5.62447510927527,0.000533657020401021,"(rank,('add', 0.1),False,all-sep)","rank,('add', 0.6),True,add"
"num_iters","(rank,('add', 0.1),False,all-sep) - (rank,('add', 0.6),True,all-sep)",1474.79230769231,237.469680591121,Inf,6.21044465138111,1.51530447163623e-05,"(rank,('add', 0.1),False,all-sep)","(rank,('add', 0.6),True,all-sep)"
"num_iters","(rank,('add', 0.1),False,all-sep) - (rank,('add', 0.6),True,all-uni)",1335.64230769231,237.469680591121,Inf,5.62447510927527,0.000533657020401021,"(rank,('add', 0.1),False,all-sep)","(rank,('add', 0.6),True,all-uni)"
"num_iters","(rank,('add', 0.1),False,all-sep) - rank,('add', 0.6),True,del",1329.86538461538,237.469680591121,Inf,5.60014811703549,0.00061423591998998,"(rank,('add', 0.1),False,all-sep)","rank,('add', 0.6),True,del"
"num_iters","(rank,('add', 0.1),False,all-sep) - rank,('add', 0.7),False,add",1442.36923076923,237.469680591121,Inf,6.07390900252536,3.58022434973983e-05,"(rank,('add', 0.1),False,all-sep)","rank,('add', 0.7),False,add"
"num_iters","(rank,('add', 0.1),False,all-sep) - (rank,('add', 0.7),False,all-sep)",1464.91153846154,237.469680591121,Inf,6.16883610073931,1.97302598353362e-05,"(rank,('add', 0.1),False,all-sep)","(rank,('add', 0.7),False,all-sep)"
"num_iters","(rank,('add', 0.1),False,all-sep) - (rank,('add', 0.7),False,all-uni)",1442.36923076923,237.469680591121,Inf,6.07390900252536,3.58022434973983e-05,"(rank,('add', 0.1),False,all-sep)","(rank,('add', 0.7),False,all-uni)"
"num_iters","(rank,('add', 0.1),False,all-sep) - rank,('add', 0.7),False,del",1442.36923076923,237.469680591121,Inf,6.07390900252536,3.58022434973983e-05,"(rank,('add', 0.1),False,all-sep)","rank,('add', 0.7),False,del"
"num_iters","(rank,('add', 0.1),False,all-sep) - rank,('add', 0.7),True,add",1437.9,237.469680591121,Inf,6.05508878615877,4.02495800675627e-05,"(rank,('add', 0.1),False,all-sep)","rank,('add', 0.7),True,add"
"num_iters","(rank,('add', 0.1),False,all-sep) - (rank,('add', 0.7),True,all-sep)",1493.32692307692,237.469680591121,Inf,6.28849510118371,9.19360866784352e-06,"(rank,('add', 0.1),False,all-sep)","(rank,('add', 0.7),True,all-sep)"
"num_iters","(rank,('add', 0.1),False,all-sep) - (rank,('add', 0.7),True,all-uni)",1437.9,237.469680591121,Inf,6.05508878615877,4.02495800675627e-05,"(rank,('add', 0.1),False,all-sep)","(rank,('add', 0.7),True,all-uni)"
"num_iters","(rank,('add', 0.1),False,all-sep) - rank,('add', 0.7),True,del",1404.33076923077,237.469680591121,Inf,5.91372661021416,9.59210758440068e-05,"(rank,('add', 0.1),False,all-sep)","rank,('add', 0.7),True,del"
"num_iters","(rank,('add', 0.1),False,all-sep) - rank,('add', 0.8),False,add",1553.73461538462,237.469680591121,Inf,6.54287575372563,1.73075097020837e-06,"(rank,('add', 0.1),False,all-sep)","rank,('add', 0.8),False,add"
"num_iters","(rank,('add', 0.1),False,all-sep) - (rank,('add', 0.8),False,all-sep)",1538.05384615385,237.469680591121,Inf,6.47684303244628,2.68621290005571e-06,"(rank,('add', 0.1),False,all-sep)","(rank,('add', 0.8),False,all-sep)"
"num_iters","(rank,('add', 0.1),False,all-sep) - (rank,('add', 0.8),False,all-uni)",1553.73461538462,237.469680591121,Inf,6.54287575372563,1.73075097020837e-06,"(rank,('add', 0.1),False,all-sep)","(rank,('add', 0.8),False,all-uni)"
"num_iters","(rank,('add', 0.1),False,all-sep) - rank,('add', 0.8),False,del",1553.73461538462,237.469680591121,Inf,6.54287575372563,1.73075097020837e-06,"(rank,('add', 0.1),False,all-sep)","rank,('add', 0.8),False,del"
"num_iters","(rank,('add', 0.1),False,all-sep) - rank,('add', 0.8),True,add",1314.91923076923,237.469680591121,Inf,5.5372089080849,0.000881422128141274,"(rank,('add', 0.1),False,all-sep)","rank,('add', 0.8),True,add"
"num_iters","(rank,('add', 0.1),False,all-sep) - (rank,('add', 0.8),True,all-sep)",1534.54230769231,237.469680591121,Inf,6.46205571958682,2.96235860627436e-06,"(rank,('add', 0.1),False,all-sep)","(rank,('add', 0.8),True,all-sep)"
"num_iters","(rank,('add', 0.1),False,all-sep) - (rank,('add', 0.8),True,all-uni)",1328.31153846154,237.469680591121,Inf,5.59360477158617,0.000637851553373559,"(rank,('add', 0.1),False,all-sep)","(rank,('add', 0.8),True,all-uni)"
"num_iters","(rank,('add', 0.1),False,all-sep) - rank,('add', 0.8),True,del",1473.57692307692,237.469680591121,Inf,6.20532658909897,1.56545275816303e-05,"(rank,('add', 0.1),False,all-sep)","rank,('add', 0.8),True,del"
"num_iters","(rank,('add', 0.1),False,all-sep) - rank,('add', 0.9),False,add",1456.56153846154,237.469680591121,Inf,6.13367371714905,2.46282479188252e-05,"(rank,('add', 0.1),False,all-sep)","rank,('add', 0.9),False,add"
"num_iters","(rank,('add', 0.1),False,all-sep) - (rank,('add', 0.9),False,all-sep)",1471.84615384615,237.469680591121,Inf,6.19803820926682,1.63967184154026e-05,"(rank,('add', 0.1),False,all-sep)","(rank,('add', 0.9),False,all-sep)"
"num_iters","(rank,('add', 0.1),False,all-sep) - (rank,('add', 0.9),False,all-uni)",1456.56153846154,237.469680591121,Inf,6.13367371714905,2.4628247918825e-05,"(rank,('add', 0.1),False,all-sep)","(rank,('add', 0.9),False,all-uni)"
"num_iters","(rank,('add', 0.1),False,all-sep) - rank,('add', 0.9),False,del",1456.56153846154,237.469680591121,Inf,6.13367371714905,2.46282479188252e-05,"(rank,('add', 0.1),False,all-sep)","rank,('add', 0.9),False,del"
"num_iters","(rank,('add', 0.1),False,all-sep) - rank,('add', 0.9),True,add",1396.22692307692,237.469680591121,Inf,5.87960079620004,0.000117948538121603,"(rank,('add', 0.1),False,all-sep)","rank,('add', 0.9),True,add"
"num_iters","(rank,('add', 0.1),False,all-sep) - (rank,('add', 0.9),True,all-sep)",1566.53846153846,237.469680591121,Inf,6.59679356808397,1.204976198886e-06,"(rank,('add', 0.1),False,all-sep)","(rank,('add', 0.9),True,all-sep)"
"num_iters","(rank,('add', 0.1),False,all-sep) - (rank,('add', 0.9),True,all-uni)",1341.96153846154,237.469680591121,Inf,5.65108579386246,0.000457266704388352,"(rank,('add', 0.1),False,all-sep)","(rank,('add', 0.9),True,all-uni)"
"num_iters","(rank,('add', 0.1),False,all-sep) - rank,('add', 0.9),True,del",1438.39230769231,237.469680591121,Inf,6.05716192531102,3.97344508979383e-05,"(rank,('add', 0.1),False,all-sep)","rank,('add', 0.9),True,del"
"num_iters","(rank,('add', 0.1),False,all-sep) - rank,mul,False,add",1983.83461538462,237.469680591121,Inf,8.35405433841642,1.89170355689329e-12,"(rank,('add', 0.1),False,all-sep)","rank,mul,False,add"
"num_iters","(rank,('add', 0.1),False,all-sep) - (rank,mul,False,all-sep)",2549.15384615385,237.469680591121,Inf,10.7346497447942,2.00713673734485e-22,"(rank,('add', 0.1),False,all-sep)","(rank,mul,False,all-sep)"
"num_iters","(rank,('add', 0.1),False,all-sep) - (rank,mul,False,all-uni)",2038.1,237.469680591121,Inf,8.582569340754,2.66084928128757e-13,"(rank,('add', 0.1),False,all-sep)","(rank,mul,False,all-uni)"
"num_iters","(rank,('add', 0.1),False,all-sep) - rank,mul,False,del",2038.1,237.469680591121,Inf,8.582569340754,2.66084928128757e-13,"(rank,('add', 0.1),False,all-sep)","rank,mul,False,del"
"num_iters","(rank,('add', 0.1),False,all-sep) - rank,mul,True,add",2266.75769230769,237.469680591121,Inf,9.54546149497978,3.88622437996875e-17,"(rank,('add', 0.1),False,all-sep)","rank,mul,True,add"
"num_iters","(rank,('add', 0.1),False,all-sep) - (rank,mul,True,all-sep)",2511.4,237.469680591121,Inf,10.5756658860554,1.10826012160886e-21,"(rank,('add', 0.1),False,all-sep)","(rank,mul,True,all-sep)"
"num_iters","(rank,('add', 0.1),False,all-sep) - (rank,mul,True,all-uni)",2266.75769230769,237.469680591121,Inf,9.54546149497978,3.88622437996875e-17,"(rank,('add', 0.1),False,all-sep)","(rank,mul,True,all-uni)"
"num_iters","(rank,('add', 0.1),False,all-sep) - rank,mul,True,del",2203.9,237.469680591121,Inf,9.28076373587545,4.82592751921375e-16,"(rank,('add', 0.1),False,all-sep)","rank,mul,True,del"
"num_iters","(rank,('add', 0.1),False,all-sep) - (score,('add', 0.5),True,all-sep)",1139.48461538462,237.469680591121,Inf,4.79844253189778,0.0458605168451787,"(rank,('add', 0.1),False,all-sep)","(score,('add', 0.5),True,all-sep)"
"num_iters","(rank,('add', 0.1),False,all-sep) - score,('add', 0.6),True,add",1220.82692307692,237.469680591121,Inf,5.14098018760956,0.00783849855777363,"(rank,('add', 0.1),False,all-sep)","score,('add', 0.6),True,add"
"num_iters","(rank,('add', 0.1),False,all-sep) - (score,('add', 0.6),True,all-sep)",1258.23846153846,237.469680591121,Inf,5.29852256678155,0.00334820215419154,"(rank,('add', 0.1),False,all-sep)","(score,('add', 0.6),True,all-sep)"
"num_iters","(rank,('add', 0.1),False,all-sep) - (score,('add', 0.6),True,all-uni)",1172.92307692308,237.469680591121,Inf,4.93925403025507,0.0224914282595324,"(rank,('add', 0.1),False,all-sep)","(score,('add', 0.6),True,all-uni)"
"num_iters","(rank,('add', 0.1),False,all-sep) - score,('add', 0.6),True,del",1162.01153846154,237.469680591121,Inf,4.89330484451322,0.0284381230081317,"(rank,('add', 0.1),False,all-sep)","score,('add', 0.6),True,del"
"num_iters","(rank,('add', 0.1),False,all-sep) - score,('add', 0.7),False,add",1315.32692307692,237.469680591121,Inf,5.53892572644537,0.00087282609488985,"(rank,('add', 0.1),False,all-sep)","score,('add', 0.7),False,add"
"num_iters","(rank,('add', 0.1),False,all-sep) - (score,('add', 0.7),False,all-sep)",1227.13461538462,237.469680591121,Inf,5.16754228299787,0.00680267567246993,"(rank,('add', 0.1),False,all-sep)","(score,('add', 0.7),False,all-sep)"
"num_iters","(rank,('add', 0.1),False,all-sep) - (score,('add', 0.7),False,all-uni)",1315.32692307692,237.469680591121,Inf,5.53892572644537,0.00087282609488985,"(rank,('add', 0.1),False,all-sep)","(score,('add', 0.7),False,all-uni)"
"num_iters","(rank,('add', 0.1),False,all-sep) - score,('add', 0.7),False,del",1315.32692307692,237.469680591121,Inf,5.53892572644537,0.00087282609488985,"(rank,('add', 0.1),False,all-sep)","score,('add', 0.7),False,del"
"num_iters","(rank,('add', 0.1),False,all-sep) - score,('add', 0.7),True,add",1348.98076923077,237.469680591121,Inf,5.68064422318176,0.000384852174321652,"(rank,('add', 0.1),False,all-sep)","score,('add', 0.7),True,add"
"num_iters","(rank,('add', 0.1),False,all-sep) - (score,('add', 0.7),True,all-sep)",1431.68461538462,237.469680591121,Inf,6.02891540436151,4.73402563095631e-05,"(rank,('add', 0.1),False,all-sep)","(score,('add', 0.7),True,all-sep)"
"num_iters","(rank,('add', 0.1),False,all-sep) - (score,('add', 0.7),True,all-uni)",1348.98076923077,237.469680591121,Inf,5.68064422318176,0.000384852174321652,"(rank,('add', 0.1),False,all-sep)","(score,('add', 0.7),True,all-uni)"
"num_iters","(rank,('add', 0.1),False,all-sep) - score,('add', 0.7),True,del",1331.16538461538,237.469680591121,Inf,5.60562250010942,0.000595132356840679,"(rank,('add', 0.1),False,all-sep)","score,('add', 0.7),True,del"
"num_iters","(rank,('add', 0.1),False,all-sep) - score,('add', 0.8),False,add",1405.81923076923,237.469680591121,Inf,5.91999461686982,9.23358785002419e-05,"(rank,('add', 0.1),False,all-sep)","score,('add', 0.8),False,add"
"num_iters","(rank,('add', 0.1),False,all-sep) - (score,('add', 0.8),False,all-sep)",1377.80769230769,237.469680591121,Inf,5.80203623838625,0.000187895292746121,"(rank,('add', 0.1),False,all-sep)","(score,('add', 0.8),False,all-sep)"
"num_iters","(rank,('add', 0.1),False,all-sep) - (score,('add', 0.8),False,all-uni)",1405.81923076923,237.469680591121,Inf,5.91999461686982,9.23358785002419e-05,"(rank,('add', 0.1),False,all-sep)","(score,('add', 0.8),False,all-uni)"
"num_iters","(rank,('add', 0.1),False,all-sep) - score,('add', 0.8),False,del",1405.81923076923,237.469680591121,Inf,5.91999461686982,9.23358785002424e-05,"(rank,('add', 0.1),False,all-sep)","score,('add', 0.8),False,del"
"num_iters","(rank,('add', 0.1),False,all-sep) - score,('add', 0.8),True,add",1372.96923076923,237.469680591121,Inf,5.78166116765547,0.000212136126048873,"(rank,('add', 0.1),False,all-sep)","score,('add', 0.8),True,add"
"num_iters","(rank,('add', 0.1),False,all-sep) - (score,('add', 0.8),True,all-sep)",1447.47307692308,237.469680591121,Inf,6.09540162483041,3.13079564926937e-05,"(rank,('add', 0.1),False,all-sep)","(score,('add', 0.8),True,all-sep)"
"num_iters","(rank,('add', 0.1),False,all-sep) - (score,('add', 0.8),True,all-uni)",1372.96923076923,237.469680591121,Inf,5.78166116765547,0.000212136126048873,"(rank,('add', 0.1),False,all-sep)","(score,('add', 0.8),True,all-uni)"
"num_iters","(rank,('add', 0.1),False,all-sep) - score,('add', 0.8),True,del",1344.78076923077,237.469680591121,Inf,5.66295775478906,0.000426717672557659,"(rank,('add', 0.1),False,all-sep)","score,('add', 0.8),True,del"
"num_iters","(rank,('add', 0.1),False,all-sep) - score,('add', 0.9),False,add",1421.87307692308,237.469680591121,Inf,5.98759838891299,6.10775358347472e-05,"(rank,('add', 0.1),False,all-sep)","score,('add', 0.9),False,add"
"num_iters","(rank,('add', 0.1),False,all-sep) - (score,('add', 0.9),False,all-sep)",1326.72307692308,237.469680591121,Inf,5.58691565854022,0.000662903518403363,"(rank,('add', 0.1),False,all-sep)","(score,('add', 0.9),False,all-sep)"
"num_iters","(rank,('add', 0.1),False,all-sep) - (score,('add', 0.9),False,all-uni)",1402.41153846154,237.469680591121,Inf,5.90564460680028,0.000100744380669437,"(rank,('add', 0.1),False,all-sep)","(score,('add', 0.9),False,all-uni)"
"num_iters","(rank,('add', 0.1),False,all-sep) - score,('add', 0.9),False,del",1421.87307692308,237.469680591121,Inf,5.98759838891299,6.10775358347472e-05,"(rank,('add', 0.1),False,all-sep)","score,('add', 0.9),False,del"
"num_iters","(rank,('add', 0.1),False,all-sep) - score,('add', 0.9),True,add",1438.46153846154,237.469680591121,Inf,6.05745346050431,3.96625282049017e-05,"(rank,('add', 0.1),False,all-sep)","score,('add', 0.9),True,add"
"num_iters","(rank,('add', 0.1),False,all-sep) - (score,('add', 0.9),True,all-sep)",1438.46153846154,237.469680591121,Inf,6.05745346050431,3.96625282049017e-05,"(rank,('add', 0.1),False,all-sep)","(score,('add', 0.9),True,all-sep)"
"num_iters","(rank,('add', 0.1),False,all-sep) - (score,('add', 0.9),True,all-uni)",1438.46153846154,237.469680591121,Inf,6.05745346050431,3.96625282049017e-05,"(rank,('add', 0.1),False,all-sep)","(score,('add', 0.9),True,all-uni)"
"num_iters","(rank,('add', 0.1),False,all-sep) - score,('add', 0.9),True,del",1438.04615384615,237.469680591121,Inf,6.05570424934459,4.00959755206736e-05,"(rank,('add', 0.1),False,all-sep)","score,('add', 0.9),True,del"
"num_iters","(rank,('add', 0.1),False,all-sep) - score,mul,False,add",1785.41153846154,237.469680591121,Inf,7.51848208165862,1.58932625095157e-09,"(rank,('add', 0.1),False,all-sep)","score,mul,False,add"
"num_iters","(rank,('add', 0.1),False,all-sep) - (score,mul,False,all-sep)",1902.72307692308,237.469680591121,Inf,8.01248846668226,3.2239297616204e-11,"(rank,('add', 0.1),False,all-sep)","(score,mul,False,all-sep)"
"num_iters","(rank,('add', 0.1),False,all-sep) - (score,mul,False,all-uni)",1785.41153846154,237.469680591121,Inf,7.51848208165862,1.58932625095157e-09,"(rank,('add', 0.1),False,all-sep)","(score,mul,False,all-uni)"
"num_iters","(rank,('add', 0.1),False,all-sep) - score,mul,False,del",1785.41153846154,237.469680591121,Inf,7.51848208165862,1.58932625095156e-09,"(rank,('add', 0.1),False,all-sep)","score,mul,False,del"
"num_iters","(rank,('add', 0.1),False,all-sep) - score,mul,True,add",1986.69230769231,237.469680591121,Inf,8.3660882633393,1.70825498505876e-12,"(rank,('add', 0.1),False,all-sep)","score,mul,True,add"
"num_iters","(rank,('add', 0.1),False,all-sep) - (score,mul,True,all-sep)",2190.04230769231,237.469680591121,Inf,9.22240810801931,8.33158119088462e-16,"(rank,('add', 0.1),False,all-sep)","(score,mul,True,all-sep)"
"num_iters","(rank,('add', 0.1),False,all-sep) - (score,mul,True,all-uni)",1986.69230769231,237.469680591121,Inf,8.3660882633393,1.70825498505876e-12,"(rank,('add', 0.1),False,all-sep)","(score,mul,True,all-uni)"
"num_iters","(rank,('add', 0.1),False,all-sep) - score,mul,True,del",2047.94615384615,237.46968059115,Inf,8.62403212379807,1.85378844898817e-13,"(rank,('add', 0.1),False,all-sep)","score,mul,True,del"
"num_iters","(rank,('add', 0.1),False,all-uni) - (rank,('add', 0.3),False,all-sep)",1264.80769230769,237.469680591121,Inf,5.3261860173445,0.00287650129245392,"(rank,('add', 0.1),False,all-uni)","(rank,('add', 0.3),False,all-sep)"
"num_iters","(rank,('add', 0.1),False,all-uni) - (rank,('add', 0.3),True,all-sep)",1340.52692307692,237.469680591121,Inf,5.64504453680158,0.000473617200958491,"(rank,('add', 0.1),False,all-uni)","(rank,('add', 0.3),True,all-sep)"
"num_iters","(rank,('add', 0.1),False,all-uni) - rank,('add', 0.3),True,del",1182.98846153846,237.469680591121,Inf,4.98164000807897,0.0180820640146412,"(rank,('add', 0.1),False,all-uni)","rank,('add', 0.3),True,del"
"num_iters","(rank,('add', 0.1),False,all-uni) - rank,('add', 0.4),False,add",1322.19230769231,237.469680591121,Inf,5.56783629977959,0.000739720173062069,"(rank,('add', 0.1),False,all-uni)","rank,('add', 0.4),False,add"
"num_iters","(rank,('add', 0.1),False,all-uni) - (rank,('add', 0.4),False,all-sep)",1425.48461538462,237.469680591121,Inf,6.00280680816276,5.56206513468485e-05,"(rank,('add', 0.1),False,all-uni)","(rank,('add', 0.4),False,all-sep)"
"num_iters","(rank,('add', 0.1),False,all-uni) - (rank,('add', 0.4),False,all-uni)",1322.19230769231,237.469680591121,Inf,5.56783629977959,0.000739720173062065,"(rank,('add', 0.1),False,all-uni)","(rank,('add', 0.4),False,all-uni)"
"num_iters","(rank,('add', 0.1),False,all-uni) - rank,('add', 0.4),False,del",1322.19230769231,237.469680591121,Inf,5.56783629977959,0.000739720173062073,"(rank,('add', 0.1),False,all-uni)","rank,('add', 0.4),False,del"
"num_iters","(rank,('add', 0.1),False,all-uni) - rank,('add', 0.4),True,add",1172.32692307692,237.469680591121,Inf,4.93674358831288,0.0227827615825391,"(rank,('add', 0.1),False,all-uni)","rank,('add', 0.4),True,add"
"num_iters","(rank,('add', 0.1),False,all-uni) - (rank,('add', 0.4),True,all-sep)",1434.93076923077,237.469680591121,Inf,6.04258516564671,4.34973055540246e-05,"(rank,('add', 0.1),False,all-uni)","(rank,('add', 0.4),True,all-sep)"
"num_iters","(rank,('add', 0.1),False,all-uni) - (rank,('add', 0.4),True,all-uni)",1172.32692307692,237.469680591121,Inf,4.93674358831288,0.0227827615825391,"(rank,('add', 0.1),False,all-uni)","(rank,('add', 0.4),True,all-uni)"
"num_iters","(rank,('add', 0.1),False,all-uni) - rank,('add', 0.4),True,del",1282.53846153846,237.469680591121,Inf,5.40085141962505,0.00190221086887903,"(rank,('add', 0.1),False,all-uni)","rank,('add', 0.4),True,del"
"num_iters","(rank,('add', 0.1),False,all-uni) - rank,('add', 0.5),False,add",1247.03461538462,237.469680591121,Inf,5.25134245466805,0.00433052657950215,"(rank,('add', 0.1),False,all-uni)","rank,('add', 0.5),False,add"
"num_iters","(rank,('add', 0.1),False,all-uni) - (rank,('add', 0.5),False,all-sep)",1514.56923076923,237.469680591121,Inf,6.37794781632372,5.14739009419382e-06,"(rank,('add', 0.1),False,all-uni)","(rank,('add', 0.5),False,all-sep)"
"num_iters","(rank,('add', 0.1),False,all-uni) - (rank,('add', 0.5),False,all-uni)",1260.42692307692,237.469680591121,Inf,5.30773831816933,0.00318330316766543,"(rank,('add', 0.1),False,all-uni)","(rank,('add', 0.5),False,all-uni)"
"num_iters","(rank,('add', 0.1),False,all-uni) - rank,('add', 0.5),False,del",1260.42692307692,237.469680591121,Inf,5.30773831816933,0.00318330316766546,"(rank,('add', 0.1),False,all-uni)","rank,('add', 0.5),False,del"
"num_iters","(rank,('add', 0.1),False,all-uni) - rank,('add', 0.5),True,add",1314.80384615385,237.469680591121,Inf,5.53672301609609,0.000883869842208194,"(rank,('add', 0.1),False,all-uni)","rank,('add', 0.5),True,add"
"num_iters","(rank,('add', 0.1),False,all-uni) - (rank,('add', 0.5),True,all-sep)",1444.1,237.469680591121,Inf,6.08119738235752,3.42118942689003e-05,"(rank,('add', 0.1),False,all-uni)","(rank,('add', 0.5),True,all-sep)"
"num_iters","(rank,('add', 0.1),False,all-uni) - (rank,('add', 0.5),True,all-uni)",1281.35,237.469680591121,Inf,5.3958467321403,0.00195600891710927,"(rank,('add', 0.1),False,all-uni)","(rank,('add', 0.5),True,all-uni)"
"num_iters","(rank,('add', 0.1),False,all-uni) - rank,('add', 0.5),True,del",1326.66153846154,237.469680591121,Inf,5.58665651614618,0.000663893026163262,"(rank,('add', 0.1),False,all-uni)","rank,('add', 0.5),True,del"
"num_iters","(rank,('add', 0.1),False,all-uni) - rank,('add', 0.6),False,add",1403.19615384615,237.469680591121,Inf,5.90894867232419,9.87446519470427e-05,"(rank,('add', 0.1),False,all-uni)","rank,('add', 0.6),False,add"
"num_iters","(rank,('add', 0.1),False,all-uni) - (rank,('add', 0.6),False,all-sep)",1462.91538461538,237.469680591121,Inf,6.16043016933288,2.0806652033329e-05,"(rank,('add', 0.1),False,all-uni)","(rank,('add', 0.6),False,all-sep)"
"num_iters","(rank,('add', 0.1),False,all-uni) - (rank,('add', 0.6),False,all-uni)",1403.19615384615,237.469680591121,Inf,5.90894867232419,9.87446519470433e-05,"(rank,('add', 0.1),False,all-uni)","(rank,('add', 0.6),False,all-uni)"
"num_iters","(rank,('add', 0.1),False,all-uni) - rank,('add', 0.6),False,del",1369.74230769231,237.469680591121,Inf,5.7680723883684,0.00022996589274051,"(rank,('add', 0.1),False,all-uni)","rank,('add', 0.6),False,del"
"num_iters","(rank,('add', 0.1),False,all-uni) - rank,('add', 0.6),True,add",1444.19230769231,237.469680591121,Inf,6.08158609594857,3.41290386544757e-05,"(rank,('add', 0.1),False,all-uni)","rank,('add', 0.6),True,add"
"num_iters","(rank,('add', 0.1),False,all-uni) - (rank,('add', 0.6),True,all-sep)",1583.34230769231,237.469680591121,Inf,6.66755563805441,7.4596356571607e-07,"(rank,('add', 0.1),False,all-uni)","(rank,('add', 0.6),True,all-sep)"
"num_iters","(rank,('add', 0.1),False,all-uni) - (rank,('add', 0.6),True,all-uni)",1444.19230769231,237.469680591121,Inf,6.08158609594857,3.41290386544757e-05,"(rank,('add', 0.1),False,all-uni)","(rank,('add', 0.6),True,all-uni)"
"num_iters","(rank,('add', 0.1),False,all-uni) - rank,('add', 0.6),True,del",1438.41538461538,237.469680591121,Inf,6.05725910370879,3.97104625534019e-05,"(rank,('add', 0.1),False,all-uni)","rank,('add', 0.6),True,del"
"num_iters","(rank,('add', 0.1),False,all-uni) - rank,('add', 0.7),False,add",1550.91923076923,237.469680591121,Inf,6.53101998919866,1.87347164025062e-06,"(rank,('add', 0.1),False,all-uni)","rank,('add', 0.7),False,add"
"num_iters","(rank,('add', 0.1),False,all-uni) - (rank,('add', 0.7),False,all-sep)",1573.46153846154,237.469680591121,Inf,6.6259470874126,9.89542471112359e-07,"(rank,('add', 0.1),False,all-uni)","(rank,('add', 0.7),False,all-sep)"
"num_iters","(rank,('add', 0.1),False,all-uni) - (rank,('add', 0.7),False,all-uni)",1550.91923076923,237.469680591121,Inf,6.53101998919866,1.87347164025062e-06,"(rank,('add', 0.1),False,all-uni)","(rank,('add', 0.7),False,all-uni)"
"num_iters","(rank,('add', 0.1),False,all-uni) - rank,('add', 0.7),False,del",1550.91923076923,237.469680591121,Inf,6.53101998919866,1.87347164025062e-06,"(rank,('add', 0.1),False,all-uni)","rank,('add', 0.7),False,del"
"num_iters","(rank,('add', 0.1),False,all-uni) - rank,('add', 0.7),True,add",1546.45,237.469680591121,Inf,6.51219977283206,2.12398725669913e-06,"(rank,('add', 0.1),False,all-uni)","rank,('add', 0.7),True,add"
"num_iters","(rank,('add', 0.1),False,all-uni) - (rank,('add', 0.7),True,all-sep)",1601.87692307692,237.469680591121,Inf,6.745606087857,4.3705320252334e-07,"(rank,('add', 0.1),False,all-uni)","(rank,('add', 0.7),True,all-sep)"
"num_iters","(rank,('add', 0.1),False,all-uni) - (rank,('add', 0.7),True,all-uni)",1546.45,237.469680591121,Inf,6.51219977283206,2.12398725669913e-06,"(rank,('add', 0.1),False,all-uni)","(rank,('add', 0.7),True,all-uni)"
"num_iters","(rank,('add', 0.1),False,all-uni) - rank,('add', 0.7),True,del",1512.88076923077,237.469680591121,Inf,6.37083759688746,5.39180076832308e-06,"(rank,('add', 0.1),False,all-uni)","rank,('add', 0.7),True,del"
"num_iters","(rank,('add', 0.1),False,all-uni) - rank,('add', 0.8),False,add",1662.28461538462,237.469680591121,Inf,6.99998674039893,7.34169954405835e-08,"(rank,('add', 0.1),False,all-uni)","rank,('add', 0.8),False,add"
"num_iters","(rank,('add', 0.1),False,all-uni) - (rank,('add', 0.8),False,all-sep)",1646.60384615385,237.469680591121,Inf,6.93395401911958,1.17369377589598e-07,"(rank,('add', 0.1),False,all-uni)","(rank,('add', 0.8),False,all-sep)"
"num_iters","(rank,('add', 0.1),False,all-uni) - (rank,('add', 0.8),False,all-uni)",1662.28461538462,237.469680591121,Inf,6.99998674039893,7.34169954405835e-08,"(rank,('add', 0.1),False,all-uni)","(rank,('add', 0.8),False,all-uni)"
"num_iters","(rank,('add', 0.1),False,all-uni) - rank,('add', 0.8),False,del",1662.28461538462,237.469680591121,Inf,6.99998674039893,7.34169954405835e-08,"(rank,('add', 0.1),False,all-uni)","rank,('add', 0.8),False,del"
"num_iters","(rank,('add', 0.1),False,all-uni) - rank,('add', 0.8),True,add",1423.46923076923,237.469680591121,Inf,5.9943198947582,5.86043641854957e-05,"(rank,('add', 0.1),False,all-uni)","rank,('add', 0.8),True,add"
"num_iters","(rank,('add', 0.1),False,all-uni) - (rank,('add', 0.8),True,all-sep)",1643.09230769231,237.469680591121,Inf,6.91916670626012,1.30295533059031e-07,"(rank,('add', 0.1),False,all-uni)","(rank,('add', 0.8),True,all-sep)"
"num_iters","(rank,('add', 0.1),False,all-uni) - (rank,('add', 0.8),True,all-uni)",1436.86153846154,237.469680591121,Inf,6.05071575825947,4.13576174329509e-05,"(rank,('add', 0.1),False,all-uni)","(rank,('add', 0.8),True,all-uni)"
"num_iters","(rank,('add', 0.1),False,all-uni) - rank,('add', 0.8),True,del",1582.12692307692,237.469680591121,Inf,6.66243757577227,7.72417579959903e-07,"(rank,('add', 0.1),False,all-uni)","rank,('add', 0.8),True,del"
"num_iters","(rank,('add', 0.1),False,all-uni) - rank,('add', 0.9),False,add",1565.11153846154,237.469680591121,Inf,6.59078470382235,1.25477279227267e-06,"(rank,('add', 0.1),False,all-uni)","rank,('add', 0.9),False,add"
"num_iters","(rank,('add', 0.1),False,all-uni) - (rank,('add', 0.9),False,all-sep)",1580.39615384615,237.469680591121,Inf,6.65514919594011,8.11680753595408e-07,"(rank,('add', 0.1),False,all-uni)","(rank,('add', 0.9),False,all-sep)"
"num_iters","(rank,('add', 0.1),False,all-uni) - (rank,('add', 0.9),False,all-uni)",1565.11153846154,237.469680591121,Inf,6.59078470382235,1.25477279227267e-06,"(rank,('add', 0.1),False,all-uni)","(rank,('add', 0.9),False,all-uni)"
"num_iters","(rank,('add', 0.1),False,all-uni) - rank,('add', 0.9),False,del",1565.11153846154,237.469680591121,Inf,6.59078470382235,1.25477279227267e-06,"(rank,('add', 0.1),False,all-uni)","rank,('add', 0.9),False,del"
"num_iters","(rank,('add', 0.1),False,all-uni) - rank,('add', 0.9),True,add",1504.77692307692,237.469680591121,Inf,6.33671178287334,6.73178317604186e-06,"(rank,('add', 0.1),False,all-uni)","rank,('add', 0.9),True,add"
"num_iters","(rank,('add', 0.1),False,all-uni) - (rank,('add', 0.9),True,all-sep)",1675.08846153846,237.469680591121,Inf,7.05390455475727,4.98933713173008e-08,"(rank,('add', 0.1),False,all-uni)","(rank,('add', 0.9),True,all-sep)"
"num_iters","(rank,('add', 0.1),False,all-uni) - (rank,('add', 0.9),True,all-uni)",1450.51153846154,237.469680591121,Inf,6.10819678053575,2.88988492337343e-05,"(rank,('add', 0.1),False,all-uni)","(rank,('add', 0.9),True,all-uni)"
"num_iters","(rank,('add', 0.1),False,all-uni) - rank,('add', 0.9),True,del",1546.94230769231,237.469680591121,Inf,6.51427291198432,2.09486152456891e-06,"(rank,('add', 0.1),False,all-uni)","rank,('add', 0.9),True,del"
"num_iters","(rank,('add', 0.1),False,all-uni) - rank,mul,False,add",2092.38461538462,237.469680591121,Inf,8.81116532508972,3.55206249256443e-14,"(rank,('add', 0.1),False,all-uni)","rank,mul,False,add"
"num_iters","(rank,('add', 0.1),False,all-uni) - (rank,mul,False,all-sep)",2657.70384615385,237.469680591121,Inf,11.1917607314675,1.28331157545696e-24,"(rank,('add', 0.1),False,all-uni)","(rank,mul,False,all-sep)"
"num_iters","(rank,('add', 0.1),False,all-uni) - (rank,mul,False,all-uni)",2146.65,237.469680591121,Inf,9.0396803274273,4.50650700681245e-15,"(rank,('add', 0.1),False,all-uni)","(rank,mul,False,all-uni)"
"num_iters","(rank,('add', 0.1),False,all-uni) - rank,mul,False,del",2146.65,237.469680591121,Inf,9.0396803274273,4.50650700681245e-15,"(rank,('add', 0.1),False,all-uni)","rank,mul,False,del"
"num_iters","(rank,('add', 0.1),False,all-uni) - rank,mul,True,add",2375.30769230769,237.469680591121,Inf,10.0025724816531,4.25865615733372e-19,"(rank,('add', 0.1),False,all-uni)","rank,mul,True,add"
"num_iters","(rank,('add', 0.1),False,all-uni) - (rank,mul,True,all-sep)",2619.95,237.469680591121,Inf,11.0327768727287,7.61560698499768e-24,"(rank,('add', 0.1),False,all-uni)","(rank,mul,True,all-sep)"
"num_iters","(rank,('add', 0.1),False,all-uni) - (rank,mul,True,all-uni)",2375.30769230769,237.469680591121,Inf,10.0025724816531,4.25865615733372e-19,"(rank,('add', 0.1),False,all-uni)","(rank,mul,True,all-uni)"
"num_iters","(rank,('add', 0.1),False,all-uni) - rank,mul,True,del",2312.45,237.469680591121,Inf,9.73787472254874,5.96130618327468e-18,"(rank,('add', 0.1),False,all-uni)","rank,mul,True,del"
"num_iters","(rank,('add', 0.1),False,all-uni) - score,('add', 0.5),True,add",1236.35,237.469680591121,Inf,5.2063488565042,0.00552355071435784,"(rank,('add', 0.1),False,all-uni)","score,('add', 0.5),True,add"
"num_iters","(rank,('add', 0.1),False,all-uni) - (score,('add', 0.5),True,all-sep)",1248.03461538462,237.469680591121,Inf,5.25555351857108,0.00423259233055222,"(rank,('add', 0.1),False,all-uni)","(score,('add', 0.5),True,all-sep)"
"num_iters","(rank,('add', 0.1),False,all-uni) - (score,('add', 0.5),True,all-uni)",1236.35,237.469680591121,Inf,5.2063488565042,0.00552355071435784,"(rank,('add', 0.1),False,all-uni)","(score,('add', 0.5),True,all-uni)"
"num_iters","(rank,('add', 0.1),False,all-uni) - score,('add', 0.5),True,del",1197.88076923077,237.469680591121,Inf,5.04435246743478,0.0130511146502207,"(rank,('add', 0.1),False,all-uni)","score,('add', 0.5),True,del"
"num_iters","(rank,('add', 0.1),False,all-uni) - score,('add', 0.6),False,add",1218.76153846154,237.469680591121,Inf,5.13228272100985,0.00820962383120607,"(rank,('add', 0.1),False,all-uni)","score,('add', 0.6),False,add"
"num_iters","(rank,('add', 0.1),False,all-uni) - (score,('add', 0.6),False,all-uni)",1232.15384615385,237.469680591121,Inf,5.18867858451113,0.00607418280658871,"(rank,('add', 0.1),False,all-uni)","(score,('add', 0.6),False,all-uni)"
"num_iters","(rank,('add', 0.1),False,all-uni) - score,('add', 0.6),False,del",1218.76153846154,237.469680591121,Inf,5.13228272100985,0.00820962383120607,"(rank,('add', 0.1),False,all-uni)","score,('add', 0.6),False,del"
"num_iters","(rank,('add', 0.1),False,all-uni) - score,('add', 0.6),True,add",1329.37692307692,237.469680591121,Inf,5.59809117428286,0.000621566648864279,"(rank,('add', 0.1),False,all-uni)","score,('add', 0.6),True,add"
"num_iters","(rank,('add', 0.1),False,all-uni) - (score,('add', 0.6),True,all-sep)",1366.78846153846,237.469680591121,Inf,5.75563355345485,0.000247558440509251,"(rank,('add', 0.1),False,all-uni)","(score,('add', 0.6),True,all-sep)"
"num_iters","(rank,('add', 0.1),False,all-uni) - (score,('add', 0.6),True,all-uni)",1281.47307692308,237.469680591121,Inf,5.39636501692836,0.0019503698997273,"(rank,('add', 0.1),False,all-uni)","(score,('add', 0.6),True,all-uni)"
"num_iters","(rank,('add', 0.1),False,all-uni) - score,('add', 0.6),True,del",1270.56153846154,237.469680591121,Inf,5.35041583118652,0.00251673766643952,"(rank,('add', 0.1),False,all-uni)","score,('add', 0.6),True,del"
"num_iters","(rank,('add', 0.1),False,all-uni) - score,('add', 0.7),False,add",1423.87692307692,237.469680591121,Inf,5.99603671311866,5.79884731048738e-05,"(rank,('add', 0.1),False,all-uni)","score,('add', 0.7),False,add"
"num_iters","(rank,('add', 0.1),False,all-uni) - (score,('add', 0.7),False,all-sep)",1335.68461538462,237.469680591121,Inf,5.62465326967116,0.000533106566976998,"(rank,('add', 0.1),False,all-uni)","(score,('add', 0.7),False,all-sep)"
"num_iters","(rank,('add', 0.1),False,all-uni) - (score,('add', 0.7),False,all-uni)",1423.87692307692,237.469680591121,Inf,5.99603671311866,5.79884731048738e-05,"(rank,('add', 0.1),False,all-uni)","(score,('add', 0.7),False,all-uni)"
"num_iters","(rank,('add', 0.1),False,all-uni) - score,('add', 0.7),False,del",1423.87692307692,237.469680591121,Inf,5.99603671311866,5.79884731048735e-05,"(rank,('add', 0.1),False,all-uni)","score,('add', 0.7),False,del"
"num_iters","(rank,('add', 0.1),False,all-uni) - score,('add', 0.7),True,add",1457.53076923077,237.469680591121,Inf,6.13775520985506,2.40039256266857e-05,"(rank,('add', 0.1),False,all-uni)","score,('add', 0.7),True,add"
"num_iters","(rank,('add', 0.1),False,all-uni) - (score,('add', 0.7),True,all-sep)",1540.23461538462,237.469680591121,Inf,6.4860263910348,2.52756081929674e-06,"(rank,('add', 0.1),False,all-uni)","(score,('add', 0.7),True,all-sep)"
"num_iters","(rank,('add', 0.1),False,all-uni) - (score,('add', 0.7),True,all-uni)",1457.53076923077,237.469680591121,Inf,6.13775520985506,2.40039256266857e-05,"(rank,('add', 0.1),False,all-uni)","(score,('add', 0.7),True,all-uni)"
"num_iters","(rank,('add', 0.1),False,all-uni) - score,('add', 0.7),True,del",1439.71538461538,237.469680591121,Inf,6.06273348678272,3.83816763875027e-05,"(rank,('add', 0.1),False,all-uni)","score,('add', 0.7),True,del"
"num_iters","(rank,('add', 0.1),False,all-uni) - score,('add', 0.8),False,add",1514.36923076923,237.469680591121,Inf,6.37710560354311,5.17576569406761e-06,"(rank,('add', 0.1),False,all-uni)","score,('add', 0.8),False,add"
"num_iters","(rank,('add', 0.1),False,all-uni) - (score,('add', 0.8),False,all-sep)",1486.35769230769,237.469680591121,Inf,6.25914722505955,1.11016927486928e-05,"(rank,('add', 0.1),False,all-uni)","(score,('add', 0.8),False,all-sep)"
"num_iters","(rank,('add', 0.1),False,all-uni) - (score,('add', 0.8),False,all-uni)",1514.36923076923,237.469680591121,Inf,6.37710560354311,5.17576569406761e-06,"(rank,('add', 0.1),False,all-uni)","(score,('add', 0.8),False,all-uni)"
"num_iters","(rank,('add', 0.1),False,all-uni) - score,('add', 0.8),False,del",1514.36923076923,237.469680591121,Inf,6.37710560354311,5.17576569406761e-06,"(rank,('add', 0.1),False,all-uni)","score,('add', 0.8),False,del"
"num_iters","(rank,('add', 0.1),False,all-uni) - score,('add', 0.8),True,add",1481.51923076923,237.469680591121,Inf,6.23877215432876,1.26484193322643e-05,"(rank,('add', 0.1),False,all-uni)","score,('add', 0.8),True,add"
"num_iters","(rank,('add', 0.1),False,all-uni) - (score,('add', 0.8),True,all-sep)",1556.02307692308,237.469680591121,Inf,6.55251261150371,1.62262660817026e-06,"(rank,('add', 0.1),False,all-uni)","(score,('add', 0.8),True,all-sep)"
"num_iters","(rank,('add', 0.1),False,all-uni) - (score,('add', 0.8),True,all-uni)",1481.51923076923,237.469680591121,Inf,6.23877215432876,1.26484193322643e-05,"(rank,('add', 0.1),False,all-uni)","(score,('add', 0.8),True,all-uni)"
"num_iters","(rank,('add', 0.1),False,all-uni) - score,('add', 0.8),True,del",1453.33076923077,237.469680591121,Inf,6.12006874146236,2.6825837366295e-05,"(rank,('add', 0.1),False,all-uni)","score,('add', 0.8),True,del"
"num_iters","(rank,('add', 0.1),False,all-uni) - score,('add', 0.9),False,add",1530.42307692308,237.469680591121,Inf,6.44470937558628,3.32177897430143e-06,"(rank,('add', 0.1),False,all-uni)","score,('add', 0.9),False,add"
"num_iters","(rank,('add', 0.1),False,all-uni) - (score,('add', 0.9),False,all-sep)",1435.27307692308,237.469680591121,Inf,6.04402664521351,4.31102475723944e-05,"(rank,('add', 0.1),False,all-uni)","(score,('add', 0.9),False,all-sep)"
"num_iters","(rank,('add', 0.1),False,all-uni) - (score,('add', 0.9),False,all-uni)",1510.96153846154,237.469680591121,Inf,6.36275559347358,5.68339769083934e-06,"(rank,('add', 0.1),False,all-uni)","(score,('add', 0.9),False,all-uni)"
"num_iters","(rank,('add', 0.1),False,all-uni) - score,('add', 0.9),False,del",1530.42307692308,237.469680591121,Inf,6.44470937558628,3.32177897430143e-06,"(rank,('add', 0.1),False,all-uni)","score,('add', 0.9),False,del"
"num_iters","(rank,('add', 0.1),False,all-uni) - score,('add', 0.9),True,add",1547.01153846154,237.469680591121,Inf,6.51456444717761,2.09079717089906e-06,"(rank,('add', 0.1),False,all-uni)","score,('add', 0.9),True,add"
"num_iters","(rank,('add', 0.1),False,all-uni) - (score,('add', 0.9),True,all-sep)",1547.01153846154,237.469680591121,Inf,6.51456444717761,2.09079717089906e-06,"(rank,('add', 0.1),False,all-uni)","(score,('add', 0.9),True,all-sep)"
"num_iters","(rank,('add', 0.1),False,all-uni) - (score,('add', 0.9),True,all-uni)",1547.01153846154,237.469680591121,Inf,6.51456444717761,2.09079717089906e-06,"(rank,('add', 0.1),False,all-uni)","(score,('add', 0.9),True,all-uni)"
"num_iters","(rank,('add', 0.1),False,all-uni) - score,('add', 0.9),True,del",1546.59615384615,237.469680591121,Inf,6.51281523601789,2.11529947176006e-06,"(rank,('add', 0.1),False,all-uni)","score,('add', 0.9),True,del"
"num_iters","(rank,('add', 0.1),False,all-uni) - score,mul,False,add",1893.96153846154,237.469680591121,Inf,7.97559306833192,4.34934578853919e-11,"(rank,('add', 0.1),False,all-uni)","score,mul,False,add"
"num_iters","(rank,('add', 0.1),False,all-uni) - (score,mul,False,all-sep)",2011.27307692308,237.469680591121,Inf,8.46959945335556,7.06211440685424e-13,"(rank,('add', 0.1),False,all-uni)","(score,mul,False,all-sep)"
"num_iters","(rank,('add', 0.1),False,all-uni) - (score,mul,False,all-uni)",1893.96153846154,237.469680591121,Inf,7.97559306833192,4.34934578853919e-11,"(rank,('add', 0.1),False,all-uni)","(score,mul,False,all-uni)"
"num_iters","(rank,('add', 0.1),False,all-uni) - score,mul,False,del",1893.96153846154,237.469680591121,Inf,7.97559306833192,4.34934578853919e-11,"(rank,('add', 0.1),False,all-uni)","score,mul,False,del"
"num_iters","(rank,('add', 0.1),False,all-uni) - score,mul,True,add",2095.24230769231,237.469680591121,Inf,8.82319925001259,3.19022461727161e-14,"(rank,('add', 0.1),False,all-uni)","score,mul,True,add"
"num_iters","(rank,('add', 0.1),False,all-uni) - (score,mul,True,all-sep)",2298.59230769231,237.469680591121,Inf,9.6795190946926,1.05670021091255e-17,"(rank,('add', 0.1),False,all-uni)","(score,mul,True,all-sep)"
"num_iters","(rank,('add', 0.1),False,all-uni) - (score,mul,True,all-uni)",2095.24230769231,237.469680591121,Inf,8.82319925001259,3.19022461727166e-14,"(rank,('add', 0.1),False,all-uni)","(score,mul,True,all-uni)"
"num_iters","(rank,('add', 0.1),False,all-uni) - score,mul,True,del",2156.49615384615,237.46968059115,Inf,9.08114311047131,3.08139203536951e-15,"(rank,('add', 0.1),False,all-uni)","score,mul,True,del"
"num_iters","rank,('add', 0.1),False,del - (rank,('add', 0.3),False,all-sep)",1243.61538461538,237.469680591121,Inf,5.23694385539963,0.00468222018096753,"rank,('add', 0.1),False,del","(rank,('add', 0.3),False,all-sep)"
"num_iters","rank,('add', 0.1),False,del - (rank,('add', 0.3),True,all-sep)",1319.33461538462,237.469680591121,Inf,5.55580237485672,0.000792541361198883,"rank,('add', 0.1),False,del","(rank,('add', 0.3),True,all-sep)"
"num_iters","rank,('add', 0.1),False,del - rank,('add', 0.3),True,del",1161.79615384615,237.469680591121,Inf,4.8923978461341,0.028569531173797,"rank,('add', 0.1),False,del","rank,('add', 0.3),True,del"
"num_iters","rank,('add', 0.1),False,del - rank,('add', 0.4),False,add",1301,237.469680591121,Inf,5.47859413783473,0.0012295645976099,"rank,('add', 0.1),False,del","rank,('add', 0.4),False,add"
"num_iters","rank,('add', 0.1),False,del - (rank,('add', 0.4),False,all-sep)",1404.29230769231,237.469680591121,Inf,5.91356464621789,9.60154899996174e-05,"rank,('add', 0.1),False,del","(rank,('add', 0.4),False,all-sep)"
"num_iters","rank,('add', 0.1),False,del - (rank,('add', 0.4),False,all-uni)",1301,237.469680591121,Inf,5.47859413783473,0.0012295645976099,"rank,('add', 0.1),False,del","(rank,('add', 0.4),False,all-uni)"
"num_iters","rank,('add', 0.1),False,del - rank,('add', 0.4),False,del",1301,237.469680591121,Inf,5.47859413783473,0.00122956459760991,"rank,('add', 0.1),False,del","rank,('add', 0.4),False,del"
"num_iters","rank,('add', 0.1),False,del - rank,('add', 0.4),True,add",1151.13461538462,237.469680591121,Inf,4.84750142636801,0.0358574952128377,"rank,('add', 0.1),False,del","rank,('add', 0.4),True,add"
"num_iters","rank,('add', 0.1),False,del - (rank,('add', 0.4),True,all-sep)",1413.73846153846,237.469680591121,Inf,5.95334300370184,7.53480596081184e-05,"rank,('add', 0.1),False,del","(rank,('add', 0.4),True,all-sep)"
"num_iters","rank,('add', 0.1),False,del - (rank,('add', 0.4),True,all-uni)",1151.13461538462,237.469680591121,Inf,4.84750142636801,0.0358574952128377,"rank,('add', 0.1),False,del","(rank,('add', 0.4),True,all-uni)"
"num_iters","rank,('add', 0.1),False,del - rank,('add', 0.4),True,del",1261.34615384615,237.469680591121,Inf,5.31160925768018,0.00311640874625965,"rank,('add', 0.1),False,del","rank,('add', 0.4),True,del"
"num_iters","rank,('add', 0.1),False,del - rank,('add', 0.5),False,add",1225.84230769231,237.469680591121,Inf,5.16210029272319,0.00700349513115629,"rank,('add', 0.1),False,del","rank,('add', 0.5),False,add"
"num_iters","rank,('add', 0.1),False,del - (rank,('add', 0.5),False,all-sep)",1493.37692307692,237.469680591121,Inf,6.28870565437886,9.18115007882209e-06,"rank,('add', 0.1),False,del","(rank,('add', 0.5),False,all-sep)"
"num_iters","rank,('add', 0.1),False,del - (rank,('add', 0.5),False,all-uni)",1239.23461538462,237.469680591121,Inf,5.21849615622446,0.00517334777381671,"rank,('add', 0.1),False,del","(rank,('add', 0.5),False,all-uni)"
"num_iters","rank,('add', 0.1),False,del - rank,('add', 0.5),False,del",1239.23461538462,237.469680591121,Inf,5.21849615622446,0.00517334777381674,"rank,('add', 0.1),False,del","rank,('add', 0.5),False,del"
"num_iters","rank,('add', 0.1),False,del - rank,('add', 0.5),True,add",1293.61153846154,237.469680591121,Inf,5.44748085415123,0.00146520993283292,"rank,('add', 0.1),False,del","rank,('add', 0.5),True,add"
"num_iters","rank,('add', 0.1),False,del - (rank,('add', 0.5),True,all-sep)",1422.90769230769,237.469680591121,Inf,5.99195522041265,5.9463110934957e-05,"rank,('add', 0.1),False,del","(rank,('add', 0.5),True,all-sep)"
"num_iters","rank,('add', 0.1),False,del - (rank,('add', 0.5),True,all-uni)",1260.15769230769,237.469680591121,Inf,5.30660457019543,0.00320315736112817,"rank,('add', 0.1),False,del","(rank,('add', 0.5),True,all-uni)"
"num_iters","rank,('add', 0.1),False,del - rank,('add', 0.5),True,del",1305.46923076923,237.469680591121,Inf,5.49741435420132,0.00110532831696044,"rank,('add', 0.1),False,del","rank,('add', 0.5),True,del"
"num_iters","rank,('add', 0.1),False,del - rank,('add', 0.6),False,add",1382.00384615385,237.469680591121,Inf,5.81970651037933,0.000169071604705477,"rank,('add', 0.1),False,del","rank,('add', 0.6),False,add"
"num_iters","rank,('add', 0.1),False,del - (rank,('add', 0.6),False,all-sep)",1441.72307692308,237.469680591121,Inf,6.07118800738802,3.6414260808125e-05,"rank,('add', 0.1),False,del","(rank,('add', 0.6),False,all-sep)"
"num_iters","rank,('add', 0.1),False,del - (rank,('add', 0.6),False,all-uni)",1382.00384615385,237.469680591121,Inf,5.81970651037933,0.000169071604705478,"rank,('add', 0.1),False,del","(rank,('add', 0.6),False,all-uni)"
"num_iters","rank,('add', 0.1),False,del - rank,('add', 0.6),False,del",1348.55,237.469680591121,Inf,5.67883022642354,0.000388955298179527,"rank,('add', 0.1),False,del","rank,('add', 0.6),False,del"
"num_iters","rank,('add', 0.1),False,del - rank,('add', 0.6),True,add",1423,237.469680591121,Inf,5.9923439340037,5.93211099540128e-05,"rank,('add', 0.1),False,del","rank,('add', 0.6),True,add"
"num_iters","rank,('add', 0.1),False,del - (rank,('add', 0.6),True,all-sep)",1562.15,237.469680591121,Inf,6.57831347610955,1.36463531831647e-06,"rank,('add', 0.1),False,del","(rank,('add', 0.6),True,all-sep)"
"num_iters","rank,('add', 0.1),False,del - (rank,('add', 0.6),True,all-uni)",1423,237.469680591121,Inf,5.9923439340037,5.93211099540131e-05,"rank,('add', 0.1),False,del","(rank,('add', 0.6),True,all-uni)"
"num_iters","rank,('add', 0.1),False,del - rank,('add', 0.6),True,del",1417.22307692308,237.469680591121,Inf,5.96801694176392,6.88762929529892e-05,"rank,('add', 0.1),False,del","rank,('add', 0.6),True,del"
"num_iters","rank,('add', 0.1),False,del - rank,('add', 0.7),False,add",1529.72692307692,237.469680591121,Inf,6.44177782725379,3.38659323675843e-06,"rank,('add', 0.1),False,del","rank,('add', 0.7),False,add"
"num_iters","rank,('add', 0.1),False,del - (rank,('add', 0.7),False,all-sep)",1552.26923076923,237.469680591121,Inf,6.53670492546774,1.80365507876648e-06,"rank,('add', 0.1),False,del","(rank,('add', 0.7),False,all-sep)"
"num_iters","rank,('add', 0.1),False,del - (rank,('add', 0.7),False,all-uni)",1529.72692307692,237.469680591121,Inf,6.44177782725379,3.38659323675843e-06,"rank,('add', 0.1),False,del","(rank,('add', 0.7),False,all-uni)"
"num_iters","rank,('add', 0.1),False,del - rank,('add', 0.7),False,del",1529.72692307692,237.469680591121,Inf,6.44177782725379,3.38659323675843e-06,"rank,('add', 0.1),False,del","rank,('add', 0.7),False,del"
"num_iters","rank,('add', 0.1),False,del - rank,('add', 0.7),True,add",1525.25769230769,237.469680591121,Inf,6.4229576108872,3.83313131855753e-06,"rank,('add', 0.1),False,del","rank,('add', 0.7),True,add"
"num_iters","rank,('add', 0.1),False,del - (rank,('add', 0.7),True,all-sep)",1580.68461538462,237.469680591121,Inf,6.65636392591214,8.05003870542285e-07,"rank,('add', 0.1),False,del","(rank,('add', 0.7),True,all-sep)"
"num_iters","rank,('add', 0.1),False,del - (rank,('add', 0.7),True,all-uni)",1525.25769230769,237.469680591121,Inf,6.4229576108872,3.83313131855751e-06,"rank,('add', 0.1),False,del","(rank,('add', 0.7),True,all-uni)"
"num_iters","rank,('add', 0.1),False,del - rank,('add', 0.7),True,del",1491.68846153846,237.469680591121,Inf,6.2815954349426,9.61112635089397e-06,"rank,('add', 0.1),False,del","rank,('add', 0.7),True,del"
"num_iters","rank,('add', 0.1),False,del - rank,('add', 0.8),False,add",1641.09230769231,237.469680591121,Inf,6.91074457845407,1.38270995231627e-07,"rank,('add', 0.1),False,del","rank,('add', 0.8),False,add"
"num_iters","rank,('add', 0.1),False,del - (rank,('add', 0.8),False,all-sep)",1625.41153846154,237.469680591121,Inf,6.84471185717472,2.1977470844146e-07,"rank,('add', 0.1),False,del","(rank,('add', 0.8),False,all-sep)"
"num_iters","rank,('add', 0.1),False,del - (rank,('add', 0.8),False,all-uni)",1641.09230769231,237.469680591121,Inf,6.91074457845407,1.38270995231627e-07,"rank,('add', 0.1),False,del","(rank,('add', 0.8),False,all-uni)"
"num_iters","rank,('add', 0.1),False,del - rank,('add', 0.8),False,del",1641.09230769231,237.469680591121,Inf,6.91074457845407,1.38270995231627e-07,"rank,('add', 0.1),False,del","rank,('add', 0.8),False,del"
"num_iters","rank,('add', 0.1),False,del - rank,('add', 0.8),True,add",1402.27692307692,237.469680591121,Inf,5.90507773281333,0.000101091410740199,"rank,('add', 0.1),False,del","rank,('add', 0.8),True,add"
"num_iters","rank,('add', 0.1),False,del - (rank,('add', 0.8),True,all-sep)",1621.9,237.469680591121,Inf,6.82992454431525,2.43663294284422e-07,"rank,('add', 0.1),False,del","(rank,('add', 0.8),True,all-sep)"
"num_iters","rank,('add', 0.1),False,del - (rank,('add', 0.8),True,all-uni)",1415.66923076923,237.469680591121,Inf,5.96147359631461,7.16923463939791e-05,"rank,('add', 0.1),False,del","(rank,('add', 0.8),True,all-uni)"
"num_iters","rank,('add', 0.1),False,del - rank,('add', 0.8),True,del",1560.93461538462,237.469680591121,Inf,6.57319541382741,1.41239697944403e-06,"rank,('add', 0.1),False,del","rank,('add', 0.8),True,del"
"num_iters","rank,('add', 0.1),False,del - rank,('add', 0.9),False,add",1543.91923076923,237.469680591121,Inf,6.50154254187748,2.28007567323444e-06,"rank,('add', 0.1),False,del","rank,('add', 0.9),False,add"
"num_iters","rank,('add', 0.1),False,del - (rank,('add', 0.9),False,all-sep)",1559.20384615385,237.469680591121,Inf,6.56590703399525,1.48324573808873e-06,"rank,('add', 0.1),False,del","(rank,('add', 0.9),False,all-sep)"
"num_iters","rank,('add', 0.1),False,del - (rank,('add', 0.9),False,all-uni)",1543.91923076923,237.469680591121,Inf,6.50154254187748,2.28007567323444e-06,"rank,('add', 0.1),False,del","(rank,('add', 0.9),False,all-uni)"
"num_iters","rank,('add', 0.1),False,del - rank,('add', 0.9),False,del",1543.91923076923,237.469680591121,Inf,6.50154254187748,2.28007567323444e-06,"rank,('add', 0.1),False,del","rank,('add', 0.9),False,del"
"num_iters","rank,('add', 0.1),False,del - rank,('add', 0.9),True,add",1483.58461538462,237.469680591121,Inf,6.24746962092847,1.19640164354895e-05,"rank,('add', 0.1),False,del","rank,('add', 0.9),True,add"
"num_iters","rank,('add', 0.1),False,del - (rank,('add', 0.9),True,all-sep)",1653.89615384615,237.469680591121,Inf,6.96466239281241,9.44123282201489e-08,"rank,('add', 0.1),False,del","(rank,('add', 0.9),True,all-sep)"
"num_iters","rank,('add', 0.1),False,del - (rank,('add', 0.9),True,all-uni)",1429.31923076923,237.469680591121,Inf,6.01895461859089,5.03469004326461e-05,"rank,('add', 0.1),False,del","(rank,('add', 0.9),True,all-uni)"
"num_iters","rank,('add', 0.1),False,del - rank,('add', 0.9),True,del",1525.75,237.469680591121,Inf,6.42503075003946,3.78125330585523e-06,"rank,('add', 0.1),False,del","rank,('add', 0.9),True,del"
"num_iters","rank,('add', 0.1),False,del - rank,mul,False,add",2071.19230769231,237.469680591121,Inf,8.72192316314486,7.84443644879503e-14,"rank,('add', 0.1),False,del","rank,mul,False,add"
"num_iters","rank,('add', 0.1),False,del - (rank,mul,False,all-sep)",2636.51153846154,237.469680591121,Inf,11.1025185695227,3.49775264833714e-24,"rank,('add', 0.1),False,del","(rank,mul,False,all-sep)"
"num_iters","rank,('add', 0.1),False,del - (rank,mul,False,all-uni)",2125.45769230769,237.469680591121,Inf,8.95043816548243,1.01548444260494e-14,"rank,('add', 0.1),False,del","(rank,mul,False,all-uni)"
"num_iters","rank,('add', 0.1),False,del - rank,mul,False,del",2125.45769230769,237.469680591121,Inf,8.95043816548243,1.01548444260494e-14,"rank,('add', 0.1),False,del","rank,mul,False,del"
"num_iters","rank,('add', 0.1),False,del - rank,mul,True,add",2354.11538461538,237.469680591121,Inf,9.91333031970821,1.04480196907037e-18,"rank,('add', 0.1),False,del","rank,mul,True,add"
"num_iters","rank,('add', 0.1),False,del - (rank,mul,True,all-sep)",2598.75769230769,237.469680591121,Inf,10.9435347107839,2.046669442389e-23,"rank,('add', 0.1),False,del","(rank,mul,True,all-sep)"
"num_iters","rank,('add', 0.1),False,del - (rank,mul,True,all-uni)",2354.11538461538,237.469680591121,Inf,9.91333031970821,1.04480196907037e-18,"rank,('add', 0.1),False,del","(rank,mul,True,all-uni)"
"num_iters","rank,('add', 0.1),False,del - rank,mul,True,del",2291.25769230769,237.469680591121,Inf,9.64863256060388,1.42870984133651e-17,"rank,('add', 0.1),False,del","rank,mul,True,del"
"num_iters","rank,('add', 0.1),False,del - score,('add', 0.5),True,add",1215.15769230769,237.469680591121,Inf,5.11710669455934,0.00889820326592054,"rank,('add', 0.1),False,del","score,('add', 0.5),True,add"
"num_iters","rank,('add', 0.1),False,del - (score,('add', 0.5),True,all-sep)",1226.84230769231,237.469680591121,Inf,5.16631135662621,0.0068476063811673,"rank,('add', 0.1),False,del","(score,('add', 0.5),True,all-sep)"
"num_iters","rank,('add', 0.1),False,del - (score,('add', 0.5),True,all-uni)",1215.15769230769,237.469680591121,Inf,5.11710669455934,0.00889820326592054,"rank,('add', 0.1),False,del","(score,('add', 0.5),True,all-uni)"
"num_iters","rank,('add', 0.1),False,del - score,('add', 0.5),True,del",1176.68846153846,237.469680591121,Inf,4.95511030548991,0.0207325619148937,"rank,('add', 0.1),False,del","score,('add', 0.5),True,del"
"num_iters","rank,('add', 0.1),False,del - score,('add', 0.6),False,add",1197.56923076923,237.469680591121,Inf,5.04304055906499,0.0131409489233094,"rank,('add', 0.1),False,del","score,('add', 0.6),False,add"
"num_iters","rank,('add', 0.1),False,del - (score,('add', 0.6),False,all-uni)",1210.96153846154,237.469680591121,Inf,5.09943642256626,0.00977030858271638,"rank,('add', 0.1),False,del","(score,('add', 0.6),False,all-uni)"
"num_iters","rank,('add', 0.1),False,del - score,('add', 0.6),False,del",1197.56923076923,237.469680591121,Inf,5.04304055906499,0.0131409489233093,"rank,('add', 0.1),False,del","score,('add', 0.6),False,del"
"num_iters","rank,('add', 0.1),False,del - score,('add', 0.6),True,add",1308.18461538462,237.469680591121,Inf,5.50884901233799,0.00103588585494568,"rank,('add', 0.1),False,del","score,('add', 0.6),True,add"
"num_iters","rank,('add', 0.1),False,del - (score,('add', 0.6),True,all-sep)",1345.59615384615,237.469680591121,Inf,5.66639139150999,0.000418258211632156,"rank,('add', 0.1),False,del","(score,('add', 0.6),True,all-sep)"
"num_iters","rank,('add', 0.1),False,del - (score,('add', 0.6),True,all-uni)",1260.28076923077,237.469680591121,Inf,5.3071228549835,0.00319406633407297,"rank,('add', 0.1),False,del","(score,('add', 0.6),True,all-uni)"
"num_iters","rank,('add', 0.1),False,del - score,('add', 0.6),True,del",1249.36923076923,237.469680591121,Inf,5.26117366924165,0.00410521944064969,"rank,('add', 0.1),False,del","score,('add', 0.6),True,del"
"num_iters","rank,('add', 0.1),False,del - score,('add', 0.7),False,add",1402.68461538462,237.469680591121,Inf,5.9067945511738,0.00010004396422434,"rank,('add', 0.1),False,del","score,('add', 0.7),False,add"
"num_iters","rank,('add', 0.1),False,del - (score,('add', 0.7),False,all-sep)",1314.49230769231,237.469680591121,Inf,5.5354111077263,0.000890511655007584,"rank,('add', 0.1),False,del","(score,('add', 0.7),False,all-sep)"
"num_iters","rank,('add', 0.1),False,del - (score,('add', 0.7),False,all-uni)",1402.68461538462,237.469680591121,Inf,5.9067945511738,0.00010004396422434,"rank,('add', 0.1),False,del","(score,('add', 0.7),False,all-uni)"
"num_iters","rank,('add', 0.1),False,del - score,('add', 0.7),False,del",1402.68461538462,237.469680591121,Inf,5.9067945511738,0.00010004396422434,"rank,('add', 0.1),False,del","score,('add', 0.7),False,del"
"num_iters","rank,('add', 0.1),False,del - score,('add', 0.7),True,add",1436.33846153846,237.469680591121,Inf,6.0485130479102,4.19269433518918e-05,"rank,('add', 0.1),False,del","score,('add', 0.7),True,add"
"num_iters","rank,('add', 0.1),False,del - (score,('add', 0.7),True,all-sep)",1519.04230769231,237.469680591121,Inf,6.39678422908994,4.5510373867392e-06,"rank,('add', 0.1),False,del","(score,('add', 0.7),True,all-sep)"
"num_iters","rank,('add', 0.1),False,del - (score,('add', 0.7),True,all-uni)",1436.33846153846,237.469680591121,Inf,6.0485130479102,4.19269433518918e-05,"rank,('add', 0.1),False,del","(score,('add', 0.7),True,all-uni)"
"num_iters","rank,('add', 0.1),False,del - score,('add', 0.7),True,del",1418.52307692308,237.469680591121,Inf,5.97349132483785,6.66033177926375e-05,"rank,('add', 0.1),False,del","score,('add', 0.7),True,del"
"num_iters","rank,('add', 0.1),False,del - score,('add', 0.8),False,add",1493.17692307692,237.469680591121,Inf,6.28786344159825,9.23108356147644e-06,"rank,('add', 0.1),False,del","score,('add', 0.8),False,add"
"num_iters","rank,('add', 0.1),False,del - (score,('add', 0.8),False,all-sep)",1465.16538461538,237.469680591121,Inf,6.16990506311469,1.95973331136876e-05,"rank,('add', 0.1),False,del","(score,('add', 0.8),False,all-sep)"
"num_iters","rank,('add', 0.1),False,del - (score,('add', 0.8),False,all-uni)",1493.17692307692,237.469680591121,Inf,6.28786344159825,9.23108356147649e-06,"rank,('add', 0.1),False,del","(score,('add', 0.8),False,all-uni)"
"num_iters","rank,('add', 0.1),False,del - score,('add', 0.8),False,del",1493.17692307692,237.469680591121,Inf,6.28786344159825,9.23108356147644e-06,"rank,('add', 0.1),False,del","score,('add', 0.8),False,del"
"num_iters","rank,('add', 0.1),False,del - score,('add', 0.8),True,add",1460.32692307692,237.469680591121,Inf,6.1495299923839,2.22880569927188e-05,"rank,('add', 0.1),False,del","score,('add', 0.8),True,add"
"num_iters","rank,('add', 0.1),False,del - (score,('add', 0.8),True,all-sep)",1534.83076923077,237.469680591121,Inf,6.46327044955884,2.93866531970484e-06,"rank,('add', 0.1),False,del","(score,('add', 0.8),True,all-sep)"
"num_iters","rank,('add', 0.1),False,del - (score,('add', 0.8),True,all-uni)",1460.32692307692,237.469680591121,Inf,6.1495299923839,2.22880569927189e-05,"rank,('add', 0.1),False,del","(score,('add', 0.8),True,all-uni)"
"num_iters","rank,('add', 0.1),False,del - score,('add', 0.8),True,del",1432.13846153846,237.469680591121,Inf,6.03082657951749,4.67837235091805e-05,"rank,('add', 0.1),False,del","score,('add', 0.8),True,del"
"num_iters","rank,('add', 0.1),False,del - score,('add', 0.9),False,add",1509.23076923077,237.469680591121,Inf,6.35546721364142,5.95953386917726e-06,"rank,('add', 0.1),False,del","score,('add', 0.9),False,add"
"num_iters","rank,('add', 0.1),False,del - (score,('add', 0.9),False,all-sep)",1414.08076923077,237.469680591121,Inf,5.95478448326865,7.46869563682802e-05,"rank,('add', 0.1),False,del","(score,('add', 0.9),False,all-sep)"
"num_iters","rank,('add', 0.1),False,del - (score,('add', 0.9),False,all-uni)",1489.76923076923,237.469680591121,Inf,6.27351343152871,1.01237664236789e-05,"rank,('add', 0.1),False,del","(score,('add', 0.9),False,all-uni)"
"num_iters","rank,('add', 0.1),False,del - score,('add', 0.9),False,del",1509.23076923077,237.469680591121,Inf,6.35546721364142,5.95953386917729e-06,"rank,('add', 0.1),False,del","score,('add', 0.9),False,del"
"num_iters","rank,('add', 0.1),False,del - score,('add', 0.9),True,add",1525.81923076923,237.469680591121,Inf,6.42532228523274,3.77401321719286e-06,"rank,('add', 0.1),False,del","score,('add', 0.9),True,add"
"num_iters","rank,('add', 0.1),False,del - (score,('add', 0.9),True,all-sep)",1525.81923076923,237.469680591121,Inf,6.42532228523274,3.77401321719286e-06,"rank,('add', 0.1),False,del","(score,('add', 0.9),True,all-sep)"
"num_iters","rank,('add', 0.1),False,del - (score,('add', 0.9),True,all-uni)",1525.81923076923,237.469680591121,Inf,6.42532228523274,3.77401321719286e-06,"rank,('add', 0.1),False,del","(score,('add', 0.9),True,all-uni)"
"num_iters","rank,('add', 0.1),False,del - score,('add', 0.9),True,del",1525.40384615385,237.469680591121,Inf,6.42357307407303,3.81765786072001e-06,"rank,('add', 0.1),False,del","score,('add', 0.9),True,del"
"num_iters","rank,('add', 0.1),False,del - score,mul,False,add",1872.76923076923,237.469680591121,Inf,7.88635090638705,8.92380771118342e-11,"rank,('add', 0.1),False,del","score,mul,False,add"
"num_iters","rank,('add', 0.1),False,del - (score,mul,False,all-sep)",1990.08076923077,237.469680591121,Inf,8.3803572914107,1.5133654778934e-12,"rank,('add', 0.1),False,del","(score,mul,False,all-sep)"
"num_iters","rank,('add', 0.1),False,del - (score,mul,False,all-uni)",1872.76923076923,237.469680591121,Inf,7.88635090638706,8.92380771118336e-11,"rank,('add', 0.1),False,del","(score,mul,False,all-uni)"
"num_iters","rank,('add', 0.1),False,del - score,mul,False,del",1872.76923076923,237.469680591121,Inf,7.88635090638705,8.92380771118342e-11,"rank,('add', 0.1),False,del","score,mul,False,del"
"num_iters","rank,('add', 0.1),False,del - score,mul,True,add",2074.05,237.469680591121,Inf,8.73395708806773,7.05282622018125e-14,"rank,('add', 0.1),False,del","score,mul,True,add"
"num_iters","rank,('add', 0.1),False,del - (score,mul,True,all-sep)",2277.4,237.469680591121,Inf,9.59027693274774,2.51950646731481e-17,"rank,('add', 0.1),False,del","(score,mul,True,all-sep)"
"num_iters","rank,('add', 0.1),False,del - (score,mul,True,all-uni)",2074.05,237.469680591121,Inf,8.73395708806773,7.05282622018137e-14,"rank,('add', 0.1),False,del","(score,mul,True,all-uni)"
"num_iters","rank,('add', 0.1),False,del - score,mul,True,del",2135.30384615384,237.46968059115,Inf,8.99190094852645,6.96897207122923e-15,"rank,('add', 0.1),False,del","score,mul,True,del"
"num_iters","rank,('add', 0.1),True,add - rank,mul,False,add",1401.84230769231,237.469680591121,Inf,5.90324753965548,0.000102219784269356,"rank,('add', 0.1),True,add","rank,mul,False,add"
"num_iters","rank,('add', 0.1),True,add - (rank,mul,False,all-sep)",1967.16153846154,237.469680591121,Inf,8.2838429460333,3.42045906542046e-12,"rank,('add', 0.1),True,add","(rank,mul,False,all-sep)"
"num_iters","rank,('add', 0.1),True,add - (rank,mul,False,all-uni)",1456.10769230769,237.469680591121,Inf,6.13176254199306,2.49260063610324e-05,"rank,('add', 0.1),True,add","(rank,mul,False,all-uni)"
"num_iters","rank,('add', 0.1),True,add - rank,mul,False,del",1456.10769230769,237.469680591121,Inf,6.13176254199306,2.49260063610324e-05,"rank,('add', 0.1),True,add","rank,mul,False,del"
"num_iters","rank,('add', 0.1),True,add - rank,mul,True,add",1684.76538461538,237.469680591121,Inf,7.09465469621884,3.71907471526486e-08,"rank,('add', 0.1),True,add","rank,mul,True,add"
"num_iters","rank,('add', 0.1),True,add - (rank,mul,True,all-sep)",1929.40769230769,237.469680591121,Inf,8.12485908729451,1.28452684491934e-11,"rank,('add', 0.1),True,add","(rank,mul,True,all-sep)"
"num_iters","rank,('add', 0.1),True,add - (rank,mul,True,all-uni)",1684.76538461538,237.469680591121,Inf,7.09465469621884,3.71907471526483e-08,"rank,('add', 0.1),True,add","(rank,mul,True,all-uni)"
"num_iters","rank,('add', 0.1),True,add - rank,mul,True,del",1621.90769230769,237.469680591121,Inf,6.82995693711451,2.43608281511449e-07,"rank,('add', 0.1),True,add","rank,mul,True,del"
"num_iters","rank,('add', 0.1),True,add - score,mul,False,add",1203.41923076923,237.469680591121,Inf,5.06767528289768,0.0115495397094111,"rank,('add', 0.1),True,add","score,mul,False,add"
"num_iters","rank,('add', 0.1),True,add - (score,mul,False,all-sep)",1320.73076923077,237.469680591121,Inf,5.56168166792132,0.000766293293338041,"rank,('add', 0.1),True,add","(score,mul,False,all-sep)"
"num_iters","rank,('add', 0.1),True,add - (score,mul,False,all-uni)",1203.41923076923,237.469680591121,Inf,5.06767528289768,0.0115495397094111,"rank,('add', 0.1),True,add","(score,mul,False,all-uni)"
"num_iters","rank,('add', 0.1),True,add - score,mul,False,del",1203.41923076923,237.469680591121,Inf,5.06767528289768,0.0115495397094111,"rank,('add', 0.1),True,add","score,mul,False,del"
"num_iters","rank,('add', 0.1),True,add - score,mul,True,add",1404.7,237.469680591121,Inf,5.91528146457836,9.50192866315891e-05,"rank,('add', 0.1),True,add","score,mul,True,add"
"num_iters","rank,('add', 0.1),True,add - (score,mul,True,all-sep)",1608.05,237.469680591121,Inf,6.77160130925837,3.65282031280242e-07,"rank,('add', 0.1),True,add","(score,mul,True,all-sep)"
"num_iters","rank,('add', 0.1),True,add - (score,mul,True,all-uni)",1404.7,237.469680591121,Inf,5.91528146457836,9.50192866315896e-05,"rank,('add', 0.1),True,add","(score,mul,True,all-uni)"
"num_iters","rank,('add', 0.1),True,add - score,mul,True,del",1465.95384615384,237.46968059115,Inf,6.17322532503743,1.91900018639337e-05,"rank,('add', 0.1),True,add","score,mul,True,del"
"num_iters","(rank,('add', 0.1),True,all-sep) - rank,mul,False,add",1438.93846153846,237.469680591121,Inf,6.05946181405806,3.91704974186547e-05,"(rank,('add', 0.1),True,all-sep)","rank,mul,False,add"
"num_iters","(rank,('add', 0.1),True,all-sep) - (rank,mul,False,all-sep)",2004.25769230769,237.469680591121,Inf,8.44005722043588,9.09678984108276e-13,"(rank,('add', 0.1),True,all-sep)","(rank,mul,False,all-sep)"
"num_iters","(rank,('add', 0.1),True,all-sep) - (rank,mul,False,all-uni)",1493.20384615385,237.469680591121,Inf,6.28797681639564,9.2243463333123e-06,"(rank,('add', 0.1),True,all-sep)","(rank,mul,False,all-uni)"
"num_iters","(rank,('add', 0.1),True,all-sep) - rank,mul,False,del",1493.20384615385,237.469680591121,Inf,6.28797681639564,9.22434633331225e-06,"(rank,('add', 0.1),True,all-sep)","rank,mul,False,del"
"num_iters","(rank,('add', 0.1),True,all-sep) - rank,mul,True,add",1721.86153846154,237.469680591121,Inf,7.25086897062142,1.18765643432722e-08,"(rank,('add', 0.1),True,all-sep)","rank,mul,True,add"
"num_iters","(rank,('add', 0.1),True,all-sep) - (rank,mul,True,all-sep)",1966.50384615385,237.469680591121,Inf,8.28107336169709,3.50096632630471e-12,"(rank,('add', 0.1),True,all-sep)","(rank,mul,True,all-sep)"
"num_iters","(rank,('add', 0.1),True,all-sep) - (rank,mul,True,all-uni)",1721.86153846154,237.469680591121,Inf,7.25086897062142,1.18765643432722e-08,"(rank,('add', 0.1),True,all-sep)","(rank,mul,True,all-uni)"
"num_iters","(rank,('add', 0.1),True,all-sep) - rank,mul,True,del",1659.00384615385,237.469680591121,Inf,6.98617121151709,8.10179352107401e-08,"(rank,('add', 0.1),True,all-sep)","rank,mul,True,del"
"num_iters","(rank,('add', 0.1),True,all-sep) - score,mul,False,add",1240.51538461539,237.469680591121,Inf,5.22388955730026,0.00502483071744885,"(rank,('add', 0.1),True,all-sep)","score,mul,False,add"
"num_iters","(rank,('add', 0.1),True,all-sep) - (score,mul,False,all-sep)",1357.82692307692,237.469680591121,Inf,5.7178959423239,0.000309317102760335,"(rank,('add', 0.1),True,all-sep)","(score,mul,False,all-sep)"
"num_iters","(rank,('add', 0.1),True,all-sep) - (score,mul,False,all-uni)",1240.51538461539,237.469680591121,Inf,5.22388955730026,0.00502483071744882,"(rank,('add', 0.1),True,all-sep)","(score,mul,False,all-uni)"
"num_iters","(rank,('add', 0.1),True,all-sep) - score,mul,False,del",1240.51538461538,237.469680591121,Inf,5.22388955730026,0.00502483071744885,"(rank,('add', 0.1),True,all-sep)","score,mul,False,del"
"num_iters","(rank,('add', 0.1),True,all-sep) - score,mul,True,add",1441.79615384615,237.469680591121,Inf,6.07149573898094,3.63445363443109e-05,"(rank,('add', 0.1),True,all-sep)","score,mul,True,add"
"num_iters","(rank,('add', 0.1),True,all-sep) - (score,mul,True,all-sep)",1645.14615384615,237.469680591121,Inf,6.92781558366094,1.22574983898977e-07,"(rank,('add', 0.1),True,all-sep)","(score,mul,True,all-sep)"
"num_iters","(rank,('add', 0.1),True,all-sep) - (score,mul,True,all-uni)",1441.79615384615,237.469680591121,Inf,6.07149573898093,3.63445363443111e-05,"(rank,('add', 0.1),True,all-sep)","(score,mul,True,all-uni)"
"num_iters","(rank,('add', 0.1),True,all-sep) - score,mul,True,del",1503.04999999999,237.46968059115,Inf,6.32943959943999,7.05680534745199e-06,"(rank,('add', 0.1),True,all-sep)","score,mul,True,del"
"num_iters","(rank,('add', 0.1),True,all-uni) - rank,mul,False,add",1362.31923076923,237.469680591121,Inf,5.73681333708826,0.000276688814400926,"(rank,('add', 0.1),True,all-uni)","rank,mul,False,add"
"num_iters","(rank,('add', 0.1),True,all-uni) - (rank,mul,False,all-sep)",1927.63846153846,237.469680591121,Inf,8.11740874346608,1.36586395175844e-11,"(rank,('add', 0.1),True,all-uni)","(rank,mul,False,all-sep)"
"num_iters","(rank,('add', 0.1),True,all-uni) - (rank,mul,False,all-uni)",1416.58461538462,237.469680591121,Inf,5.96532833942584,7.00200973814972e-05,"(rank,('add', 0.1),True,all-uni)","(rank,mul,False,all-uni)"
"num_iters","(rank,('add', 0.1),True,all-uni) - rank,mul,False,del",1416.58461538462,237.469680591121,Inf,5.96532833942584,7.00200973814972e-05,"(rank,('add', 0.1),True,all-uni)","rank,mul,False,del"
"num_iters","(rank,('add', 0.1),True,all-uni) - rank,mul,True,add",1645.24230769231,237.469680591121,Inf,6.92822049365162,1.22224742493635e-07,"(rank,('add', 0.1),True,all-uni)","rank,mul,True,add"
"num_iters","(rank,('add', 0.1),True,all-uni) - (rank,mul,True,all-sep)",1889.88461538462,237.469680591121,Inf,7.95842488472728,4.99729281299163e-11,"(rank,('add', 0.1),True,all-uni)","(rank,mul,True,all-sep)"
"num_iters","(rank,('add', 0.1),True,all-uni) - (rank,mul,True,all-uni)",1645.24230769231,237.469680591121,Inf,6.92822049365162,1.22224742493635e-07,"(rank,('add', 0.1),True,all-uni)","(rank,mul,True,all-uni)"
"num_iters","(rank,('add', 0.1),True,all-uni) - rank,mul,True,del",1582.38461538462,237.469680591121,Inf,6.66352273454728,7.66733037352545e-07,"(rank,('add', 0.1),True,all-uni)","rank,mul,True,del"
"num_iters","(rank,('add', 0.1),True,all-uni) - score,mul,False,add",1163.89615384615,237.469680591121,Inf,4.90124108033046,0.0273128540207534,"(rank,('add', 0.1),True,all-uni)","score,mul,False,add"
"num_iters","(rank,('add', 0.1),True,all-uni) - (score,mul,False,all-sep)",1281.20769230769,237.469680591121,Inf,5.3952474653541,0.00196254871983173,"(rank,('add', 0.1),True,all-uni)","(score,mul,False,all-sep)"
"num_iters","(rank,('add', 0.1),True,all-uni) - (score,mul,False,all-uni)",1163.89615384615,237.469680591121,Inf,4.90124108033046,0.0273128540207534,"(rank,('add', 0.1),True,all-uni)","(score,mul,False,all-uni)"
"num_iters","(rank,('add', 0.1),True,all-uni) - score,mul,False,del",1163.89615384615,237.469680591121,Inf,4.90124108033046,0.0273128540207534,"(rank,('add', 0.1),True,all-uni)","score,mul,False,del"
"num_iters","(rank,('add', 0.1),True,all-uni) - score,mul,True,add",1365.17692307692,237.469680591121,Inf,5.74884726201113,0.00025770110317077,"(rank,('add', 0.1),True,all-uni)","score,mul,True,add"
"num_iters","(rank,('add', 0.1),True,all-uni) - (score,mul,True,all-sep)",1568.52692307692,237.469680591121,Inf,6.60516710669114,1.13879444961648e-06,"(rank,('add', 0.1),True,all-uni)","(score,mul,True,all-sep)"
"num_iters","(rank,('add', 0.1),True,all-uni) - (score,mul,True,all-uni)",1365.17692307692,237.469680591121,Inf,5.74884726201113,0.000257701103170773,"(rank,('add', 0.1),True,all-uni)","(score,mul,True,all-uni)"
"num_iters","(rank,('add', 0.1),True,all-uni) - score,mul,True,del",1426.43076923076,237.46968059115,Inf,6.00679112247023,5.42714641538882e-05,"(rank,('add', 0.1),True,all-uni)","score,mul,True,del"
"num_iters","rank,('add', 0.1),True,del - (rank,('add', 0.6),True,all-sep)",1170.28461538462,237.469680591121,Inf,4.92814330011093,0.0238086227129959,"rank,('add', 0.1),True,del","(rank,('add', 0.6),True,all-sep)"
"num_iters","rank,('add', 0.1),True,del - rank,('add', 0.7),False,add",1137.86153846154,237.469680591121,Inf,4.79160765125518,0.0474511194514641,"rank,('add', 0.1),True,del","rank,('add', 0.7),False,add"
"num_iters","rank,('add', 0.1),True,del - (rank,('add', 0.7),False,all-sep)",1160.40384615385,237.469680591121,Inf,4.88653474946913,0.0294332001771572,"rank,('add', 0.1),True,del","(rank,('add', 0.7),False,all-sep)"
"num_iters","rank,('add', 0.1),True,del - (rank,('add', 0.7),False,all-uni)",1137.86153846154,237.469680591121,Inf,4.79160765125518,0.0474511194514641,"rank,('add', 0.1),True,del","(rank,('add', 0.7),False,all-uni)"
"num_iters","rank,('add', 0.1),True,del - rank,('add', 0.7),False,del",1137.86153846154,237.469680591121,Inf,4.79160765125518,0.0474511194514646,"rank,('add', 0.1),True,del","rank,('add', 0.7),False,del"
"num_iters","rank,('add', 0.1),True,del - (rank,('add', 0.7),True,all-sep)",1188.81923076923,237.469680591121,Inf,5.00619374991353,0.0159222403693119,"rank,('add', 0.1),True,del","(rank,('add', 0.7),True,all-sep)"
"num_iters","rank,('add', 0.1),True,del - rank,('add', 0.8),False,add",1249.22692307692,237.469680591121,Inf,5.26057440245545,0.00411862237166662,"rank,('add', 0.1),True,del","rank,('add', 0.8),False,add"
"num_iters","rank,('add', 0.1),True,del - (rank,('add', 0.8),False,all-sep)",1233.54615384615,237.469680591121,Inf,5.1945416811761,0.00588584703043897,"rank,('add', 0.1),True,del","(rank,('add', 0.8),False,all-sep)"
"num_iters","rank,('add', 0.1),True,del - (rank,('add', 0.8),False,all-uni)",1249.22692307692,237.469680591121,Inf,5.26057440245545,0.00411862237166662,"rank,('add', 0.1),True,del","(rank,('add', 0.8),False,all-uni)"
"num_iters","rank,('add', 0.1),True,del - rank,('add', 0.8),False,del",1249.22692307692,237.469680591121,Inf,5.26057440245545,0.0041186223716666,"rank,('add', 0.1),True,del","rank,('add', 0.8),False,del"
"num_iters","rank,('add', 0.1),True,del - (rank,('add', 0.8),True,all-sep)",1230.03461538462,237.469680591121,Inf,5.17975436831664,0.00637207252686276,"rank,('add', 0.1),True,del","(rank,('add', 0.8),True,all-sep)"
"num_iters","rank,('add', 0.1),True,del - rank,('add', 0.8),True,del",1169.06923076923,237.469680591121,Inf,4.9230252378288,0.0244400800118006,"rank,('add', 0.1),True,del","rank,('add', 0.8),True,del"
"num_iters","rank,('add', 0.1),True,del - rank,('add', 0.9),False,add",1152.05384615385,237.469680591121,Inf,4.85137236587887,0.0351645773834827,"rank,('add', 0.1),True,del","rank,('add', 0.9),False,add"
"num_iters","rank,('add', 0.1),True,del - (rank,('add', 0.9),False,all-sep)",1167.33846153846,237.469680591121,Inf,4.91573685799664,0.0253672128920299,"rank,('add', 0.1),True,del","(rank,('add', 0.9),False,all-sep)"
"num_iters","rank,('add', 0.1),True,del - (rank,('add', 0.9),False,all-uni)",1152.05384615385,237.469680591121,Inf,4.85137236587887,0.0351645773834825,"rank,('add', 0.1),True,del","(rank,('add', 0.9),False,all-uni)"
"num_iters","rank,('add', 0.1),True,del - rank,('add', 0.9),False,del",1152.05384615385,237.469680591121,Inf,4.85137236587887,0.0351645773834825,"rank,('add', 0.1),True,del","rank,('add', 0.9),False,del"
"num_iters","rank,('add', 0.1),True,del - (rank,('add', 0.9),True,all-sep)",1262.03076923077,237.469680591121,Inf,5.31449221681379,0.00306747379817997,"rank,('add', 0.1),True,del","(rank,('add', 0.9),True,all-sep)"
"num_iters","rank,('add', 0.1),True,del - rank,mul,False,add",1679.32692307692,237.469680591121,Inf,7.07175298714624,4.38771232191344e-08,"rank,('add', 0.1),True,del","rank,mul,False,add"
"num_iters","rank,('add', 0.1),True,del - (rank,mul,False,all-sep)",2244.64615384615,237.469680591121,Inf,9.45234839352406,9.5020449519764e-17,"rank,('add', 0.1),True,del","(rank,mul,False,all-sep)"
"num_iters","rank,('add', 0.1),True,del - (rank,mul,False,all-uni)",1733.59230769231,237.469680591121,Inf,7.30026798948382,8.23675606181535e-09,"rank,('add', 0.1),True,del","(rank,mul,False,all-uni)"
"num_iters","rank,('add', 0.1),True,del - rank,mul,False,del",1733.59230769231,237.469680591121,Inf,7.30026798948382,8.2367560618153e-09,"rank,('add', 0.1),True,del","rank,mul,False,del"
"num_iters","rank,('add', 0.1),True,del - rank,mul,True,add",1962.25,237.469680591121,Inf,8.2631601437096,4.06870855436813e-12,"rank,('add', 0.1),True,del","rank,mul,True,add"
"num_iters","rank,('add', 0.1),True,del - (rank,mul,True,all-sep)",2206.89230769231,237.469680591121,Inf,9.29336453478527,4.28727566598513e-16,"rank,('add', 0.1),True,del","(rank,mul,True,all-sep)"
"num_iters","rank,('add', 0.1),True,del - (rank,mul,True,all-uni)",1962.25,237.469680591121,Inf,8.2631601437096,4.06870855436813e-12,"rank,('add', 0.1),True,del","(rank,mul,True,all-uni)"
"num_iters","rank,('add', 0.1),True,del - rank,mul,True,del",1899.39230769231,237.469680591121,Inf,7.99846238460527,3.61317798643252e-11,"rank,('add', 0.1),True,del","rank,mul,True,del"
"num_iters","rank,('add', 0.1),True,del - (score,('add', 0.8),True,all-sep)",1142.96538461538,237.469680591121,Inf,4.81310027356023,0.0426203948527285,"rank,('add', 0.1),True,del","(score,('add', 0.8),True,all-sep)"
"num_iters","rank,('add', 0.1),True,del - score,mul,False,add",1480.90384615385,237.469680591121,Inf,6.23618073038844,1.28596258539673e-05,"rank,('add', 0.1),True,del","score,mul,False,add"
"num_iters","rank,('add', 0.1),True,del - (score,mul,False,all-sep)",1598.21538461538,237.469680591121,Inf,6.73018711541208,4.85968378587859e-07,"rank,('add', 0.1),True,del","(score,mul,False,all-sep)"
"num_iters","rank,('add', 0.1),True,del - (score,mul,False,all-uni)",1480.90384615385,237.469680591121,Inf,6.23618073038844,1.28596258539673e-05,"rank,('add', 0.1),True,del","(score,mul,False,all-uni)"
"num_iters","rank,('add', 0.1),True,del - score,mul,False,del",1480.90384615385,237.469680591121,Inf,6.23618073038844,1.28596258539672e-05,"rank,('add', 0.1),True,del","score,mul,False,del"
"num_iters","rank,('add', 0.1),True,del - score,mul,True,add",1682.18461538462,237.469680591121,Inf,7.08378691206912,4.02287304791e-08,"rank,('add', 0.1),True,del","score,mul,True,add"
"num_iters","rank,('add', 0.1),True,del - (score,mul,True,all-sep)",1885.53461538462,237.469680591121,Inf,7.94010675674912,5.79356967309615e-11,"rank,('add', 0.1),True,del","(score,mul,True,all-sep)"
"num_iters","rank,('add', 0.1),True,del - (score,mul,True,all-uni)",1682.18461538462,237.469680591121,Inf,7.08378691206912,4.02287304791e-08,"rank,('add', 0.1),True,del","(score,mul,True,all-uni)"
"num_iters","rank,('add', 0.1),True,del - score,mul,True,del",1743.43846153846,237.46968059115,Inf,7.34173077252805,6.04715531551136e-09,"rank,('add', 0.1),True,del","score,mul,True,del"
"num_iters","rank,('add', 0.2),False,add - rank,mul,False,add",1440.41538461538,237.469680591121,Inf,6.06568123151484,3.7684232274889e-05,"rank,('add', 0.2),False,add","rank,mul,False,add"
"num_iters","rank,('add', 0.2),False,add - (rank,mul,False,all-sep)",2005.73461538462,237.469680591121,Inf,8.44627663789266,8.62523953978665e-13,"rank,('add', 0.2),False,add","(rank,mul,False,all-sep)"
"num_iters","rank,('add', 0.2),False,add - (rank,mul,False,all-uni)",1494.68076923077,237.469680591121,Inf,6.29419623385242,8.8620262286564e-06,"rank,('add', 0.2),False,add","(rank,mul,False,all-uni)"
"num_iters","rank,('add', 0.2),False,add - rank,mul,False,del",1494.68076923077,237.469680591121,Inf,6.29419623385242,8.8620262286564e-06,"rank,('add', 0.2),False,add","rank,mul,False,del"
"num_iters","rank,('add', 0.2),False,add - rank,mul,True,add",1723.33846153846,237.469680591121,Inf,7.25708838807819,1.13432634032894e-08,"rank,('add', 0.2),False,add","rank,mul,True,add"
"num_iters","rank,('add', 0.2),False,add - (rank,mul,True,all-sep)",1967.98076923077,237.469680591121,Inf,8.28729277915386,3.32272725868489e-12,"rank,('add', 0.2),False,add","(rank,mul,True,all-sep)"
"num_iters","rank,('add', 0.2),False,add - (rank,mul,True,all-uni)",1723.33846153846,237.469680591121,Inf,7.2570883880782,1.13432634032892e-08,"rank,('add', 0.2),False,add","(rank,mul,True,all-uni)"
"num_iters","rank,('add', 0.2),False,add - rank,mul,True,del",1660.48076923077,237.469680591121,Inf,6.99239062897386,7.75051684631032e-08,"rank,('add', 0.2),False,add","rank,mul,True,del"
"num_iters","rank,('add', 0.2),False,add - score,mul,False,add",1241.99230769231,237.469680591121,Inf,5.23010897475703,0.00485868300515972,"rank,('add', 0.2),False,add","score,mul,False,add"
"num_iters","rank,('add', 0.2),False,add - (score,mul,False,all-sep)",1359.30384615385,237.469680591121,Inf,5.72411535978068,0.000298197675565995,"rank,('add', 0.2),False,add","(score,mul,False,all-sep)"
"num_iters","rank,('add', 0.2),False,add - (score,mul,False,all-uni)",1241.99230769231,237.469680591121,Inf,5.23010897475704,0.00485868300515969,"rank,('add', 0.2),False,add","(score,mul,False,all-uni)"
"num_iters","rank,('add', 0.2),False,add - score,mul,False,del",1241.99230769231,237.469680591121,Inf,5.23010897475704,0.00485868300515969,"rank,('add', 0.2),False,add","score,mul,False,del"
"num_iters","rank,('add', 0.2),False,add - score,mul,True,add",1443.27307692308,237.469680591121,Inf,6.07771515643771,3.49629426892335e-05,"rank,('add', 0.2),False,add","score,mul,True,add"
"num_iters","rank,('add', 0.2),False,add - (score,mul,True,all-sep)",1646.62307692308,237.469680591121,Inf,6.93403500111772,1.17302171661159e-07,"rank,('add', 0.2),False,add","(score,mul,True,all-sep)"
"num_iters","rank,('add', 0.2),False,add - (score,mul,True,all-uni)",1443.27307692308,237.469680591121,Inf,6.07771515643771,3.49629426892333e-05,"rank,('add', 0.2),False,add","(score,mul,True,all-uni)"
"num_iters","rank,('add', 0.2),False,add - score,mul,True,del",1504.52692307692,237.469680591151,Inf,6.33565901689676,6.77791368639934e-06,"rank,('add', 0.2),False,add","score,mul,True,del"
"num_iters","(rank,('add', 0.2),False,all-sep) - rank,mul,False,add",1175.15769230769,237.469680591121,Inf,4.94866413843836,0.0214310038964482,"(rank,('add', 0.2),False,all-sep)","rank,mul,False,add"
"num_iters","(rank,('add', 0.2),False,all-sep) - (rank,mul,False,all-sep)",1740.47692307692,237.469680591121,Inf,7.32925954481618,6.63734948310742e-09,"(rank,('add', 0.2),False,all-sep)","(rank,mul,False,all-sep)"
"num_iters","(rank,('add', 0.2),False,all-sep) - (rank,mul,False,all-uni)",1229.42307692308,237.469680591121,Inf,5.17717914077594,0.00646062588492972,"(rank,('add', 0.2),False,all-sep)","(rank,mul,False,all-uni)"
"num_iters","(rank,('add', 0.2),False,all-sep) - rank,mul,False,del",1229.42307692308,237.469680591121,Inf,5.17717914077594,0.00646062588492972,"(rank,('add', 0.2),False,all-sep)","rank,mul,False,del"
"num_iters","(rank,('add', 0.2),False,all-sep) - rank,mul,True,add",1458.08076923077,237.469680591121,Inf,6.14007129500172,2.36565408393039e-05,"(rank,('add', 0.2),False,all-sep)","rank,mul,True,add"
"num_iters","(rank,('add', 0.2),False,all-sep) - (rank,mul,True,all-sep)",1702.72307692308,237.469680591121,Inf,7.17027568607739,2.14660877549313e-08,"(rank,('add', 0.2),False,all-sep)","(rank,mul,True,all-sep)"
"num_iters","(rank,('add', 0.2),False,all-sep) - (rank,mul,True,all-uni)",1458.08076923077,237.469680591121,Inf,6.14007129500172,2.36565408393038e-05,"(rank,('add', 0.2),False,all-sep)","(rank,mul,True,all-uni)"
"num_iters","(rank,('add', 0.2),False,all-sep) - rank,mul,True,del",1395.22307692308,237.469680591121,Inf,5.87537353589739,0.000120998321621821,"(rank,('add', 0.2),False,all-sep)","rank,mul,True,del"
"num_iters","(rank,('add', 0.2),False,all-sep) - (score,('add', 0.1),False,all-sep)",-1196.17307692308,237.469680591121,Inf,-5.03716126600038,0.0135509182278896,"(rank,('add', 0.2),False,all-sep)","(score,('add', 0.1),False,all-sep)"
"num_iters","(rank,('add', 0.2),False,all-sep) - score,mul,True,add",1178.01538461538,237.469680591121,Inf,4.96069806336124,0.0201449180703198,"(rank,('add', 0.2),False,all-sep)","score,mul,True,add"
"num_iters","(rank,('add', 0.2),False,all-sep) - (score,mul,True,all-sep)",1381.36538461538,237.469680591121,Inf,5.81701790804125,0.00017181249063214,"(rank,('add', 0.2),False,all-sep)","(score,mul,True,all-sep)"
"num_iters","(rank,('add', 0.2),False,all-sep) - (score,mul,True,all-uni)",1178.01538461538,237.469680591121,Inf,4.96069806336124,0.0201449180703198,"(rank,('add', 0.2),False,all-sep)","(score,mul,True,all-uni)"
"num_iters","(rank,('add', 0.2),False,all-sep) - score,mul,True,del",1239.26923076922,237.46968059115,Inf,5.21864192382043,0.0051692785751285,"(rank,('add', 0.2),False,all-sep)","score,mul,True,del"
"num_iters","(rank,('add', 0.2),False,all-uni) - rank,mul,False,add",1406.96153846154,237.469680591121,Inf,5.92480494755904,8.96732645841486e-05,"(rank,('add', 0.2),False,all-uni)","rank,mul,False,add"
"num_iters","(rank,('add', 0.2),False,all-uni) - (rank,mul,False,all-sep)",1972.28076923077,237.469680591121,Inf,8.30540035393686,2.85318480573748e-12,"(rank,('add', 0.2),False,all-uni)","(rank,mul,False,all-sep)"
"num_iters","(rank,('add', 0.2),False,all-uni) - (rank,mul,False,all-uni)",1461.22692307692,237.469680591121,Inf,6.15331994989662,2.17616699476794e-05,"(rank,('add', 0.2),False,all-uni)","(rank,mul,False,all-uni)"
"num_iters","(rank,('add', 0.2),False,all-uni) - rank,mul,False,del",1461.22692307692,237.469680591121,Inf,6.15331994989663,2.17616699476793e-05,"(rank,('add', 0.2),False,all-uni)","rank,mul,False,del"
"num_iters","(rank,('add', 0.2),False,all-uni) - rank,mul,True,add",1689.88461538462,237.469680591121,Inf,7.1162121041224,3.18157387130373e-08,"(rank,('add', 0.2),False,all-uni)","rank,mul,True,add"
"num_iters","(rank,('add', 0.2),False,all-uni) - (rank,mul,True,all-sep)",1934.52692307692,237.469680591121,Inf,8.14641649519807,1.07511973175937e-11,"(rank,('add', 0.2),False,all-uni)","(rank,mul,True,all-sep)"
"num_iters","(rank,('add', 0.2),False,all-uni) - (rank,mul,True,all-uni)",1689.88461538462,237.469680591121,Inf,7.1162121041224,3.18157387130371e-08,"(rank,('add', 0.2),False,all-uni)","(rank,mul,True,all-uni)"
"num_iters","(rank,('add', 0.2),False,all-uni) - rank,mul,True,del",1627.02692307692,237.469680591121,Inf,6.85151434501807,2.09571268910033e-07,"(rank,('add', 0.2),False,all-uni)","rank,mul,True,del"
"num_iters","(rank,('add', 0.2),False,all-uni) - score,mul,False,add",1208.53846153846,237.469680591121,Inf,5.08923269080124,0.0103108972607346,"(rank,('add', 0.2),False,all-uni)","score,mul,False,add"
"num_iters","(rank,('add', 0.2),False,all-uni) - (score,mul,False,all-sep)",1325.85,237.469680591121,Inf,5.58323907582488,0.000677077037034211,"(rank,('add', 0.2),False,all-uni)","(score,mul,False,all-sep)"
"num_iters","(rank,('add', 0.2),False,all-uni) - (score,mul,False,all-uni)",1208.53846153846,237.469680591121,Inf,5.08923269080124,0.0103108972607346,"(rank,('add', 0.2),False,all-uni)","(score,mul,False,all-uni)"
"num_iters","(rank,('add', 0.2),False,all-uni) - score,mul,False,del",1208.53846153846,237.469680591121,Inf,5.08923269080124,0.0103108972607346,"(rank,('add', 0.2),False,all-uni)","score,mul,False,del"
"num_iters","(rank,('add', 0.2),False,all-uni) - score,mul,True,add",1409.81923076923,237.469680591121,Inf,5.93683887248192,8.3335469726015e-05,"(rank,('add', 0.2),False,all-uni)","score,mul,True,add"
"num_iters","(rank,('add', 0.2),False,all-uni) - (score,mul,True,all-sep)",1613.16923076923,237.469680591121,Inf,6.79315871716193,3.14632707272776e-07,"(rank,('add', 0.2),False,all-uni)","(score,mul,True,all-sep)"
"num_iters","(rank,('add', 0.2),False,all-uni) - (score,mul,True,all-uni)",1409.81923076923,237.469680591121,Inf,5.93683887248192,8.3335469726015e-05,"(rank,('add', 0.2),False,all-uni)","(score,mul,True,all-uni)"
"num_iters","(rank,('add', 0.2),False,all-uni) - score,mul,True,del",1471.07307692307,237.469680591151,Inf,6.19478273294099,1.67392206738914e-05,"(rank,('add', 0.2),False,all-uni)","score,mul,True,del"
"num_iters","rank,('add', 0.2),False,del - rank,mul,False,add",1406.96153846154,237.469680591121,Inf,5.92480494755904,8.96732645841495e-05,"rank,('add', 0.2),False,del","rank,mul,False,add"
"num_iters","rank,('add', 0.2),False,del - (rank,mul,False,all-sep)",1972.28076923077,237.469680591121,Inf,8.30540035393686,2.85318480573753e-12,"rank,('add', 0.2),False,del","(rank,mul,False,all-sep)"
"num_iters","rank,('add', 0.2),False,del - (rank,mul,False,all-uni)",1461.22692307692,237.469680591121,Inf,6.15331994989662,2.17616699476796e-05,"rank,('add', 0.2),False,del","(rank,mul,False,all-uni)"
"num_iters","rank,('add', 0.2),False,del - rank,mul,False,del",1461.22692307692,237.469680591121,Inf,6.15331994989662,2.17616699476795e-05,"rank,('add', 0.2),False,del","rank,mul,False,del"
"num_iters","rank,('add', 0.2),False,del - rank,mul,True,add",1689.88461538462,237.469680591121,Inf,7.1162121041224,3.18157387130375e-08,"rank,('add', 0.2),False,del","rank,mul,True,add"
"num_iters","rank,('add', 0.2),False,del - (rank,mul,True,all-sep)",1934.52692307692,237.469680591121,Inf,8.14641649519807,1.07511973175937e-11,"rank,('add', 0.2),False,del","(rank,mul,True,all-sep)"
"num_iters","rank,('add', 0.2),False,del - (rank,mul,True,all-uni)",1689.88461538462,237.469680591121,Inf,7.1162121041224,3.18157387130375e-08,"rank,('add', 0.2),False,del","(rank,mul,True,all-uni)"
"num_iters","rank,('add', 0.2),False,del - rank,mul,True,del",1627.02692307692,237.469680591121,Inf,6.85151434501807,2.09571268910035e-07,"rank,('add', 0.2),False,del","rank,mul,True,del"
"num_iters","rank,('add', 0.2),False,del - score,mul,False,add",1208.53846153846,237.469680591121,Inf,5.08923269080124,0.0103108972607347,"rank,('add', 0.2),False,del","score,mul,False,add"
"num_iters","rank,('add', 0.2),False,del - (score,mul,False,all-sep)",1325.85,237.469680591121,Inf,5.58323907582488,0.000677077037034214,"rank,('add', 0.2),False,del","(score,mul,False,all-sep)"
"num_iters","rank,('add', 0.2),False,del - (score,mul,False,all-uni)",1208.53846153846,237.469680591121,Inf,5.08923269080124,0.0103108972607347,"rank,('add', 0.2),False,del","(score,mul,False,all-uni)"
"num_iters","rank,('add', 0.2),False,del - score,mul,False,del",1208.53846153846,237.469680591121,Inf,5.08923269080124,0.0103108972607347,"rank,('add', 0.2),False,del","score,mul,False,del"
"num_iters","rank,('add', 0.2),False,del - score,mul,True,add",1409.81923076923,237.469680591121,Inf,5.93683887248192,8.33354697260154e-05,"rank,('add', 0.2),False,del","score,mul,True,add"
"num_iters","rank,('add', 0.2),False,del - (score,mul,True,all-sep)",1613.16923076923,237.469680591121,Inf,6.79315871716192,3.1463270727278e-07,"rank,('add', 0.2),False,del","(score,mul,True,all-sep)"
"num_iters","rank,('add', 0.2),False,del - (score,mul,True,all-uni)",1409.81923076923,237.469680591121,Inf,5.93683887248192,8.33354697260159e-05,"rank,('add', 0.2),False,del","(score,mul,True,all-uni)"
"num_iters","rank,('add', 0.2),False,del - score,mul,True,del",1471.07307692307,237.469680591151,Inf,6.19478273294099,1.67392206738915e-05,"rank,('add', 0.2),False,del","score,mul,True,del"
"num_iters","rank,('add', 0.2),True,add - rank,mul,False,add",1183.32692307692,237.469680591121,Inf,4.98306529124615,0.0179493266090399,"rank,('add', 0.2),True,add","rank,mul,False,add"
"num_iters","rank,('add', 0.2),True,add - (rank,mul,False,all-sep)",1748.64615384615,237.469680591121,Inf,7.36366069762397,5.13183171177705e-09,"rank,('add', 0.2),True,add","(rank,mul,False,all-sep)"
"num_iters","rank,('add', 0.2),True,add - (rank,mul,False,all-uni)",1237.59230769231,237.469680591121,Inf,5.21158029358373,0.00537000795882005,"rank,('add', 0.2),True,add","(rank,mul,False,all-uni)"
"num_iters","rank,('add', 0.2),True,add - rank,mul,False,del",1237.59230769231,237.469680591121,Inf,5.21158029358373,0.00537000795882005,"rank,('add', 0.2),True,add","rank,mul,False,del"
"num_iters","rank,('add', 0.2),True,add - rank,mul,True,add",1466.25,237.469680591121,Inf,6.17447244780951,1.90391480897173e-05,"rank,('add', 0.2),True,add","rank,mul,True,add"
"num_iters","rank,('add', 0.2),True,add - (rank,mul,True,all-sep)",1710.89230769231,237.469680591121,Inf,7.20467683888517,1.66865028537797e-08,"rank,('add', 0.2),True,add","(rank,mul,True,all-sep)"
"num_iters","rank,('add', 0.2),True,add - (rank,mul,True,all-uni)",1466.25,237.469680591121,Inf,6.17447244780951,1.90391480897171e-05,"rank,('add', 0.2),True,add","(rank,mul,True,all-uni)"
"num_iters","rank,('add', 0.2),True,add - rank,mul,True,del",1403.39230769231,237.469680591121,Inf,5.90977468870517,9.82507894882917e-05,"rank,('add', 0.2),True,add","rank,mul,True,del"
"num_iters","rank,('add', 0.2),True,add - (score,('add', 0.1),False,all-sep)",-1188.00384615385,237.469680591121,Inf,-5.0027601131926,0.0162085736134015,"rank,('add', 0.2),True,add","(score,('add', 0.1),False,all-sep)"
"num_iters","rank,('add', 0.2),True,add - score,mul,True,add",1186.18461538462,237.469680591121,Inf,4.99509921616902,0.0168654251813257,"rank,('add', 0.2),True,add","score,mul,True,add"
"num_iters","rank,('add', 0.2),True,add - (score,mul,True,all-sep)",1389.53461538462,237.469680591121,Inf,5.85141906084903,0.000139785304319048,"rank,('add', 0.2),True,add","(score,mul,True,all-sep)"
"num_iters","rank,('add', 0.2),True,add - (score,mul,True,all-uni)",1186.18461538462,237.469680591121,Inf,4.99509921616902,0.0168654251813257,"rank,('add', 0.2),True,add","(score,mul,True,all-uni)"
"num_iters","rank,('add', 0.2),True,add - score,mul,True,del",1247.43846153846,237.469680591151,Inf,5.25304307662821,0.00429071522964066,"rank,('add', 0.2),True,add","score,mul,True,del"
"num_iters","(rank,('add', 0.2),True,all-sep) - (rank,mul,False,all-sep)",1551.83461538462,237.469680591121,Inf,6.53487473230989,1.82584920102285e-06,"(rank,('add', 0.2),True,all-sep)","(rank,mul,False,all-sep)"
"num_iters","(rank,('add', 0.2),True,all-sep) - rank,mul,True,add",1269.43846153846,237.469680591121,Inf,5.34568648249543,0.00258335113925821,"(rank,('add', 0.2),True,all-sep)","rank,mul,True,add"
"num_iters","(rank,('add', 0.2),True,all-sep) - (rank,mul,True,all-sep)",1514.08076923077,237.469680591121,Inf,6.37589087357109,5.21696139283589e-06,"(rank,('add', 0.2),True,all-sep)","(rank,mul,True,all-sep)"
"num_iters","(rank,('add', 0.2),True,all-sep) - (rank,mul,True,all-uni)",1269.43846153846,237.469680591121,Inf,5.34568648249543,0.00258335113925821,"(rank,('add', 0.2),True,all-sep)","(rank,mul,True,all-uni)"
"num_iters","(rank,('add', 0.2),True,all-sep) - rank,mul,True,del",1206.58076923077,237.469680591121,Inf,5.08098872339109,0.0107686347588738,"(rank,('add', 0.2),True,all-sep)","rank,mul,True,del"
"num_iters","(rank,('add', 0.2),True,all-sep) - score,('add', 0.1),False,add",-1142.4,237.469680591121,Inf,-4.81071940281506,0.043131283976818,"(rank,('add', 0.2),True,all-sep)","score,('add', 0.1),False,add"
"num_iters","(rank,('add', 0.2),True,all-sep) - (score,('add', 0.1),False,all-sep)",-1384.81538461538,237.469680591121,Inf,-5.83154607850668,0.000157499494822615,"(rank,('add', 0.2),True,all-sep)","(score,('add', 0.1),False,all-sep)"
"num_iters","(rank,('add', 0.2),True,all-sep) - (score,('add', 0.1),False,all-uni)",-1142.4,237.469680591121,Inf,-4.81071940281506,0.0431312839768178,"(rank,('add', 0.2),True,all-sep)","(score,('add', 0.1),False,all-uni)"
"num_iters","(rank,('add', 0.2),True,all-sep) - score,('add', 0.1),False,del",-1148.71538461538,237.469680591121,Inf,-4.83731389100262,0.0377444607474372,"(rank,('add', 0.2),True,all-sep)","score,('add', 0.1),False,del"
"num_iters","(rank,('add', 0.2),True,all-sep) - (score,mul,True,all-sep)",1192.72307692308,237.469680591121,Inf,5.02263309553495,0.0146175804628008,"(rank,('add', 0.2),True,all-sep)","(score,mul,True,all-sep)"
"num_iters","(rank,('add', 0.2),True,all-uni) - rank,mul,False,add",1183.32692307692,237.469680591121,Inf,4.98306529124615,0.01794932660904,"(rank,('add', 0.2),True,all-uni)","rank,mul,False,add"
"num_iters","(rank,('add', 0.2),True,all-uni) - (rank,mul,False,all-sep)",1748.64615384615,237.469680591121,Inf,7.36366069762397,5.13183171177708e-09,"(rank,('add', 0.2),True,all-uni)","(rank,mul,False,all-sep)"
"num_iters","(rank,('add', 0.2),True,all-uni) - (rank,mul,False,all-uni)",1237.59230769231,237.469680591121,Inf,5.21158029358373,0.0053700079588201,"(rank,('add', 0.2),True,all-uni)","(rank,mul,False,all-uni)"
"num_iters","(rank,('add', 0.2),True,all-uni) - rank,mul,False,del",1237.59230769231,237.469680591121,Inf,5.21158029358373,0.00537000795882008,"(rank,('add', 0.2),True,all-uni)","rank,mul,False,del"
"num_iters","(rank,('add', 0.2),True,all-uni) - rank,mul,True,add",1466.25,237.469680591121,Inf,6.17447244780951,1.90391480897173e-05,"(rank,('add', 0.2),True,all-uni)","rank,mul,True,add"
"num_iters","(rank,('add', 0.2),True,all-uni) - (rank,mul,True,all-sep)",1710.89230769231,237.469680591121,Inf,7.20467683888517,1.66865028537798e-08,"(rank,('add', 0.2),True,all-uni)","(rank,mul,True,all-sep)"
"num_iters","(rank,('add', 0.2),True,all-uni) - (rank,mul,True,all-uni)",1466.25,237.469680591121,Inf,6.17447244780951,1.90391480897173e-05,"(rank,('add', 0.2),True,all-uni)","(rank,mul,True,all-uni)"
"num_iters","(rank,('add', 0.2),True,all-uni) - rank,mul,True,del",1403.39230769231,237.469680591121,Inf,5.90977468870517,9.82507894882928e-05,"(rank,('add', 0.2),True,all-uni)","rank,mul,True,del"
"num_iters","(rank,('add', 0.2),True,all-uni) - (score,('add', 0.1),False,all-sep)",-1188.00384615385,237.469680591121,Inf,-5.0027601131926,0.0162085736134014,"(rank,('add', 0.2),True,all-uni)","(score,('add', 0.1),False,all-sep)"
"num_iters","(rank,('add', 0.2),True,all-uni) - score,mul,True,add",1186.18461538462,237.469680591121,Inf,4.99509921616902,0.0168654251813258,"(rank,('add', 0.2),True,all-uni)","score,mul,True,add"
"num_iters","(rank,('add', 0.2),True,all-uni) - (score,mul,True,all-sep)",1389.53461538462,237.469680591121,Inf,5.85141906084903,0.00013978530431905,"(rank,('add', 0.2),True,all-uni)","(score,mul,True,all-sep)"
"num_iters","(rank,('add', 0.2),True,all-uni) - (score,mul,True,all-uni)",1186.18461538462,237.469680591121,Inf,4.99509921616902,0.0168654251813258,"(rank,('add', 0.2),True,all-uni)","(score,mul,True,all-uni)"
"num_iters","(rank,('add', 0.2),True,all-uni) - score,mul,True,del",1247.43846153846,237.469680591151,Inf,5.25304307662821,0.00429071522964074,"(rank,('add', 0.2),True,all-uni)","score,mul,True,del"
"num_iters","rank,('add', 0.2),True,del - (rank,mul,False,all-sep)",1696.98076923077,237.469680591121,Inf,7.14609446143425,2.56059723380415e-08,"rank,('add', 0.2),True,del","(rank,mul,False,all-sep)"
"num_iters","rank,('add', 0.2),True,del - (rank,mul,False,all-uni)",1185.92692307692,237.469680591121,Inf,4.99401405739401,0.0169605175489148,"rank,('add', 0.2),True,del","(rank,mul,False,all-uni)"
"num_iters","rank,('add', 0.2),True,del - rank,mul,False,del",1185.92692307692,237.469680591121,Inf,4.99401405739401,0.0169605175489148,"rank,('add', 0.2),True,del","rank,mul,False,del"
"num_iters","rank,('add', 0.2),True,del - rank,mul,True,add",1414.58461538462,237.469680591121,Inf,5.95690621161979,7.37241377135662e-05,"rank,('add', 0.2),True,del","rank,mul,True,add"
"num_iters","rank,('add', 0.2),True,del - (rank,mul,True,all-sep)",1659.22692307692,237.469680591121,Inf,6.98711060269545,8.0477522753079e-08,"rank,('add', 0.2),True,del","(rank,mul,True,all-sep)"
"num_iters","rank,('add', 0.2),True,del - (rank,mul,True,all-uni)",1414.58461538462,237.469680591121,Inf,5.95690621161979,7.37241377135658e-05,"rank,('add', 0.2),True,del","(rank,mul,True,all-uni)"
"num_iters","rank,('add', 0.2),True,del - rank,mul,True,del",1351.72692307692,237.469680591121,Inf,5.69220845251545,0.000359666175770325,"rank,('add', 0.2),True,del","rank,mul,True,del"
"num_iters","rank,('add', 0.2),True,del - (score,('add', 0.1),False,all-sep)",-1239.66923076923,237.469680591121,Inf,-5.22032634938232,0.00512248061615744,"rank,('add', 0.2),True,del","(score,('add', 0.1),False,all-sep)"
"num_iters","rank,('add', 0.2),True,del - (score,mul,True,all-sep)",1337.86923076923,237.469680591121,Inf,5.63385282465931,0.000505420269541817,"rank,('add', 0.2),True,del","(score,mul,True,all-sep)"
"num_iters","rank,('add', 0.2),True,del - score,mul,True,del",1195.77307692307,237.469680591151,Inf,5.03547684043852,0.013670630591,"rank,('add', 0.2),True,del","score,mul,True,del"
"num_iters","rank,('add', 0.3),False,add - rank,mul,False,add",1164.05384615385,237.469680591121,Inf,4.90190513271517,0.0272206673137195,"rank,('add', 0.3),False,add","rank,mul,False,add"
"num_iters","rank,('add', 0.3),False,add - (rank,mul,False,all-sep)",1729.37307692308,237.469680591121,Inf,7.28250053909299,9.39810991920754e-09,"rank,('add', 0.3),False,add","(rank,mul,False,all-sep)"
"num_iters","rank,('add', 0.3),False,add - (rank,mul,False,all-uni)",1218.31923076923,237.469680591121,Inf,5.13042013505275,0.00829127898723282,"rank,('add', 0.3),False,add","(rank,mul,False,all-uni)"
"num_iters","rank,('add', 0.3),False,add - rank,mul,False,del",1218.31923076923,237.469680591121,Inf,5.13042013505275,0.00829127898723278,"rank,('add', 0.3),False,add","rank,mul,False,del"
"num_iters","rank,('add', 0.3),False,add - rank,mul,True,add",1446.97692307692,237.469680591121,Inf,6.09331228927853,3.17195078474947e-05,"rank,('add', 0.3),False,add","rank,mul,True,add"
"num_iters","rank,('add', 0.3),False,add - (rank,mul,True,all-sep)",1691.61923076923,237.469680591121,Inf,7.12351668035419,3.01735145425478e-08,"rank,('add', 0.3),False,add","(rank,mul,True,all-sep)"
"num_iters","rank,('add', 0.3),False,add - (rank,mul,True,all-uni)",1446.97692307692,237.469680591121,Inf,6.09331228927853,3.17195078474946e-05,"rank,('add', 0.3),False,add","(rank,mul,True,all-uni)"
"num_iters","rank,('add', 0.3),False,add - rank,mul,True,del",1384.11923076923,237.469680591121,Inf,5.82861453017419,0.000160290895713208,"rank,('add', 0.3),False,add","rank,mul,True,del"
"num_iters","rank,('add', 0.3),False,add - (score,('add', 0.1),False,all-sep)",-1207.27692307692,237.469680591121,Inf,-5.08392027172358,0.0106036609087237,"rank,('add', 0.3),False,add","(score,('add', 0.1),False,all-sep)"
"num_iters","rank,('add', 0.3),False,add - score,mul,True,add",1166.91153846154,237.469680591121,Inf,4.91393905763804,0.0256010606176328,"rank,('add', 0.3),False,add","score,mul,True,add"
"num_iters","rank,('add', 0.3),False,add - (score,mul,True,all-sep)",1370.26153846154,237.469680591121,Inf,5.77025890231805,0.000227001719950461,"rank,('add', 0.3),False,add","(score,mul,True,all-sep)"
"num_iters","rank,('add', 0.3),False,add - (score,mul,True,all-uni)",1166.91153846154,237.469680591121,Inf,4.91393905763804,0.0256010606176328,"rank,('add', 0.3),False,add","(score,mul,True,all-uni)"
"num_iters","rank,('add', 0.3),False,add - score,mul,True,del",1228.16538461538,237.469680591151,Inf,5.17188291809724,0.0066464977471046,"rank,('add', 0.3),False,add","score,mul,True,del"
"num_iters","(rank,('add', 0.3),False,all-sep) - (rank,mul,False,all-sep)",1392.89615384615,237.469680591121,Inf,5.86557471412304,0.000128365847995744,"(rank,('add', 0.3),False,all-sep)","(rank,mul,False,all-sep)"
"num_iters","(rank,('add', 0.3),False,all-sep) - (rank,mul,True,all-sep)",1355.14230769231,237.469680591121,Inf,5.70659085538424,0.000330569678968375,"(rank,('add', 0.3),False,all-sep)","(rank,mul,True,all-sep)"
"num_iters","(rank,('add', 0.3),False,all-sep) - score,('add', 0.1),False,add",-1301.33846153846,237.469680591121,Inf,-5.4800194210019,0.00121970060719708,"(rank,('add', 0.3),False,all-sep)","score,('add', 0.1),False,add"
"num_iters","(rank,('add', 0.3),False,all-sep) - (score,('add', 0.1),False,all-sep)",-1543.75384615385,237.469680591121,Inf,-6.50084609669352,2.29065757704415e-06,"(rank,('add', 0.3),False,all-sep)","(score,('add', 0.1),False,all-sep)"
"num_iters","(rank,('add', 0.3),False,all-sep) - (score,('add', 0.1),False,all-uni)",-1301.33846153846,237.469680591121,Inf,-5.4800194210019,0.00121970060719708,"(rank,('add', 0.3),False,all-sep)","(score,('add', 0.1),False,all-uni)"
"num_iters","(rank,('add', 0.3),False,all-sep) - score,('add', 0.1),False,del",-1307.65384615385,237.469680591121,Inf,-5.50661390918947,0.00104911814136193,"(rank,('add', 0.3),False,all-sep)","score,('add', 0.1),False,del"
"num_iters","(rank,('add', 0.3),False,all-uni) - rank,mul,False,add",1164.05384615385,237.469680591121,Inf,4.90190513271517,0.0272206673137197,"(rank,('add', 0.3),False,all-uni)","rank,mul,False,add"
"num_iters","(rank,('add', 0.3),False,all-uni) - (rank,mul,False,all-sep)",1729.37307692308,237.469680591121,Inf,7.28250053909299,9.3981099192076e-09,"(rank,('add', 0.3),False,all-uni)","(rank,mul,False,all-sep)"
"num_iters","(rank,('add', 0.3),False,all-uni) - (rank,mul,False,all-uni)",1218.31923076923,237.469680591121,Inf,5.13042013505275,0.00829127898723285,"(rank,('add', 0.3),False,all-uni)","(rank,mul,False,all-uni)"
"num_iters","(rank,('add', 0.3),False,all-uni) - rank,mul,False,del",1218.31923076923,237.469680591121,Inf,5.13042013505275,0.00829127898723282,"(rank,('add', 0.3),False,all-uni)","rank,mul,False,del"
"num_iters","(rank,('add', 0.3),False,all-uni) - rank,mul,True,add",1446.97692307692,237.469680591121,Inf,6.09331228927853,3.17195078474947e-05,"(rank,('add', 0.3),False,all-uni)","rank,mul,True,add"
"num_iters","(rank,('add', 0.3),False,all-uni) - (rank,mul,True,all-sep)",1691.61923076923,237.469680591121,Inf,7.12351668035419,3.01735145425478e-08,"(rank,('add', 0.3),False,all-uni)","(rank,mul,True,all-sep)"
"num_iters","(rank,('add', 0.3),False,all-uni) - (rank,mul,True,all-uni)",1446.97692307692,237.469680591121,Inf,6.09331228927853,3.17195078474947e-05,"(rank,('add', 0.3),False,all-uni)","(rank,mul,True,all-uni)"
"num_iters","(rank,('add', 0.3),False,all-uni) - rank,mul,True,del",1384.11923076923,237.469680591121,Inf,5.82861453017419,0.000160290895713209,"(rank,('add', 0.3),False,all-uni)","rank,mul,True,del"
"num_iters","(rank,('add', 0.3),False,all-uni) - (score,('add', 0.1),False,all-sep)",-1207.27692307692,237.469680591121,Inf,-5.08392027172358,0.0106036609087237,"(rank,('add', 0.3),False,all-uni)","(score,('add', 0.1),False,all-sep)"
"num_iters","(rank,('add', 0.3),False,all-uni) - score,mul,True,add",1166.91153846154,237.469680591121,Inf,4.91393905763804,0.0256010606176329,"(rank,('add', 0.3),False,all-uni)","score,mul,True,add"
"num_iters","(rank,('add', 0.3),False,all-uni) - (score,mul,True,all-sep)",1370.26153846154,237.469680591121,Inf,5.77025890231805,0.000227001719950463,"(rank,('add', 0.3),False,all-uni)","(score,mul,True,all-sep)"
"num_iters","(rank,('add', 0.3),False,all-uni) - (score,mul,True,all-uni)",1166.91153846154,237.469680591121,Inf,4.91393905763804,0.0256010606176329,"(rank,('add', 0.3),False,all-uni)","(score,mul,True,all-uni)"
"num_iters","(rank,('add', 0.3),False,all-uni) - score,mul,True,del",1228.16538461538,237.469680591151,Inf,5.17188291809723,0.00664649774710473,"(rank,('add', 0.3),False,all-uni)","score,mul,True,del"
"num_iters","rank,('add', 0.3),False,del - rank,mul,False,add",1164.05384615385,237.469680591121,Inf,4.90190513271516,0.0272206673137198,"rank,('add', 0.3),False,del","rank,mul,False,add"
"num_iters","rank,('add', 0.3),False,del - (rank,mul,False,all-sep)",1729.37307692308,237.469680591121,Inf,7.28250053909299,9.39810991920766e-09,"rank,('add', 0.3),False,del","(rank,mul,False,all-sep)"
"num_iters","rank,('add', 0.3),False,del - (rank,mul,False,all-uni)",1218.31923076923,237.469680591121,Inf,5.13042013505275,0.00829127898723285,"rank,('add', 0.3),False,del","(rank,mul,False,all-uni)"
"num_iters","rank,('add', 0.3),False,del - rank,mul,False,del",1218.31923076923,237.469680591121,Inf,5.13042013505275,0.00829127898723285,"rank,('add', 0.3),False,del","rank,mul,False,del"
"num_iters","rank,('add', 0.3),False,del - rank,mul,True,add",1446.97692307692,237.469680591121,Inf,6.09331228927852,3.17195078474949e-05,"rank,('add', 0.3),False,del","rank,mul,True,add"
"num_iters","rank,('add', 0.3),False,del - (rank,mul,True,all-sep)",1691.61923076923,237.469680591121,Inf,7.12351668035419,3.01735145425482e-08,"rank,('add', 0.3),False,del","(rank,mul,True,all-sep)"
"num_iters","rank,('add', 0.3),False,del - (rank,mul,True,all-uni)",1446.97692307692,237.469680591121,Inf,6.09331228927853,3.17195078474947e-05,"rank,('add', 0.3),False,del","(rank,mul,True,all-uni)"
"num_iters","rank,('add', 0.3),False,del - rank,mul,True,del",1384.11923076923,237.469680591121,Inf,5.82861453017419,0.000160290895713209,"rank,('add', 0.3),False,del","rank,mul,True,del"
"num_iters","rank,('add', 0.3),False,del - (score,('add', 0.1),False,all-sep)",-1207.27692307692,237.469680591121,Inf,-5.08392027172358,0.0106036609087237,"rank,('add', 0.3),False,del","(score,('add', 0.1),False,all-sep)"
"num_iters","rank,('add', 0.3),False,del - score,mul,True,add",1166.91153846154,237.469680591121,Inf,4.91393905763804,0.0256010606176329,"rank,('add', 0.3),False,del","score,mul,True,add"
"num_iters","rank,('add', 0.3),False,del - (score,mul,True,all-sep)",1370.26153846154,237.469680591121,Inf,5.77025890231805,0.000227001719950464,"rank,('add', 0.3),False,del","(score,mul,True,all-sep)"
"num_iters","rank,('add', 0.3),False,del - (score,mul,True,all-uni)",1166.91153846154,237.469680591121,Inf,4.91393905763804,0.025601060617633,"rank,('add', 0.3),False,del","(score,mul,True,all-uni)"
"num_iters","rank,('add', 0.3),False,del - score,mul,True,del",1228.16538461538,237.469680591151,Inf,5.17188291809724,0.00664649774710464,"rank,('add', 0.3),False,del","score,mul,True,del"
"num_iters","rank,('add', 0.3),True,add - (rank,mul,False,all-sep)",1550.97692307692,237.469680591121,Inf,6.53126293519306,1.87043468911183e-06,"rank,('add', 0.3),True,add","(rank,mul,False,all-sep)"
"num_iters","rank,('add', 0.3),True,add - rank,mul,True,add",1268.58076923077,237.469680591121,Inf,5.3420746853786,0.00263537017983911,"rank,('add', 0.3),True,add","rank,mul,True,add"
"num_iters","rank,('add', 0.3),True,add - (rank,mul,True,all-sep)",1513.22307692308,237.469680591121,Inf,6.37227907645427,5.34135140269414e-06,"rank,('add', 0.3),True,add","(rank,mul,True,all-sep)"
"num_iters","rank,('add', 0.3),True,add - (rank,mul,True,all-uni)",1268.58076923077,237.469680591121,Inf,5.3420746853786,0.00263537017983911,"rank,('add', 0.3),True,add","(rank,mul,True,all-uni)"
"num_iters","rank,('add', 0.3),True,add - rank,mul,True,del",1205.72307692308,237.469680591121,Inf,5.07737692627427,0.0109752976830988,"rank,('add', 0.3),True,add","rank,mul,True,del"
"num_iters","rank,('add', 0.3),True,add - score,('add', 0.1),False,add",-1143.25769230769,237.469680591121,Inf,-4.81433119993188,0.0423585484566533,"rank,('add', 0.3),True,add","score,('add', 0.1),False,add"
"num_iters","rank,('add', 0.3),True,add - (score,('add', 0.1),False,all-sep)",-1385.67307692308,237.469680591121,Inf,-5.8351578756235,0.000154125339582464,"rank,('add', 0.3),True,add","(score,('add', 0.1),False,all-sep)"
"num_iters","rank,('add', 0.3),True,add - (score,('add', 0.1),False,all-uni)",-1143.25769230769,237.469680591121,Inf,-4.81433119993188,0.0423585484566533,"rank,('add', 0.3),True,add","(score,('add', 0.1),False,all-uni)"
"num_iters","rank,('add', 0.3),True,add - score,('add', 0.1),False,del",-1149.57307692308,237.469680591121,Inf,-4.84092568811944,0.0370647980094318,"rank,('add', 0.3),True,add","score,('add', 0.1),False,del"
"num_iters","rank,('add', 0.3),True,add - (score,mul,True,all-sep)",1191.86538461538,237.469680591121,Inf,5.01902129841812,0.0148950704841249,"rank,('add', 0.3),True,add","(score,mul,True,all-sep)"
"num_iters","(rank,('add', 0.3),True,all-sep) - (rank,mul,False,all-sep)",1317.17692307692,237.469680591121,Inf,5.54671619466596,0.000834830765319169,"(rank,('add', 0.3),True,all-sep)","(rank,mul,False,all-sep)"
"num_iters","(rank,('add', 0.3),True,all-sep) - (rank,mul,True,all-sep)",1279.42307692308,237.469680591121,Inf,5.38773233592716,0.00204638131046654,"(rank,('add', 0.3),True,all-sep)","(rank,mul,True,all-sep)"
"num_iters","(rank,('add', 0.3),True,all-sep) - score,('add', 0.1),False,add",-1377.05769230769,237.469680591121,Inf,-5.79887794045899,0.000191467968470774,"(rank,('add', 0.3),True,all-sep)","score,('add', 0.1),False,add"
"num_iters","(rank,('add', 0.3),True,all-sep) - (score,('add', 0.1),False,all-sep)",-1619.47307692308,237.469680591121,Inf,-6.81970461615061,2.61641592458754e-07,"(rank,('add', 0.3),True,all-sep)","(score,('add', 0.1),False,all-sep)"
"num_iters","(rank,('add', 0.3),True,all-sep) - (score,('add', 0.1),False,all-uni)",-1377.05769230769,237.469680591121,Inf,-5.79887794045899,0.000191467968470774,"(rank,('add', 0.3),True,all-sep)","(score,('add', 0.1),False,all-uni)"
"num_iters","(rank,('add', 0.3),True,all-sep) - score,('add', 0.1),False,del",-1383.37307692308,237.469680591121,Inf,-5.82547242864655,0.000163336218113894,"(rank,('add', 0.3),True,all-sep)","score,('add', 0.1),False,del"
"num_iters","(rank,('add', 0.3),True,all-sep) - score,('add', 0.1),True,add",-1200.63076923077,237.469680591121,Inf,-5.05593289316809,0.0122834125029634,"(rank,('add', 0.3),True,all-sep)","score,('add', 0.1),True,add"
"num_iters","(rank,('add', 0.3),True,all-sep) - (score,('add', 0.1),True,all-uni)",-1200.63076923077,237.469680591121,Inf,-5.05593289316809,0.0122834125029634,"(rank,('add', 0.3),True,all-sep)","(score,('add', 0.1),True,all-uni)"
"num_iters","(rank,('add', 0.3),True,all-sep) - (score,('add', 0.2),False,all-sep)",-1157.61923076923,237.469680591121,Inf,-4.87480855613917,0.0312365426651101,"(rank,('add', 0.3),True,all-sep)","(score,('add', 0.2),False,all-sep)"
"num_iters","(rank,('add', 0.3),True,all-uni) - (rank,mul,False,all-sep)",1550.97692307692,237.469680591121,Inf,6.53126293519306,1.87043468911184e-06,"(rank,('add', 0.3),True,all-uni)","(rank,mul,False,all-sep)"
"num_iters","(rank,('add', 0.3),True,all-uni) - rank,mul,True,add",1268.58076923077,237.469680591121,Inf,5.3420746853786,0.00263537017983913,"(rank,('add', 0.3),True,all-uni)","rank,mul,True,add"
"num_iters","(rank,('add', 0.3),True,all-uni) - (rank,mul,True,all-sep)",1513.22307692308,237.469680591121,Inf,6.37227907645427,5.34135140269417e-06,"(rank,('add', 0.3),True,all-uni)","(rank,mul,True,all-sep)"
"num_iters","(rank,('add', 0.3),True,all-uni) - (rank,mul,True,all-uni)",1268.58076923077,237.469680591121,Inf,5.3420746853786,0.00263537017983911,"(rank,('add', 0.3),True,all-uni)","(rank,mul,True,all-uni)"
"num_iters","(rank,('add', 0.3),True,all-uni) - rank,mul,True,del",1205.72307692308,237.469680591121,Inf,5.07737692627427,0.0109752976830988,"(rank,('add', 0.3),True,all-uni)","rank,mul,True,del"
"num_iters","(rank,('add', 0.3),True,all-uni) - score,('add', 0.1),False,add",-1143.25769230769,237.469680591121,Inf,-4.81433119993188,0.0423585484566533,"(rank,('add', 0.3),True,all-uni)","score,('add', 0.1),False,add"
"num_iters","(rank,('add', 0.3),True,all-uni) - (score,('add', 0.1),False,all-sep)",-1385.67307692308,237.469680591121,Inf,-5.8351578756235,0.000154125339582464,"(rank,('add', 0.3),True,all-uni)","(score,('add', 0.1),False,all-sep)"
"num_iters","(rank,('add', 0.3),True,all-uni) - (score,('add', 0.1),False,all-uni)",-1143.25769230769,237.469680591121,Inf,-4.81433119993189,0.0423585484566531,"(rank,('add', 0.3),True,all-uni)","(score,('add', 0.1),False,all-uni)"
"num_iters","(rank,('add', 0.3),True,all-uni) - score,('add', 0.1),False,del",-1149.57307692308,237.469680591121,Inf,-4.84092568811944,0.0370647980094316,"(rank,('add', 0.3),True,all-uni)","score,('add', 0.1),False,del"
"num_iters","(rank,('add', 0.3),True,all-uni) - (score,mul,True,all-sep)",1191.86538461538,237.469680591121,Inf,5.01902129841812,0.0148950704841249,"(rank,('add', 0.3),True,all-uni)","(score,mul,True,all-sep)"
"num_iters","rank,('add', 0.3),True,del - (rank,mul,False,all-sep)",1474.71538461538,237.469680591121,Inf,6.21012072338857,1.51843139637356e-05,"rank,('add', 0.3),True,del","(rank,mul,False,all-sep)"
"num_iters","rank,('add', 0.3),True,del - rank,mul,True,add",1192.31923076923,237.469680591121,Inf,5.02093247357411,0.0147476104396881,"rank,('add', 0.3),True,del","rank,mul,True,add"
"num_iters","rank,('add', 0.3),True,del - (rank,mul,True,all-sep)",1436.96153846154,237.469680591121,Inf,6.05113686464977,4.1249636962547e-05,"rank,('add', 0.3),True,del","(rank,mul,True,all-sep)"
"num_iters","rank,('add', 0.3),True,del - (rank,mul,True,all-uni)",1192.31923076923,237.469680591121,Inf,5.02093247357411,0.0147476104396881,"rank,('add', 0.3),True,del","(rank,mul,True,all-uni)"
"num_iters","rank,('add', 0.3),True,del - score,('add', 0.1),False,add",-1219.51923076923,237.469680591121,Inf,-5.13547341173637,0.00807154629293703,"rank,('add', 0.3),True,del","score,('add', 0.1),False,add"
"num_iters","rank,('add', 0.3),True,del - (score,('add', 0.1),False,all-sep)",-1461.93461538462,237.469680591121,Inf,-6.15630008742799,2.13562941971405e-05,"rank,('add', 0.3),True,del","(score,('add', 0.1),False,all-sep)"
"num_iters","rank,('add', 0.3),True,del - (score,('add', 0.1),False,all-uni)",-1219.51923076923,237.469680591121,Inf,-5.13547341173638,0.00807154629293695,"rank,('add', 0.3),True,del","(score,('add', 0.1),False,all-uni)"
"num_iters","rank,('add', 0.3),True,del - score,('add', 0.1),False,del",-1225.83461538462,237.469680591121,Inf,-5.16206789992393,0.00700470746098597,"rank,('add', 0.3),True,del","score,('add', 0.1),False,del"
"num_iters","rank,('add', 0.4),False,add - (rank,mul,False,all-sep)",1335.51153846154,237.469680591121,Inf,5.62392443168795,0.000535361913306745,"rank,('add', 0.4),False,add","(rank,mul,False,all-sep)"
"num_iters","rank,('add', 0.4),False,add - (rank,mul,True,all-sep)",1297.75769230769,237.469680591121,Inf,5.46494057294915,0.001328061554921,"rank,('add', 0.4),False,add","(rank,mul,True,all-sep)"
"num_iters","rank,('add', 0.4),False,add - score,('add', 0.1),False,add",-1358.72307692308,237.469680591121,Inf,-5.721669703437,0.000302523017512513,"rank,('add', 0.4),False,add","score,('add', 0.1),False,add"
"num_iters","rank,('add', 0.4),False,add - (score,('add', 0.1),False,all-sep)",-1601.13846153846,237.469680591121,Inf,-6.74249637912862,4.4651353916732e-07,"rank,('add', 0.4),False,add","(score,('add', 0.1),False,all-sep)"
"num_iters","rank,('add', 0.4),False,add - (score,('add', 0.1),False,all-uni)",-1358.72307692308,237.469680591121,Inf,-5.721669703437,0.000302523017512513,"rank,('add', 0.4),False,add","(score,('add', 0.1),False,all-uni)"
"num_iters","rank,('add', 0.4),False,add - score,('add', 0.1),False,del",-1365.03846153846,237.469680591121,Inf,-5.74826419162456,0.000258591156261619,"rank,('add', 0.4),False,add","score,('add', 0.1),False,del"
"num_iters","rank,('add', 0.4),False,add - score,('add', 0.1),True,add",-1182.29615384615,237.469680591121,Inf,-4.9787246561461,0.0183565252862403,"rank,('add', 0.4),False,add","score,('add', 0.1),True,add"
"num_iters","rank,('add', 0.4),False,add - (score,('add', 0.1),True,all-uni)",-1182.29615384615,237.469680591121,Inf,-4.97872465614611,0.0183565252862401,"rank,('add', 0.4),False,add","(score,('add', 0.1),True,all-uni)"
"num_iters","rank,('add', 0.4),False,add - (score,('add', 0.2),False,all-sep)",-1139.28461538462,237.469680591121,Inf,-4.79760031911718,0.0460537103851003,"rank,('add', 0.4),False,add","(score,('add', 0.2),False,all-sep)"
"num_iters","(rank,('add', 0.4),False,all-sep) - (rank,mul,False,all-sep)",1232.21923076923,237.469680591121,Inf,5.18895392330479,0.00606520945471833,"(rank,('add', 0.4),False,all-sep)","(rank,mul,False,all-sep)"
"num_iters","(rank,('add', 0.4),False,all-sep) - (rank,mul,True,all-sep)",1194.46538461538,237.469680591121,Inf,5.02997006456599,0.014069158127546,"(rank,('add', 0.4),False,all-sep)","(rank,mul,True,all-sep)"
"num_iters","(rank,('add', 0.4),False,all-sep) - score,('add', 0.1),False,add",-1462.01538461538,237.469680591121,Inf,-6.15664021182016,2.13104994928615e-05,"(rank,('add', 0.4),False,all-sep)","score,('add', 0.1),False,add"
"num_iters","(rank,('add', 0.4),False,all-sep) - (score,('add', 0.1),False,all-sep)",-1704.43076923077,237.469680591121,Inf,-7.17746688751178,2.03670589663825e-08,"(rank,('add', 0.4),False,all-sep)","(score,('add', 0.1),False,all-sep)"
"num_iters","(rank,('add', 0.4),False,all-sep) - (score,('add', 0.1),False,all-uni)",-1462.01538461538,237.469680591121,Inf,-6.15664021182016,2.13104994928615e-05,"(rank,('add', 0.4),False,all-sep)","(score,('add', 0.1),False,all-uni)"
"num_iters","(rank,('add', 0.4),False,all-sep) - score,('add', 0.1),False,del",-1468.33076923077,237.469680591121,Inf,-6.18323470000772,1.80113945603884e-05,"(rank,('add', 0.4),False,all-sep)","score,('add', 0.1),False,del"
"num_iters","(rank,('add', 0.4),False,all-sep) - score,('add', 0.1),True,add",-1285.58846153846,237.469680591121,Inf,-5.41369516452927,0.00177062389982179,"(rank,('add', 0.4),False,all-sep)","score,('add', 0.1),True,add"
"num_iters","(rank,('add', 0.4),False,all-sep) - (score,('add', 0.1),True,all-uni)",-1285.58846153846,237.469680591121,Inf,-5.41369516452927,0.00177062389982177,"(rank,('add', 0.4),False,all-sep)","(score,('add', 0.1),True,all-uni)"
"num_iters","(rank,('add', 0.4),False,all-sep) - score,('add', 0.1),True,del",-1140.64615384615,237.469680591121,Inf,-4.80333384458514,0.0447538164911297,"(rank,('add', 0.4),False,all-sep)","score,('add', 0.1),True,del"
"num_iters","(rank,('add', 0.4),False,all-sep) - (score,('add', 0.2),False,all-sep)",-1242.57692307692,237.469680591121,Inf,-5.23257082750034,0.00479439445713881,"(rank,('add', 0.4),False,all-sep)","(score,('add', 0.2),False,all-sep)"
"num_iters","(rank,('add', 0.4),False,all-uni) - (rank,mul,False,all-sep)",1335.51153846154,237.469680591121,Inf,5.62392443168795,0.00053536191330675,"(rank,('add', 0.4),False,all-uni)","(rank,mul,False,all-sep)"
"num_iters","(rank,('add', 0.4),False,all-uni) - (rank,mul,True,all-sep)",1297.75769230769,237.469680591121,Inf,5.46494057294915,0.001328061554921,"(rank,('add', 0.4),False,all-uni)","(rank,mul,True,all-sep)"
"num_iters","(rank,('add', 0.4),False,all-uni) - score,('add', 0.1),False,add",-1358.72307692308,237.469680591121,Inf,-5.721669703437,0.000302523017512512,"(rank,('add', 0.4),False,all-uni)","score,('add', 0.1),False,add"
"num_iters","(rank,('add', 0.4),False,all-uni) - (score,('add', 0.1),False,all-sep)",-1601.13846153846,237.469680591121,Inf,-6.74249637912862,4.4651353916732e-07,"(rank,('add', 0.4),False,all-uni)","(score,('add', 0.1),False,all-sep)"
"num_iters","(rank,('add', 0.4),False,all-uni) - (score,('add', 0.1),False,all-uni)",-1358.72307692308,237.469680591121,Inf,-5.721669703437,0.000302523017512512,"(rank,('add', 0.4),False,all-uni)","(score,('add', 0.1),False,all-uni)"
"num_iters","(rank,('add', 0.4),False,all-uni) - score,('add', 0.1),False,del",-1365.03846153846,237.469680591121,Inf,-5.74826419162456,0.000258591156261617,"(rank,('add', 0.4),False,all-uni)","score,('add', 0.1),False,del"
"num_iters","(rank,('add', 0.4),False,all-uni) - score,('add', 0.1),True,add",-1182.29615384615,237.469680591121,Inf,-4.97872465614611,0.0183565252862402,"(rank,('add', 0.4),False,all-uni)","score,('add', 0.1),True,add"
"num_iters","(rank,('add', 0.4),False,all-uni) - (score,('add', 0.1),True,all-uni)",-1182.29615384615,237.469680591121,Inf,-4.97872465614611,0.01835652528624,"(rank,('add', 0.4),False,all-uni)","(score,('add', 0.1),True,all-uni)"
"num_iters","(rank,('add', 0.4),False,all-uni) - (score,('add', 0.2),False,all-sep)",-1139.28461538462,237.469680591121,Inf,-4.79760031911718,0.0460537103851001,"(rank,('add', 0.4),False,all-uni)","(score,('add', 0.2),False,all-sep)"
"num_iters","rank,('add', 0.4),False,del - (rank,mul,False,all-sep)",1335.51153846154,237.469680591121,Inf,5.62392443168795,0.000535361913306747,"rank,('add', 0.4),False,del","(rank,mul,False,all-sep)"
"num_iters","rank,('add', 0.4),False,del - (rank,mul,True,all-sep)",1297.75769230769,237.469680591121,Inf,5.46494057294915,0.001328061554921,"rank,('add', 0.4),False,del","(rank,mul,True,all-sep)"
"num_iters","rank,('add', 0.4),False,del - score,('add', 0.1),False,add",-1358.72307692308,237.469680591121,Inf,-5.721669703437,0.000302523017512516,"rank,('add', 0.4),False,del","score,('add', 0.1),False,add"
"num_iters","rank,('add', 0.4),False,del - (score,('add', 0.1),False,all-sep)",-1601.13846153846,237.469680591121,Inf,-6.74249637912862,4.46513539167326e-07,"rank,('add', 0.4),False,del","(score,('add', 0.1),False,all-sep)"
"num_iters","rank,('add', 0.4),False,del - (score,('add', 0.1),False,all-uni)",-1358.72307692308,237.469680591121,Inf,-5.721669703437,0.000302523017512515,"rank,('add', 0.4),False,del","(score,('add', 0.1),False,all-uni)"
"num_iters","rank,('add', 0.4),False,del - score,('add', 0.1),False,del",-1365.03846153846,237.469680591121,Inf,-5.74826419162456,0.00025859115626162,"rank,('add', 0.4),False,del","score,('add', 0.1),False,del"
"num_iters","rank,('add', 0.4),False,del - score,('add', 0.1),True,add",-1182.29615384615,237.469680591121,Inf,-4.9787246561461,0.0183565252862404,"rank,('add', 0.4),False,del","score,('add', 0.1),True,add"
"num_iters","rank,('add', 0.4),False,del - (score,('add', 0.1),True,all-uni)",-1182.29615384615,237.469680591121,Inf,-4.97872465614611,0.0183565252862402,"rank,('add', 0.4),False,del","(score,('add', 0.1),True,all-uni)"
"num_iters","rank,('add', 0.4),False,del - (score,('add', 0.2),False,all-sep)",-1139.28461538462,237.469680591121,Inf,-4.79760031911718,0.0460537103851005,"rank,('add', 0.4),False,del","(score,('add', 0.2),False,all-sep)"
"num_iters","rank,('add', 0.4),True,add - (rank,mul,False,all-sep)",1485.37692307692,237.469680591121,Inf,6.25501714315466,1.13995040664844e-05,"rank,('add', 0.4),True,add","(rank,mul,False,all-sep)"
"num_iters","rank,('add', 0.4),True,add - rank,mul,True,add",1202.98076923077,237.469680591121,Inf,5.0658288933402,0.0116620637064749,"rank,('add', 0.4),True,add","rank,mul,True,add"
"num_iters","rank,('add', 0.4),True,add - (rank,mul,True,all-sep)",1447.62307692308,237.469680591121,Inf,6.09603328441587,3.11845622077314e-05,"rank,('add', 0.4),True,add","(rank,mul,True,all-sep)"
"num_iters","rank,('add', 0.4),True,add - (rank,mul,True,all-uni)",1202.98076923077,237.469680591121,Inf,5.0658288933402,0.0116620637064749,"rank,('add', 0.4),True,add","(rank,mul,True,all-uni)"
"num_iters","rank,('add', 0.4),True,add - rank,mul,True,del",1140.12307692308,237.469680591121,Inf,4.80113113423587,0.0452489828669889,"rank,('add', 0.4),True,add","rank,mul,True,del"
"num_iters","rank,('add', 0.4),True,add - score,('add', 0.1),False,add",-1208.85769230769,237.469680591121,Inf,-5.09057699197028,0.0102380598468317,"rank,('add', 0.4),True,add","score,('add', 0.1),False,add"
"num_iters","rank,('add', 0.4),True,add - (score,('add', 0.1),False,all-sep)",-1451.27307692308,237.469680591121,Inf,-6.1114036676619,2.83239691883964e-05,"rank,('add', 0.4),True,add","(score,('add', 0.1),False,all-sep)"
"num_iters","rank,('add', 0.4),True,add - (score,('add', 0.1),False,all-uni)",-1208.85769230769,237.469680591121,Inf,-5.09057699197029,0.0102380598468316,"rank,('add', 0.4),True,add","(score,('add', 0.1),False,all-uni)"
"num_iters","rank,('add', 0.4),True,add - score,('add', 0.1),False,del",-1215.17307692308,237.469680591121,Inf,-5.11717148015784,0.00889514853637521,"rank,('add', 0.4),True,add","score,('add', 0.1),False,del"
"num_iters","(rank,('add', 0.4),True,all-sep) - (rank,mul,False,all-sep)",1222.77307692308,237.469680591121,Inf,5.14917556582083,0.00750366027181239,"(rank,('add', 0.4),True,all-sep)","(rank,mul,False,all-sep)"
"num_iters","(rank,('add', 0.4),True,all-sep) - (rank,mul,True,all-sep)",1185.01923076923,237.469680591121,Inf,4.99019170708203,0.0172996035237245,"(rank,('add', 0.4),True,all-sep)","(rank,mul,True,all-sep)"
"num_iters","(rank,('add', 0.4),True,all-sep) - score,('add', 0.1),False,add",-1471.46153846154,237.469680591121,Inf,-6.19641856930412,1.65662539609931e-05,"(rank,('add', 0.4),True,all-sep)","score,('add', 0.1),False,add"
"num_iters","(rank,('add', 0.4),True,all-sep) - (score,('add', 0.1),False,all-sep)",-1713.87692307692,237.469680591121,Inf,-7.21724524499573,1.52150992526017e-08,"(rank,('add', 0.4),True,all-sep)","(score,('add', 0.1),False,all-sep)"
"num_iters","(rank,('add', 0.4),True,all-sep) - (score,('add', 0.1),False,all-uni)",-1471.46153846154,237.469680591121,Inf,-6.19641856930412,1.65662539609931e-05,"(rank,('add', 0.4),True,all-sep)","(score,('add', 0.1),False,all-uni)"
"num_iters","(rank,('add', 0.4),True,all-sep) - score,('add', 0.1),False,del",-1477.77692307692,237.469680591121,Inf,-6.22301305749168,1.39871434725298e-05,"(rank,('add', 0.4),True,all-sep)","score,('add', 0.1),False,del"
"num_iters","(rank,('add', 0.4),True,all-sep) - score,('add', 0.1),True,add",-1295.03461538461,237.469680591121,Inf,-5.45347352201322,0.00141665731629202,"(rank,('add', 0.4),True,all-sep)","score,('add', 0.1),True,add"
"num_iters","(rank,('add', 0.4),True,all-sep) - (score,('add', 0.1),True,all-uni)",-1295.03461538462,237.469680591121,Inf,-5.45347352201322,0.001416657316292,"(rank,('add', 0.4),True,all-sep)","(score,('add', 0.1),True,all-uni)"
"num_iters","(rank,('add', 0.4),True,all-sep) - score,('add', 0.1),True,del",-1150.09230769231,237.469680591121,Inf,-4.84311220206909,0.0366590799710526,"(rank,('add', 0.4),True,all-sep)","score,('add', 0.1),True,del"
"num_iters","(rank,('add', 0.4),True,all-sep) - (score,('add', 0.2),False,all-sep)",-1252.02307692308,237.469680591121,Inf,-5.27234918498429,0.00386286635693365,"(rank,('add', 0.4),True,all-sep)","(score,('add', 0.2),False,all-sep)"
"num_iters","(rank,('add', 0.4),True,all-uni) - (rank,mul,False,all-sep)",1485.37692307692,237.469680591121,Inf,6.25501714315466,1.13995040664844e-05,"(rank,('add', 0.4),True,all-uni)","(rank,mul,False,all-sep)"
"num_iters","(rank,('add', 0.4),True,all-uni) - rank,mul,True,add",1202.98076923077,237.469680591121,Inf,5.0658288933402,0.0116620637064749,"(rank,('add', 0.4),True,all-uni)","rank,mul,True,add"
"num_iters","(rank,('add', 0.4),True,all-uni) - (rank,mul,True,all-sep)",1447.62307692308,237.469680591121,Inf,6.09603328441587,3.11845622077314e-05,"(rank,('add', 0.4),True,all-uni)","(rank,mul,True,all-sep)"
"num_iters","(rank,('add', 0.4),True,all-uni) - (rank,mul,True,all-uni)",1202.98076923077,237.469680591121,Inf,5.0658288933402,0.0116620637064749,"(rank,('add', 0.4),True,all-uni)","(rank,mul,True,all-uni)"
"num_iters","(rank,('add', 0.4),True,all-uni) - rank,mul,True,del",1140.12307692308,237.469680591121,Inf,4.80113113423587,0.0452489828669889,"(rank,('add', 0.4),True,all-uni)","rank,mul,True,del"
"num_iters","(rank,('add', 0.4),True,all-uni) - score,('add', 0.1),False,add",-1208.85769230769,237.469680591121,Inf,-5.09057699197028,0.0102380598468317,"(rank,('add', 0.4),True,all-uni)","score,('add', 0.1),False,add"
"num_iters","(rank,('add', 0.4),True,all-uni) - (score,('add', 0.1),False,all-sep)",-1451.27307692308,237.469680591121,Inf,-6.1114036676619,2.83239691883964e-05,"(rank,('add', 0.4),True,all-uni)","(score,('add', 0.1),False,all-sep)"
"num_iters","(rank,('add', 0.4),True,all-uni) - (score,('add', 0.1),False,all-uni)",-1208.85769230769,237.469680591121,Inf,-5.09057699197029,0.0102380598468316,"(rank,('add', 0.4),True,all-uni)","(score,('add', 0.1),False,all-uni)"
"num_iters","(rank,('add', 0.4),True,all-uni) - score,('add', 0.1),False,del",-1215.17307692308,237.469680591121,Inf,-5.11717148015784,0.00889514853637521,"(rank,('add', 0.4),True,all-uni)","score,('add', 0.1),False,del"
"num_iters","rank,('add', 0.4),True,del - (rank,mul,False,all-sep)",1375.16538461538,237.469680591121,Inf,5.79090931184249,0.000200778272639445,"rank,('add', 0.4),True,del","(rank,mul,False,all-sep)"
"num_iters","rank,('add', 0.4),True,del - (rank,mul,True,all-sep)",1337.41153846154,237.469680591121,Inf,5.6319254531037,0.000511102598283019,"rank,('add', 0.4),True,del","(rank,mul,True,all-sep)"
"num_iters","rank,('add', 0.4),True,del - score,('add', 0.1),False,add",-1319.06923076923,237.469680591121,Inf,-5.55468482328245,0.000797628396729257,"rank,('add', 0.4),True,del","score,('add', 0.1),False,add"
"num_iters","rank,('add', 0.4),True,del - (score,('add', 0.1),False,all-sep)",-1561.48461538462,237.469680591121,Inf,-6.57551149897407,1.39058410042976e-06,"rank,('add', 0.4),True,del","(score,('add', 0.1),False,all-sep)"
"num_iters","rank,('add', 0.4),True,del - (score,('add', 0.1),False,all-uni)",-1319.06923076923,237.469680591121,Inf,-5.55468482328245,0.000797628396729252,"rank,('add', 0.4),True,del","(score,('add', 0.1),False,all-uni)"
"num_iters","rank,('add', 0.4),True,del - score,('add', 0.1),False,del",-1325.38461538462,237.469680591121,Inf,-5.58127931147001,0.000684751815541955,"rank,('add', 0.4),True,del","score,('add', 0.1),False,del"
"num_iters","rank,('add', 0.4),True,del - score,('add', 0.1),True,add",-1142.64230769231,237.469680591121,Inf,-4.81173977599156,0.0429116146137798,"rank,('add', 0.4),True,del","score,('add', 0.1),True,add"
"num_iters","rank,('add', 0.4),True,del - (score,('add', 0.1),True,all-uni)",-1142.64230769231,237.469680591121,Inf,-4.81173977599156,0.0429116146137792,"rank,('add', 0.4),True,del","(score,('add', 0.1),True,all-uni)"
"num_iters","rank,('add', 0.5),False,add - (rank,mul,False,all-sep)",1410.66923076923,237.469680591121,Inf,5.94041827679949,8.1536023014326e-05,"rank,('add', 0.5),False,add","(rank,mul,False,all-sep)"
"num_iters","rank,('add', 0.5),False,add - (rank,mul,True,all-sep)",1372.91538461538,237.469680591121,Inf,5.78143441806069,0.000212422305238524,"rank,('add', 0.5),False,add","(rank,mul,True,all-sep)"
"num_iters","rank,('add', 0.5),False,add - score,('add', 0.1),False,add",-1283.56538461538,237.469680591121,Inf,-5.40517585832546,0.00185688194392073,"rank,('add', 0.5),False,add","score,('add', 0.1),False,add"
"num_iters","rank,('add', 0.5),False,add - (score,('add', 0.1),False,all-sep)",-1525.98076923077,237.469680591121,Inf,-6.42600253401708,3.75717232669728e-06,"rank,('add', 0.5),False,add","(score,('add', 0.1),False,all-sep)"
"num_iters","rank,('add', 0.5),False,add - (score,('add', 0.1),False,all-uni)",-1283.56538461538,237.469680591121,Inf,-5.40517585832546,0.00185688194392073,"rank,('add', 0.5),False,add","(score,('add', 0.1),False,all-uni)"
"num_iters","rank,('add', 0.5),False,add - score,('add', 0.1),False,del",-1289.88076923077,237.469680591121,Inf,-5.43177034651302,0.00160027810749979,"rank,('add', 0.5),False,add","score,('add', 0.1),False,del"
"num_iters","(rank,('add', 0.5),False,all-sep) - (rank,mul,False,all-sep)",1143.13461538462,237.469680591121,Inf,4.81381291514382,0.0424686104934583,"(rank,('add', 0.5),False,all-sep)","(rank,mul,False,all-sep)"
"num_iters","(rank,('add', 0.5),False,all-sep) - score,('add', 0.1),False,add",-1551.1,237.469680591121,Inf,-6.53178121998113,1.86397194354776e-06,"(rank,('add', 0.5),False,all-sep)","score,('add', 0.1),False,add"
"num_iters","(rank,('add', 0.5),False,all-sep) - (score,('add', 0.1),False,all-sep)",-1793.51538461538,237.469680591121,Inf,-7.55260789567275,1.22356895112651e-09,"(rank,('add', 0.5),False,all-sep)","(score,('add', 0.1),False,all-sep)"
"num_iters","(rank,('add', 0.5),False,all-sep) - (score,('add', 0.1),False,all-uni)",-1551.1,237.469680591121,Inf,-6.53178121998113,1.86397194354774e-06,"(rank,('add', 0.5),False,all-sep)","(score,('add', 0.1),False,all-uni)"
"num_iters","(rank,('add', 0.5),False,all-sep) - score,('add', 0.1),False,del",-1557.41538461538,237.469680591121,Inf,-6.55837570816869,1.56010648608145e-06,"(rank,('add', 0.5),False,all-sep)","score,('add', 0.1),False,del"
"num_iters","(rank,('add', 0.5),False,all-sep) - score,('add', 0.1),True,add",-1374.67307692308,237.469680591121,Inf,-5.78883617269023,0.000203271743891008,"(rank,('add', 0.5),False,all-sep)","score,('add', 0.1),True,add"
"num_iters","(rank,('add', 0.5),False,all-sep) - (score,('add', 0.1),True,all-sep)",-1209.72692307692,237.469680591121,Inf,-5.09423737828599,0.0100422397502608,"(rank,('add', 0.5),False,all-sep)","(score,('add', 0.1),True,all-sep)"
"num_iters","(rank,('add', 0.5),False,all-sep) - (score,('add', 0.1),True,all-uni)",-1374.67307692308,237.469680591121,Inf,-5.78883617269024,0.000203271743891006,"(rank,('add', 0.5),False,all-sep)","(score,('add', 0.1),True,all-uni)"
"num_iters","(rank,('add', 0.5),False,all-sep) - score,('add', 0.1),True,del",-1229.73076923077,237.469680591121,Inf,-5.1784748527461,0.00641592312914803,"(rank,('add', 0.5),False,all-sep)","score,('add', 0.1),True,del"
"num_iters","(rank,('add', 0.5),False,all-sep) - (score,('add', 0.2),False,all-sep)",-1331.66153846154,237.469680591121,Inf,-5.60771183566131,0.000587994500572504,"(rank,('add', 0.5),False,all-sep)","(score,('add', 0.2),False,all-sep)"
"num_iters","(rank,('add', 0.5),False,all-uni) - (rank,mul,False,all-sep)",1397.27692307692,237.469680591121,Inf,5.88402241329822,0.000114838614397218,"(rank,('add', 0.5),False,all-uni)","(rank,mul,False,all-sep)"
"num_iters","(rank,('add', 0.5),False,all-uni) - (rank,mul,True,all-sep)",1359.52307692308,237.469680591121,Inf,5.72503855455942,0.000296580607552629,"(rank,('add', 0.5),False,all-uni)","(rank,mul,True,all-sep)"
"num_iters","(rank,('add', 0.5),False,all-uni) - score,('add', 0.1),False,add",-1296.95769230769,237.469680591121,Inf,-5.46157172182673,0.00135351677337601,"(rank,('add', 0.5),False,all-uni)","score,('add', 0.1),False,add"
"num_iters","(rank,('add', 0.5),False,all-uni) - (score,('add', 0.1),False,all-sep)",-1539.37307692308,237.469680591121,Inf,-6.48239839751835,2.58911215591567e-06,"(rank,('add', 0.5),False,all-uni)","(score,('add', 0.1),False,all-sep)"
"num_iters","(rank,('add', 0.5),False,all-uni) - (score,('add', 0.1),False,all-uni)",-1296.95769230769,237.469680591121,Inf,-5.46157172182673,0.00135351677337601,"(rank,('add', 0.5),False,all-uni)","(score,('add', 0.1),False,all-uni)"
"num_iters","(rank,('add', 0.5),False,all-uni) - score,('add', 0.1),False,del",-1303.27307692308,237.469680591121,Inf,-5.48816621001429,0.00116477462592426,"(rank,('add', 0.5),False,all-uni)","score,('add', 0.1),False,del"
"num_iters","rank,('add', 0.5),False,del - (rank,mul,False,all-sep)",1397.27692307692,237.469680591121,Inf,5.88402241329821,0.000114838614397219,"rank,('add', 0.5),False,del","(rank,mul,False,all-sep)"
"num_iters","rank,('add', 0.5),False,del - (rank,mul,True,all-sep)",1359.52307692308,237.469680591121,Inf,5.72503855455942,0.000296580607552631,"rank,('add', 0.5),False,del","(rank,mul,True,all-sep)"
"num_iters","rank,('add', 0.5),False,del - score,('add', 0.1),False,add",-1296.95769230769,237.469680591121,Inf,-5.46157172182673,0.00135351677337603,"rank,('add', 0.5),False,del","score,('add', 0.1),False,add"
"num_iters","rank,('add', 0.5),False,del - (score,('add', 0.1),False,all-sep)",-1539.37307692308,237.469680591121,Inf,-6.48239839751835,2.5891121559157e-06,"rank,('add', 0.5),False,del","(score,('add', 0.1),False,all-sep)"
"num_iters","rank,('add', 0.5),False,del - (score,('add', 0.1),False,all-uni)",-1296.95769230769,237.469680591121,Inf,-5.46157172182673,0.00135351677337602,"rank,('add', 0.5),False,del","(score,('add', 0.1),False,all-uni)"
"num_iters","rank,('add', 0.5),False,del - score,('add', 0.1),False,del",-1303.27307692308,237.469680591121,Inf,-5.48816621001429,0.00116477462592426,"rank,('add', 0.5),False,del","score,('add', 0.1),False,del"
"num_iters","rank,('add', 0.5),True,add - (rank,mul,False,all-sep)",1342.9,237.469680591121,Inf,5.65503771537145,0.000446868972614105,"rank,('add', 0.5),True,add","(rank,mul,False,all-sep)"
"num_iters","rank,('add', 0.5),True,add - (rank,mul,True,all-sep)",1305.14615384615,237.469680591121,Inf,5.49605385663265,0.00111388514061976,"rank,('add', 0.5),True,add","(rank,mul,True,all-sep)"
"num_iters","rank,('add', 0.5),True,add - score,('add', 0.1),False,add",-1351.33461538462,237.469680591121,Inf,-5.6905564197535,0.00036316354934745,"rank,('add', 0.5),True,add","score,('add', 0.1),False,add"
"num_iters","rank,('add', 0.5),True,add - (score,('add', 0.1),False,all-sep)",-1593.75,237.469680591121,Inf,-6.71138309544512,5.52916606415999e-07,"rank,('add', 0.5),True,add","(score,('add', 0.1),False,all-sep)"
"num_iters","rank,('add', 0.5),True,add - (score,('add', 0.1),False,all-uni)",-1351.33461538462,237.469680591121,Inf,-5.6905564197535,0.000363163549347448,"rank,('add', 0.5),True,add","(score,('add', 0.1),False,all-uni)"
"num_iters","rank,('add', 0.5),True,add - score,('add', 0.1),False,del",-1357.65,237.469680591121,Inf,-5.71715090794106,0.000310675843012513,"rank,('add', 0.5),True,add","score,('add', 0.1),False,del"
"num_iters","rank,('add', 0.5),True,add - score,('add', 0.1),True,add",-1174.90769230769,237.469680591121,Inf,-4.9476113724626,0.0215472032923113,"rank,('add', 0.5),True,add","score,('add', 0.1),True,add"
"num_iters","rank,('add', 0.5),True,add - (score,('add', 0.1),True,all-uni)",-1174.90769230769,237.469680591121,Inf,-4.94761137246261,0.0215472032923111,"rank,('add', 0.5),True,add","(score,('add', 0.1),True,all-uni)"
"num_iters","(rank,('add', 0.5),True,all-sep) - (rank,mul,False,all-sep)",1213.60384615385,237.469680591121,Inf,5.11056334911002,0.00921200405215535,"(rank,('add', 0.5),True,all-sep)","(rank,mul,False,all-sep)"
"num_iters","(rank,('add', 0.5),True,all-sep) - (rank,mul,True,all-sep)",1175.85,237.469680591121,Inf,4.95157949037123,0.0211123628891751,"(rank,('add', 0.5),True,all-sep)","(rank,mul,True,all-sep)"
"num_iters","(rank,('add', 0.5),True,all-sep) - score,('add', 0.1),False,add",-1480.63076923077,237.469680591121,Inf,-6.23503078601492,1.29544477707112e-05,"(rank,('add', 0.5),True,all-sep)","score,('add', 0.1),False,add"
"num_iters","(rank,('add', 0.5),True,all-sep) - (score,('add', 0.1),False,all-sep)",-1723.04615384615,237.469680591121,Inf,-7.25585746170654,1.14469113904338e-08,"(rank,('add', 0.5),True,all-sep)","(score,('add', 0.1),False,all-sep)"
"num_iters","(rank,('add', 0.5),True,all-sep) - (score,('add', 0.1),False,all-uni)",-1480.63076923077,237.469680591121,Inf,-6.23503078601492,1.29544477707111e-05,"(rank,('add', 0.5),True,all-sep)","(score,('add', 0.1),False,all-uni)"
"num_iters","(rank,('add', 0.5),True,all-sep) - score,('add', 0.1),False,del",-1486.94615384615,237.469680591121,Inf,-6.26162527420248,1.09266661614501e-05,"(rank,('add', 0.5),True,all-sep)","score,('add', 0.1),False,del"
"num_iters","(rank,('add', 0.5),True,all-sep) - score,('add', 0.1),True,add",-1304.20384615385,237.469680591121,Inf,-5.49208573872403,0.00113921107136648,"(rank,('add', 0.5),True,all-sep)","score,('add', 0.1),True,add"
"num_iters","(rank,('add', 0.5),True,all-sep) - (score,('add', 0.1),True,all-sep)",-1139.25769230769,237.469680591121,Inf,-4.79748694431979,0.0460797768762664,"(rank,('add', 0.5),True,all-sep)","(score,('add', 0.1),True,all-sep)"
"num_iters","(rank,('add', 0.5),True,all-sep) - (score,('add', 0.1),True,all-uni)",-1304.20384615385,237.469680591121,Inf,-5.49208573872403,0.00113921107136647,"(rank,('add', 0.5),True,all-sep)","(score,('add', 0.1),True,all-uni)"
"num_iters","(rank,('add', 0.5),True,all-sep) - score,('add', 0.1),True,del",-1159.26153846154,237.469680591121,Inf,-4.8817244187799,0.0301605053727864,"(rank,('add', 0.5),True,all-sep)","score,('add', 0.1),True,del"
"num_iters","(rank,('add', 0.5),True,all-sep) - (score,('add', 0.2),False,all-sep)",-1261.19230769231,237.469680591121,Inf,-5.3109614016951,0.00312750887734398,"(rank,('add', 0.5),True,all-sep)","(score,('add', 0.2),False,all-sep)"
"num_iters","(rank,('add', 0.5),True,all-uni) - (rank,mul,False,all-sep)",1376.35384615385,237.469680591121,Inf,5.79591399932724,0.000194880829625424,"(rank,('add', 0.5),True,all-uni)","(rank,mul,False,all-sep)"
"num_iters","(rank,('add', 0.5),True,all-uni) - (rank,mul,True,all-sep)",1338.6,237.469680591121,Inf,5.63693014058845,0.000496474591265059,"(rank,('add', 0.5),True,all-uni)","(rank,mul,True,all-sep)"
"num_iters","(rank,('add', 0.5),True,all-uni) - score,('add', 0.1),False,add",-1317.88076923077,237.469680591121,Inf,-5.54968013579771,0.000820800756420074,"(rank,('add', 0.5),True,all-uni)","score,('add', 0.1),False,add"
"num_iters","(rank,('add', 0.5),True,all-uni) - (score,('add', 0.1),False,all-sep)",-1560.29615384615,237.469680591121,Inf,-6.57050681148932,1.43813823978335e-06,"(rank,('add', 0.5),True,all-uni)","(score,('add', 0.1),False,all-sep)"
"num_iters","(rank,('add', 0.5),True,all-uni) - (score,('add', 0.1),False,all-uni)",-1317.88076923077,237.469680591121,Inf,-5.54968013579771,0.000820800756420069,"(rank,('add', 0.5),True,all-uni)","(score,('add', 0.1),False,all-uni)"
"num_iters","(rank,('add', 0.5),True,all-uni) - score,('add', 0.1),False,del",-1324.19615384615,237.469680591121,Inf,-5.57627462398526,0.000704736164196691,"(rank,('add', 0.5),True,all-uni)","score,('add', 0.1),False,del"
"num_iters","(rank,('add', 0.5),True,all-uni) - score,('add', 0.1),True,add",-1141.45384615385,237.469680591121,Inf,-4.80673508850681,0.0439994389354074,"(rank,('add', 0.5),True,all-uni)","score,('add', 0.1),True,add"
"num_iters","(rank,('add', 0.5),True,all-uni) - (score,('add', 0.1),True,all-uni)",-1141.45384615385,237.469680591121,Inf,-4.80673508850681,0.0439994389354071,"(rank,('add', 0.5),True,all-uni)","(score,('add', 0.1),True,all-uni)"
"num_iters","rank,('add', 0.5),True,del - (rank,mul,False,all-sep)",1331.04230769231,237.469680591121,Inf,5.60510421532136,0.000596915967859538,"rank,('add', 0.5),True,del","(rank,mul,False,all-sep)"
"num_iters","rank,('add', 0.5),True,del - (rank,mul,True,all-sep)",1293.28846153846,237.469680591121,Inf,5.44612035658256,0.00147645526930427,"rank,('add', 0.5),True,del","(rank,mul,True,all-sep)"
"num_iters","rank,('add', 0.5),True,del - score,('add', 0.1),False,add",-1363.19230769231,237.469680591121,Inf,-5.74048991980359,0.000270747920204186,"rank,('add', 0.5),True,del","score,('add', 0.1),False,add"
"num_iters","rank,('add', 0.5),True,del - (score,('add', 0.1),False,all-sep)",-1605.60769230769,237.469680591121,Inf,-6.76131659549521,3.92179903593805e-07,"rank,('add', 0.5),True,del","(score,('add', 0.1),False,all-sep)"
"num_iters","rank,('add', 0.5),True,del - (score,('add', 0.1),False,all-uni)",-1363.19230769231,237.469680591121,Inf,-5.74048991980359,0.000270747920204186,"rank,('add', 0.5),True,del","(score,('add', 0.1),False,all-uni)"
"num_iters","rank,('add', 0.5),True,del - score,('add', 0.1),False,del",-1369.50769230769,237.469680591121,Inf,-5.76708440799115,0.000231317572116027,"rank,('add', 0.5),True,del","score,('add', 0.1),False,del"
"num_iters","rank,('add', 0.5),True,del - score,('add', 0.1),True,add",-1186.76538461538,237.469680591121,Inf,-4.9975448725127,0.0166529932236632,"rank,('add', 0.5),True,del","score,('add', 0.1),True,add"
"num_iters","rank,('add', 0.5),True,del - (score,('add', 0.1),True,all-uni)",-1186.76538461538,237.469680591121,Inf,-4.9975448725127,0.0166529932236632,"rank,('add', 0.5),True,del","(score,('add', 0.1),True,all-uni)"
"num_iters","rank,('add', 0.5),True,del - (score,('add', 0.2),False,all-sep)",-1143.75384615385,237.469680591121,Inf,-4.81642053548377,0.0419176357195667,"rank,('add', 0.5),True,del","(score,('add', 0.2),False,all-sep)"
"num_iters","rank,('add', 0.6),False,add - (rank,mul,False,all-sep)",1254.50769230769,237.469680591121,Inf,5.28281205914335,0.00364855148714235,"rank,('add', 0.6),False,add","(rank,mul,False,all-sep)"
"num_iters","rank,('add', 0.6),False,add - (rank,mul,True,all-sep)",1216.75384615385,237.469680591121,Inf,5.12382820040455,0.00858661412394272,"rank,('add', 0.6),False,add","(rank,mul,True,all-sep)"
"num_iters","rank,('add', 0.6),False,add - score,('add', 0.1),False,add",-1439.72692307692,237.469680591121,Inf,-6.0627820759816,3.83700787138862e-05,"rank,('add', 0.6),False,add","score,('add', 0.1),False,add"
"num_iters","rank,('add', 0.6),False,add - (score,('add', 0.1),False,all-sep)",-1682.14230769231,237.469680591121,Inf,-7.08360875167322,4.02805087884699e-08,"rank,('add', 0.6),False,add","(score,('add', 0.1),False,all-sep)"
"num_iters","rank,('add', 0.6),False,add - (score,('add', 0.1),False,all-uni)",-1439.72692307692,237.469680591121,Inf,-6.0627820759816,3.83700787138862e-05,"rank,('add', 0.6),False,add","(score,('add', 0.1),False,all-uni)"
"num_iters","rank,('add', 0.6),False,add - score,('add', 0.1),False,del",-1446.04230769231,237.469680591121,Inf,-6.08937656416916,3.25091299473476e-05,"rank,('add', 0.6),False,add","score,('add', 0.1),False,del"
"num_iters","rank,('add', 0.6),False,add - score,('add', 0.1),True,add",-1263.3,237.469680591121,Inf,-5.31983702869071,0.00297871183481276,"rank,('add', 0.6),False,add","score,('add', 0.1),True,add"
"num_iters","rank,('add', 0.6),False,add - (score,('add', 0.1),True,all-uni)",-1263.3,237.469680591121,Inf,-5.31983702869071,0.00297871183481273,"rank,('add', 0.6),False,add","(score,('add', 0.1),True,all-uni)"
"num_iters","rank,('add', 0.6),False,add - (score,('add', 0.2),False,all-sep)",-1220.28846153846,237.469680591121,Inf,-5.13871269166178,0.00793366144928573,"rank,('add', 0.6),False,add","(score,('add', 0.2),False,all-sep)"
"num_iters","(rank,('add', 0.6),False,all-sep) - (rank,mul,False,all-sep)",1194.78846153846,237.469680591121,Inf,5.03133056213466,0.0139696688076912,"(rank,('add', 0.6),False,all-sep)","(rank,mul,False,all-sep)"
"num_iters","(rank,('add', 0.6),False,all-sep) - (rank,mul,True,all-sep)",1157.03461538462,237.469680591121,Inf,4.87234670339586,0.0316284242536139,"(rank,('add', 0.6),False,all-sep)","(rank,mul,True,all-sep)"
"num_iters","(rank,('add', 0.6),False,all-sep) - score,('add', 0.1),False,add",-1499.44615384615,237.469680591121,Inf,-6.31426357299029,7.78521356735138e-06,"(rank,('add', 0.6),False,all-sep)","score,('add', 0.1),False,add"
"num_iters","(rank,('add', 0.6),False,all-sep) - (score,('add', 0.1),False,all-sep)",-1741.86153846154,237.469680591121,Inf,-7.33509024868191,6.35468860108709e-09,"(rank,('add', 0.6),False,all-sep)","(score,('add', 0.1),False,all-sep)"
"num_iters","(rank,('add', 0.6),False,all-sep) - (score,('add', 0.1),False,all-uni)",-1499.44615384615,237.469680591121,Inf,-6.31426357299029,7.78521356735134e-06,"(rank,('add', 0.6),False,all-sep)","(score,('add', 0.1),False,all-uni)"
"num_iters","(rank,('add', 0.6),False,all-sep) - score,('add', 0.1),False,del",-1505.76153846154,237.469680591121,Inf,-6.34085806117785,6.55306385089886e-06,"(rank,('add', 0.6),False,all-sep)","score,('add', 0.1),False,del"
"num_iters","(rank,('add', 0.6),False,all-sep) - score,('add', 0.1),True,add",-1323.01923076923,237.469680591121,Inf,-5.5713185256994,0.000725083798601062,"(rank,('add', 0.6),False,all-sep)","score,('add', 0.1),True,add"
"num_iters","(rank,('add', 0.6),False,all-sep) - (score,('add', 0.1),True,all-sep)",-1158.07307692308,237.469680591121,Inf,-4.87671973129515,0.0309355448481471,"(rank,('add', 0.6),False,all-sep)","(score,('add', 0.1),True,all-sep)"
"num_iters","(rank,('add', 0.6),False,all-sep) - (score,('add', 0.1),True,all-uni)",-1323.01923076923,237.469680591121,Inf,-5.5713185256994,0.000725083798601054,"(rank,('add', 0.6),False,all-sep)","(score,('add', 0.1),True,all-uni)"
"num_iters","(rank,('add', 0.6),False,all-sep) - score,('add', 0.1),True,del",-1178.07692307692,237.469680591121,Inf,-4.96095720575527,0.020118058121309,"(rank,('add', 0.6),False,all-sep)","score,('add', 0.1),True,del"
"num_iters","(rank,('add', 0.6),False,all-sep) - (score,('add', 0.2),False,all-sep)",-1280.00769230769,237.469680591121,Inf,-5.39019418867047,0.00201854397853264,"(rank,('add', 0.6),False,all-sep)","(score,('add', 0.2),False,all-sep)"
"num_iters","(rank,('add', 0.6),False,all-uni) - (rank,mul,False,all-sep)",1254.50769230769,237.469680591121,Inf,5.28281205914335,0.00364855148714235,"(rank,('add', 0.6),False,all-uni)","(rank,mul,False,all-sep)"
"num_iters","(rank,('add', 0.6),False,all-uni) - (rank,mul,True,all-sep)",1216.75384615385,237.469680591121,Inf,5.12382820040455,0.00858661412394272,"(rank,('add', 0.6),False,all-uni)","(rank,mul,True,all-sep)"
"num_iters","(rank,('add', 0.6),False,all-uni) - score,('add', 0.1),False,add",-1439.72692307692,237.469680591121,Inf,-6.0627820759816,3.83700787138864e-05,"(rank,('add', 0.6),False,all-uni)","score,('add', 0.1),False,add"
"num_iters","(rank,('add', 0.6),False,all-uni) - (score,('add', 0.1),False,all-sep)",-1682.14230769231,237.469680591121,Inf,-7.08360875167322,4.02805087884699e-08,"(rank,('add', 0.6),False,all-uni)","(score,('add', 0.1),False,all-sep)"
"num_iters","(rank,('add', 0.6),False,all-uni) - (score,('add', 0.1),False,all-uni)",-1439.72692307692,237.469680591121,Inf,-6.0627820759816,3.83700787138864e-05,"(rank,('add', 0.6),False,all-uni)","(score,('add', 0.1),False,all-uni)"
"num_iters","(rank,('add', 0.6),False,all-uni) - score,('add', 0.1),False,del",-1446.04230769231,237.469680591121,Inf,-6.08937656416916,3.25091299473476e-05,"(rank,('add', 0.6),False,all-uni)","score,('add', 0.1),False,del"
"num_iters","(rank,('add', 0.6),False,all-uni) - score,('add', 0.1),True,add",-1263.3,237.469680591121,Inf,-5.31983702869071,0.00297871183481278,"(rank,('add', 0.6),False,all-uni)","score,('add', 0.1),True,add"
"num_iters","(rank,('add', 0.6),False,all-uni) - (score,('add', 0.1),True,all-uni)",-1263.3,237.469680591121,Inf,-5.31983702869071,0.00297871183481275,"(rank,('add', 0.6),False,all-uni)","(score,('add', 0.1),True,all-uni)"
"num_iters","(rank,('add', 0.6),False,all-uni) - (score,('add', 0.2),False,all-sep)",-1220.28846153846,237.469680591121,Inf,-5.13871269166178,0.00793366144928573,"(rank,('add', 0.6),False,all-uni)","(score,('add', 0.2),False,all-sep)"
"num_iters","rank,('add', 0.6),False,del - (rank,mul,False,all-sep)",1287.96153846154,237.469680591121,Inf,5.42368834309914,0.00167438537069117,"rank,('add', 0.6),False,del","(rank,mul,False,all-sep)"
"num_iters","rank,('add', 0.6),False,del - (rank,mul,True,all-sep)",1250.20769230769,237.469680591121,Inf,5.26470448436034,0.00402710319997292,"rank,('add', 0.6),False,del","(rank,mul,True,all-sep)"
"num_iters","rank,('add', 0.6),False,del - score,('add', 0.1),False,add",-1406.27307692308,237.469680591121,Inf,-5.92190579202581,9.12689146837298e-05,"rank,('add', 0.6),False,del","score,('add', 0.1),False,add"
"num_iters","rank,('add', 0.6),False,del - (score,('add', 0.1),False,all-sep)",-1648.68846153846,237.469680591121,Inf,-6.94273246771743,1.10299649136947e-07,"rank,('add', 0.6),False,del","(score,('add', 0.1),False,all-sep)"
"num_iters","rank,('add', 0.6),False,del - (score,('add', 0.1),False,all-uni)",-1406.27307692308,237.469680591121,Inf,-5.92190579202581,9.12689146837293e-05,"rank,('add', 0.6),False,del","(score,('add', 0.1),False,all-uni)"
"num_iters","rank,('add', 0.6),False,del - score,('add', 0.1),False,del",-1412.58846153846,237.469680591121,Inf,-5.94850028021337,7.7611069914131e-05,"rank,('add', 0.6),False,del","score,('add', 0.1),False,del"
"num_iters","rank,('add', 0.6),False,del - score,('add', 0.1),True,add",-1229.84615384615,237.469680591121,Inf,-5.17896074473491,0.00639923677062829,"rank,('add', 0.6),False,del","score,('add', 0.1),True,add"
"num_iters","rank,('add', 0.6),False,del - (score,('add', 0.1),True,all-uni)",-1229.84615384615,237.469680591121,Inf,-5.17896074473491,0.00639923677062823,"rank,('add', 0.6),False,del","(score,('add', 0.1),True,all-uni)"
"num_iters","rank,('add', 0.6),False,del - (score,('add', 0.2),False,all-sep)",-1186.83461538462,237.469680591121,Inf,-4.99783640770598,0.016627842947175,"rank,('add', 0.6),False,del","(score,('add', 0.2),False,all-sep)"
"num_iters","rank,('add', 0.6),True,add - (rank,mul,False,all-sep)",1213.51153846154,237.469680591121,Inf,5.11017463551897,0.00923097808371023,"rank,('add', 0.6),True,add","(rank,mul,False,all-sep)"
"num_iters","rank,('add', 0.6),True,add - (rank,mul,True,all-sep)",1175.75769230769,237.469680591121,Inf,4.95119077678018,0.0211545831205347,"rank,('add', 0.6),True,add","(rank,mul,True,all-sep)"
"num_iters","rank,('add', 0.6),True,add - score,('add', 0.1),False,add",-1480.72307692308,237.469680591121,Inf,-6.23541949960597,1.29223191908814e-05,"rank,('add', 0.6),True,add","score,('add', 0.1),False,add"
"num_iters","rank,('add', 0.6),True,add - (score,('add', 0.1),False,all-sep)",-1723.13846153846,237.469680591121,Inf,-7.25624617529759,1.14140803759729e-08,"rank,('add', 0.6),True,add","(score,('add', 0.1),False,all-sep)"
"num_iters","rank,('add', 0.6),True,add - (score,('add', 0.1),False,all-uni)",-1480.72307692308,237.469680591121,Inf,-6.23541949960597,1.29223191908814e-05,"rank,('add', 0.6),True,add","(score,('add', 0.1),False,all-uni)"
"num_iters","rank,('add', 0.6),True,add - score,('add', 0.1),False,del",-1487.03846153846,237.469680591121,Inf,-6.26201398779353,1.08994565650834e-05,"rank,('add', 0.6),True,add","score,('add', 0.1),False,del"
"num_iters","rank,('add', 0.6),True,add - score,('add', 0.1),True,add",-1304.29615384615,237.469680591121,Inf,-5.49247445231508,0.00113670570092482,"rank,('add', 0.6),True,add","score,('add', 0.1),True,add"
"num_iters","rank,('add', 0.6),True,add - (score,('add', 0.1),True,all-sep)",-1139.35,237.469680591121,Inf,-4.79787565791083,0.0459904650466342,"rank,('add', 0.6),True,add","(score,('add', 0.1),True,all-sep)"
"num_iters","rank,('add', 0.6),True,add - (score,('add', 0.1),True,all-uni)",-1304.29615384615,237.469680591121,Inf,-5.49247445231508,0.00113670570092481,"rank,('add', 0.6),True,add","(score,('add', 0.1),True,all-uni)"
"num_iters","rank,('add', 0.6),True,add - score,('add', 0.1),True,del",-1159.35384615385,237.469680591121,Inf,-4.88211313237095,0.0301010966286746,"rank,('add', 0.6),True,add","score,('add', 0.1),True,del"
"num_iters","rank,('add', 0.6),True,add - (score,('add', 0.2),False,all-sep)",-1261.28461538462,237.469680591121,Inf,-5.31135011528615,0.00312084421580472,"rank,('add', 0.6),True,add","(score,('add', 0.2),False,all-sep)"
"num_iters","(rank,('add', 0.6),True,all-sep) - score,('add', 0.1),False,add",-1619.87307692308,237.469680591121,Inf,-6.82138904171182,2.58591490707798e-07,"(rank,('add', 0.6),True,all-sep)","score,('add', 0.1),False,add"
"num_iters","(rank,('add', 0.6),True,all-sep) - (score,('add', 0.1),False,all-sep)",-1862.28846153846,237.469680591121,Inf,-7.84221571740343,1.26956338000157e-10,"(rank,('add', 0.6),True,all-sep)","(score,('add', 0.1),False,all-sep)"
"num_iters","(rank,('add', 0.6),True,all-sep) - (score,('add', 0.1),False,all-uni)",-1619.87307692308,237.469680591121,Inf,-6.82138904171182,2.58591490707798e-07,"(rank,('add', 0.6),True,all-sep)","(score,('add', 0.1),False,all-uni)"
"num_iters","(rank,('add', 0.6),True,all-sep) - score,('add', 0.1),False,del",-1626.18846153846,237.469680591121,Inf,-6.84798352989938,2.14807996802466e-07,"(rank,('add', 0.6),True,all-sep)","score,('add', 0.1),False,del"
"num_iters","(rank,('add', 0.6),True,all-sep) - score,('add', 0.1),True,add",-1443.44615384615,237.469680591121,Inf,-6.07844399442092,3.48044282297736e-05,"(rank,('add', 0.6),True,all-sep)","score,('add', 0.1),True,add"
"num_iters","(rank,('add', 0.6),True,all-sep) - (score,('add', 0.1),True,all-sep)",-1278.5,237.469680591121,Inf,-5.38384520001668,0.0020910936333516,"(rank,('add', 0.6),True,all-sep)","(score,('add', 0.1),True,all-sep)"
"num_iters","(rank,('add', 0.6),True,all-sep) - (score,('add', 0.1),True,all-uni)",-1443.44615384615,237.469680591121,Inf,-6.07844399442092,3.48044282297734e-05,"(rank,('add', 0.6),True,all-sep)","(score,('add', 0.1),True,all-uni)"
"num_iters","(rank,('add', 0.6),True,all-sep) - score,('add', 0.1),True,del",-1298.50384615385,237.469680591121,Inf,-5.46808267447679,0.00130473836155971,"(rank,('add', 0.6),True,all-sep)","score,('add', 0.1),True,del"
"num_iters","(rank,('add', 0.6),True,all-sep) - (score,('add', 0.2),False,all-sep)",-1400.43461538462,237.469680591121,Inf,-5.89731965739199,0.00010595932380022,"(rank,('add', 0.6),True,all-sep)","(score,('add', 0.2),False,all-sep)"
"num_iters","(rank,('add', 0.6),True,all-uni) - (rank,mul,False,all-sep)",1213.51153846154,237.469680591121,Inf,5.11017463551897,0.00923097808371023,"(rank,('add', 0.6),True,all-uni)","(rank,mul,False,all-sep)"
"num_iters","(rank,('add', 0.6),True,all-uni) - (rank,mul,True,all-sep)",1175.75769230769,237.469680591121,Inf,4.95119077678018,0.0211545831205347,"(rank,('add', 0.6),True,all-uni)","(rank,mul,True,all-sep)"
"num_iters","(rank,('add', 0.6),True,all-uni) - score,('add', 0.1),False,add",-1480.72307692308,237.469680591121,Inf,-6.23541949960597,1.29223191908814e-05,"(rank,('add', 0.6),True,all-uni)","score,('add', 0.1),False,add"
"num_iters","(rank,('add', 0.6),True,all-uni) - (score,('add', 0.1),False,all-sep)",-1723.13846153846,237.469680591121,Inf,-7.25624617529759,1.14140803759729e-08,"(rank,('add', 0.6),True,all-uni)","(score,('add', 0.1),False,all-sep)"
"num_iters","(rank,('add', 0.6),True,all-uni) - (score,('add', 0.1),False,all-uni)",-1480.72307692308,237.469680591121,Inf,-6.23541949960597,1.29223191908814e-05,"(rank,('add', 0.6),True,all-uni)","(score,('add', 0.1),False,all-uni)"
"num_iters","(rank,('add', 0.6),True,all-uni) - score,('add', 0.1),False,del",-1487.03846153846,237.469680591121,Inf,-6.26201398779353,1.08994565650834e-05,"(rank,('add', 0.6),True,all-uni)","score,('add', 0.1),False,del"
"num_iters","(rank,('add', 0.6),True,all-uni) - score,('add', 0.1),True,add",-1304.29615384615,237.469680591121,Inf,-5.49247445231508,0.00113670570092482,"(rank,('add', 0.6),True,all-uni)","score,('add', 0.1),True,add"
"num_iters","(rank,('add', 0.6),True,all-uni) - (score,('add', 0.1),True,all-sep)",-1139.35,237.469680591121,Inf,-4.79787565791083,0.0459904650466342,"(rank,('add', 0.6),True,all-uni)","(score,('add', 0.1),True,all-sep)"
"num_iters","(rank,('add', 0.6),True,all-uni) - (score,('add', 0.1),True,all-uni)",-1304.29615384615,237.469680591121,Inf,-5.49247445231508,0.00113670570092481,"(rank,('add', 0.6),True,all-uni)","(score,('add', 0.1),True,all-uni)"
"num_iters","(rank,('add', 0.6),True,all-uni) - score,('add', 0.1),True,del",-1159.35384615385,237.469680591121,Inf,-4.88211313237095,0.0301010966286746,"(rank,('add', 0.6),True,all-uni)","score,('add', 0.1),True,del"
"num_iters","(rank,('add', 0.6),True,all-uni) - (score,('add', 0.2),False,all-sep)",-1261.28461538462,237.469680591121,Inf,-5.31135011528615,0.00312084421580472,"(rank,('add', 0.6),True,all-uni)","(score,('add', 0.2),False,all-sep)"
"num_iters","rank,('add', 0.6),True,del - (rank,mul,False,all-sep)",1219.28846153846,237.469680591121,Inf,5.13450162775875,0.00811336108110123,"rank,('add', 0.6),True,del","(rank,mul,False,all-sep)"
"num_iters","rank,('add', 0.6),True,del - (rank,mul,True,all-sep)",1181.53461538462,237.469680591121,Inf,4.97551776901996,0.0186630696073808,"rank,('add', 0.6),True,del","(rank,mul,True,all-sep)"
"num_iters","rank,('add', 0.6),True,del - score,('add', 0.1),False,add",-1474.94615384615,237.469680591121,Inf,-6.21109250736619,1.50906946253836e-05,"rank,('add', 0.6),True,del","score,('add', 0.1),False,add"
"num_iters","rank,('add', 0.6),True,del - (score,('add', 0.1),False,all-sep)",-1717.36153846154,237.469680591121,Inf,-7.23191918305781,1.36578629038151e-08,"rank,('add', 0.6),True,del","(score,('add', 0.1),False,all-sep)"
"num_iters","rank,('add', 0.6),True,del - (score,('add', 0.1),False,all-uni)",-1474.94615384615,237.469680591121,Inf,-6.21109250736619,1.50906946253836e-05,"rank,('add', 0.6),True,del","(score,('add', 0.1),False,all-uni)"
"num_iters","rank,('add', 0.6),True,del - score,('add', 0.1),False,del",-1481.26153846154,237.469680591121,Inf,-6.23768699555375,1.27364467699917e-05,"rank,('add', 0.6),True,del","score,('add', 0.1),False,del"
"num_iters","rank,('add', 0.6),True,del - score,('add', 0.1),True,add",-1298.51923076923,237.469680591121,Inf,-5.4681474600753,0.00130426167395241,"rank,('add', 0.6),True,del","score,('add', 0.1),True,add"
"num_iters","rank,('add', 0.6),True,del - (score,('add', 0.1),True,all-uni)",-1298.51923076923,237.469680591121,Inf,-5.4681474600753,0.0013042616739524,"rank,('add', 0.6),True,del","(score,('add', 0.1),True,all-uni)"
"num_iters","rank,('add', 0.6),True,del - score,('add', 0.1),True,del",-1153.57692307692,237.469680591121,Inf,-4.85778614013117,0.0340447431544005,"rank,('add', 0.6),True,del","score,('add', 0.1),True,del"
"num_iters","rank,('add', 0.6),True,del - (score,('add', 0.2),False,all-sep)",-1255.50769230769,237.469680591121,Inf,-5.28702312304637,0.00356558162200974,"rank,('add', 0.6),True,del","(score,('add', 0.2),False,all-sep)"
"num_iters","rank,('add', 0.7),False,add - score,('add', 0.1),False,add",-1587.45,237.469680591121,Inf,-6.68485339285606,6.6295523308841e-07,"rank,('add', 0.7),False,add","score,('add', 0.1),False,add"
"num_iters","rank,('add', 0.7),False,add - (score,('add', 0.1),False,all-sep)",-1829.86538461538,237.469680591121,Inf,-7.70568006854768,3.73265368297189e-10,"rank,('add', 0.7),False,add","(score,('add', 0.1),False,all-sep)"
"num_iters","rank,('add', 0.7),False,add - (score,('add', 0.1),False,all-uni)",-1587.45,237.469680591121,Inf,-6.68485339285606,6.6295523308841e-07,"rank,('add', 0.7),False,add","(score,('add', 0.1),False,all-uni)"
"num_iters","rank,('add', 0.7),False,add - score,('add', 0.1),False,del",-1593.76538461538,237.469680591121,Inf,-6.71144788104362,5.52671128027401e-07,"rank,('add', 0.7),False,add","score,('add', 0.1),False,del"
"num_iters","rank,('add', 0.7),False,add - score,('add', 0.1),True,add",-1411.02307692308,237.469680591121,Inf,-5.94190834556517,8.0798137119739e-05,"rank,('add', 0.7),False,add","score,('add', 0.1),True,add"
"num_iters","rank,('add', 0.7),False,add - (score,('add', 0.1),True,all-sep)",-1246.07692307692,237.469680591121,Inf,-5.24730955116093,0.00442636963972329,"rank,('add', 0.7),False,add","(score,('add', 0.1),True,all-sep)"
"num_iters","rank,('add', 0.7),False,add - (score,('add', 0.1),True,all-uni)",-1411.02307692308,237.469680591121,Inf,-5.94190834556517,8.07981371197377e-05,"rank,('add', 0.7),False,add","(score,('add', 0.1),True,all-uni)"
"num_iters","rank,('add', 0.7),False,add - score,('add', 0.1),True,del",-1266.08076923077,237.469680591121,Inf,-5.33154702562104,0.00279284681971021,"rank,('add', 0.7),False,add","score,('add', 0.1),True,del"
"num_iters","rank,('add', 0.7),False,add - (score,('add', 0.2),False,all-sep)",-1368.01153846154,237.469680591121,Inf,-5.76078400853624,0.000240120785165902,"rank,('add', 0.7),False,add","(score,('add', 0.2),False,all-sep)"
"num_iters","(rank,('add', 0.7),False,all-sep) - score,('add', 0.1),False,add",-1609.99230769231,237.469680591121,Inf,-6.77978049107001,3.45188494371612e-07,"(rank,('add', 0.7),False,all-sep)","score,('add', 0.1),False,add"
"num_iters","(rank,('add', 0.7),False,all-sep) - (score,('add', 0.1),False,all-sep)",-1852.40769230769,237.469680591121,Inf,-7.80060716676163,1.76697540856626e-10,"(rank,('add', 0.7),False,all-sep)","(score,('add', 0.1),False,all-sep)"
"num_iters","(rank,('add', 0.7),False,all-sep) - (score,('add', 0.1),False,all-uni)",-1609.99230769231,237.469680591121,Inf,-6.77978049107001,3.45188494371612e-07,"(rank,('add', 0.7),False,all-sep)","(score,('add', 0.1),False,all-uni)"
"num_iters","(rank,('add', 0.7),False,all-sep) - score,('add', 0.1),False,del",-1616.30769230769,237.469680591121,Inf,-6.80637497925757,2.87054188680492e-07,"(rank,('add', 0.7),False,all-sep)","score,('add', 0.1),False,del"
"num_iters","(rank,('add', 0.7),False,all-sep) - score,('add', 0.1),True,add",-1433.56538461538,237.469680591121,Inf,-6.03683544377912,4.50751652263212e-05,"(rank,('add', 0.7),False,all-sep)","score,('add', 0.1),True,add"
"num_iters","(rank,('add', 0.7),False,all-sep) - (score,('add', 0.1),True,all-sep)",-1268.61923076923,237.469680591121,Inf,-5.34223664937487,0.00263301592455431,"(rank,('add', 0.7),False,all-sep)","(score,('add', 0.1),True,all-sep)"
"num_iters","(rank,('add', 0.7),False,all-sep) - (score,('add', 0.1),True,all-uni)",-1433.56538461538,237.469680591121,Inf,-6.03683544377912,4.50751652263208e-05,"(rank,('add', 0.7),False,all-sep)","(score,('add', 0.1),True,all-uni)"
"num_iters","(rank,('add', 0.7),False,all-sep) - score,('add', 0.1),True,del",-1288.62307692308,237.469680591121,Inf,-5.42647412383499,0.00164847344303838,"(rank,('add', 0.7),False,all-sep)","score,('add', 0.1),True,del"
"num_iters","(rank,('add', 0.7),False,all-sep) - (score,('add', 0.2),False,all-sep)",-1390.55384615385,237.469680591121,Inf,-5.85571110675019,0.000136222328223063,"(rank,('add', 0.7),False,all-sep)","(score,('add', 0.2),False,all-sep)"
"num_iters","(rank,('add', 0.7),False,all-uni) - score,('add', 0.1),False,add",-1587.45,237.469680591121,Inf,-6.68485339285606,6.6295523308841e-07,"(rank,('add', 0.7),False,all-uni)","score,('add', 0.1),False,add"
"num_iters","(rank,('add', 0.7),False,all-uni) - (score,('add', 0.1),False,all-sep)",-1829.86538461538,237.469680591121,Inf,-7.70568006854768,3.73265368297189e-10,"(rank,('add', 0.7),False,all-uni)","(score,('add', 0.1),False,all-sep)"
"num_iters","(rank,('add', 0.7),False,all-uni) - (score,('add', 0.1),False,all-uni)",-1587.45,237.469680591121,Inf,-6.68485339285606,6.6295523308841e-07,"(rank,('add', 0.7),False,all-uni)","(score,('add', 0.1),False,all-uni)"
"num_iters","(rank,('add', 0.7),False,all-uni) - score,('add', 0.1),False,del",-1593.76538461538,237.469680591121,Inf,-6.71144788104362,5.52671128027401e-07,"(rank,('add', 0.7),False,all-uni)","score,('add', 0.1),False,del"
"num_iters","(rank,('add', 0.7),False,all-uni) - score,('add', 0.1),True,add",-1411.02307692308,237.469680591121,Inf,-5.94190834556517,8.0798137119739e-05,"(rank,('add', 0.7),False,all-uni)","score,('add', 0.1),True,add"
"num_iters","(rank,('add', 0.7),False,all-uni) - (score,('add', 0.1),True,all-sep)",-1246.07692307692,237.469680591121,Inf,-5.24730955116093,0.00442636963972329,"(rank,('add', 0.7),False,all-uni)","(score,('add', 0.1),True,all-sep)"
"num_iters","(rank,('add', 0.7),False,all-uni) - (score,('add', 0.1),True,all-uni)",-1411.02307692308,237.469680591121,Inf,-5.94190834556517,8.07981371197377e-05,"(rank,('add', 0.7),False,all-uni)","(score,('add', 0.1),True,all-uni)"
"num_iters","(rank,('add', 0.7),False,all-uni) - score,('add', 0.1),True,del",-1266.08076923077,237.469680591121,Inf,-5.33154702562104,0.00279284681971021,"(rank,('add', 0.7),False,all-uni)","score,('add', 0.1),True,del"
"num_iters","(rank,('add', 0.7),False,all-uni) - (score,('add', 0.2),False,all-sep)",-1368.01153846154,237.469680591121,Inf,-5.76078400853624,0.000240120785165902,"(rank,('add', 0.7),False,all-uni)","(score,('add', 0.2),False,all-sep)"
"num_iters","rank,('add', 0.7),False,del - score,('add', 0.1),False,add",-1587.45,237.469680591121,Inf,-6.68485339285606,6.6295523308841e-07,"rank,('add', 0.7),False,del","score,('add', 0.1),False,add"
"num_iters","rank,('add', 0.7),False,del - (score,('add', 0.1),False,all-sep)",-1829.86538461538,237.469680591121,Inf,-7.70568006854768,3.73265368297189e-10,"rank,('add', 0.7),False,del","(score,('add', 0.1),False,all-sep)"
"num_iters","rank,('add', 0.7),False,del - (score,('add', 0.1),False,all-uni)",-1587.45,237.469680591121,Inf,-6.68485339285606,6.6295523308841e-07,"rank,('add', 0.7),False,del","(score,('add', 0.1),False,all-uni)"
"num_iters","rank,('add', 0.7),False,del - score,('add', 0.1),False,del",-1593.76538461538,237.469680591121,Inf,-6.71144788104362,5.52671128027401e-07,"rank,('add', 0.7),False,del","score,('add', 0.1),False,del"
"num_iters","rank,('add', 0.7),False,del - score,('add', 0.1),True,add",-1411.02307692308,237.469680591121,Inf,-5.94190834556517,8.0798137119739e-05,"rank,('add', 0.7),False,del","score,('add', 0.1),True,add"
"num_iters","rank,('add', 0.7),False,del - (score,('add', 0.1),True,all-sep)",-1246.07692307692,237.469680591121,Inf,-5.24730955116093,0.00442636963972329,"rank,('add', 0.7),False,del","(score,('add', 0.1),True,all-sep)"
"num_iters","rank,('add', 0.7),False,del - (score,('add', 0.1),True,all-uni)",-1411.02307692308,237.469680591121,Inf,-5.94190834556517,8.07981371197377e-05,"rank,('add', 0.7),False,del","(score,('add', 0.1),True,all-uni)"
"num_iters","rank,('add', 0.7),False,del - score,('add', 0.1),True,del",-1266.08076923077,237.469680591121,Inf,-5.33154702562104,0.00279284681971021,"rank,('add', 0.7),False,del","score,('add', 0.1),True,del"
"num_iters","rank,('add', 0.7),False,del - (score,('add', 0.2),False,all-sep)",-1368.01153846154,237.469680591121,Inf,-5.76078400853624,0.000240120785165902,"rank,('add', 0.7),False,del","(score,('add', 0.2),False,all-sep)"
"num_iters","rank,('add', 0.7),True,add - score,('add', 0.1),False,add",-1582.98076923077,237.469680591121,Inf,-6.66603317648947,7.53738720277616e-07,"rank,('add', 0.7),True,add","score,('add', 0.1),False,add"
"num_iters","rank,('add', 0.7),True,add - (score,('add', 0.1),False,all-sep)",-1825.39615384615,237.469680591121,Inf,-7.68685985218109,4.3246616575306e-10,"rank,('add', 0.7),True,add","(score,('add', 0.1),False,all-sep)"
"num_iters","rank,('add', 0.7),True,add - (score,('add', 0.1),False,all-uni)",-1582.98076923077,237.469680591121,Inf,-6.66603317648947,7.53738720277607e-07,"rank,('add', 0.7),True,add","(score,('add', 0.1),False,all-uni)"
"num_iters","rank,('add', 0.7),True,add - score,('add', 0.1),False,del",-1589.29615384615,237.469680591121,Inf,-6.69262766467703,6.28660920981322e-07,"rank,('add', 0.7),True,add","score,('add', 0.1),False,del"
"num_iters","rank,('add', 0.7),True,add - score,('add', 0.1),True,add",-1406.55384615385,237.469680591121,Inf,-5.92308812919858,9.06148642298589e-05,"rank,('add', 0.7),True,add","score,('add', 0.1),True,add"
"num_iters","rank,('add', 0.7),True,add - (score,('add', 0.1),True,all-sep)",-1241.60769230769,237.469680591121,Inf,-5.22848933479433,0.00490143180644533,"rank,('add', 0.7),True,add","(score,('add', 0.1),True,all-sep)"
"num_iters","rank,('add', 0.7),True,add - (score,('add', 0.1),True,all-uni)",-1406.55384615385,237.469680591121,Inf,-5.92308812919858,9.06148642298579e-05,"rank,('add', 0.7),True,add","(score,('add', 0.1),True,all-uni)"
"num_iters","rank,('add', 0.7),True,add - score,('add', 0.1),True,del",-1261.61153846154,237.469680591121,Inf,-5.31272680925445,0.00309735056965641,"rank,('add', 0.7),True,add","score,('add', 0.1),True,del"
"num_iters","rank,('add', 0.7),True,add - (score,('add', 0.2),False,all-sep)",-1363.54230769231,237.469680591121,Inf,-5.74196379216965,0.000268401308621692,"rank,('add', 0.7),True,add","(score,('add', 0.2),False,all-sep)"
"num_iters","(rank,('add', 0.7),True,all-sep) - score,('add', 0.1),False,add",-1638.40769230769,237.469680591121,Inf,-6.89943949151441,1.49732887976409e-07,"(rank,('add', 0.7),True,all-sep)","score,('add', 0.1),False,add"
"num_iters","(rank,('add', 0.7),True,all-sep) - (score,('add', 0.1),False,all-sep)",-1880.82307692308,237.469680591121,Inf,-7.92026616720603,6.79723708416292e-11,"(rank,('add', 0.7),True,all-sep)","(score,('add', 0.1),False,all-sep)"
"num_iters","(rank,('add', 0.7),True,all-sep) - (score,('add', 0.1),False,all-uni)",-1638.40769230769,237.469680591121,Inf,-6.89943949151441,1.49732887976408e-07,"(rank,('add', 0.7),True,all-sep)","(score,('add', 0.1),False,all-uni)"
"num_iters","(rank,('add', 0.7),True,all-sep) - score,('add', 0.1),False,del",-1644.72307692308,237.469680591121,Inf,-6.92603397970197,1.24127770784623e-07,"(rank,('add', 0.7),True,all-sep)","score,('add', 0.1),False,del"
"num_iters","(rank,('add', 0.7),True,all-sep) - score,('add', 0.1),True,add",-1461.98076923077,237.469680591121,Inf,-6.15649444422352,2.13301140533232e-05,"(rank,('add', 0.7),True,all-sep)","score,('add', 0.1),True,add"
"num_iters","(rank,('add', 0.7),True,all-sep) - (score,('add', 0.1),True,all-sep)",-1297.03461538462,237.469680591121,Inf,-5.46189564981927,0.00135104874923766,"(rank,('add', 0.7),True,all-sep)","(score,('add', 0.1),True,all-sep)"
"num_iters","(rank,('add', 0.7),True,all-sep) - (score,('add', 0.1),True,all-uni)",-1461.98076923077,237.469680591121,Inf,-6.15649444422352,2.1330114053323e-05,"(rank,('add', 0.7),True,all-sep)","(score,('add', 0.1),True,all-uni)"
"num_iters","(rank,('add', 0.7),True,all-sep) - score,('add', 0.1),True,del",-1317.03846153846,237.469680591121,Inf,-5.54613312427939,0.000837618025286815,"(rank,('add', 0.7),True,all-sep)","score,('add', 0.1),True,del"
"num_iters","(rank,('add', 0.7),True,all-sep) - (score,('add', 0.2),False,all-sep)",-1418.96923076923,237.469680591121,Inf,-5.97537010719459,6.58402153411469e-05,"(rank,('add', 0.7),True,all-sep)","(score,('add', 0.2),False,all-sep)"
"num_iters","(rank,('add', 0.7),True,all-uni) - score,('add', 0.1),False,add",-1582.98076923077,237.469680591121,Inf,-6.66603317648947,7.53738720277612e-07,"(rank,('add', 0.7),True,all-uni)","score,('add', 0.1),False,add"
"num_iters","(rank,('add', 0.7),True,all-uni) - (score,('add', 0.1),False,all-sep)",-1825.39615384615,237.469680591121,Inf,-7.68685985218109,4.32466165753057e-10,"(rank,('add', 0.7),True,all-uni)","(score,('add', 0.1),False,all-sep)"
"num_iters","(rank,('add', 0.7),True,all-uni) - (score,('add', 0.1),False,all-uni)",-1582.98076923077,237.469680591121,Inf,-6.66603317648947,7.53738720277607e-07,"(rank,('add', 0.7),True,all-uni)","(score,('add', 0.1),False,all-uni)"
"num_iters","(rank,('add', 0.7),True,all-uni) - score,('add', 0.1),False,del",-1589.29615384615,237.469680591121,Inf,-6.69262766467703,6.28660920981318e-07,"(rank,('add', 0.7),True,all-uni)","score,('add', 0.1),False,del"
"num_iters","(rank,('add', 0.7),True,all-uni) - score,('add', 0.1),True,add",-1406.55384615385,237.469680591121,Inf,-5.92308812919858,9.06148642298589e-05,"(rank,('add', 0.7),True,all-uni)","score,('add', 0.1),True,add"
"num_iters","(rank,('add', 0.7),True,all-uni) - (score,('add', 0.1),True,all-sep)",-1241.60769230769,237.469680591121,Inf,-5.22848933479433,0.0049014318064453,"(rank,('add', 0.7),True,all-uni)","(score,('add', 0.1),True,all-sep)"
"num_iters","(rank,('add', 0.7),True,all-uni) - (score,('add', 0.1),True,all-uni)",-1406.55384615385,237.469680591121,Inf,-5.92308812919858,9.06148642298579e-05,"(rank,('add', 0.7),True,all-uni)","(score,('add', 0.1),True,all-uni)"
"num_iters","(rank,('add', 0.7),True,all-uni) - score,('add', 0.1),True,del",-1261.61153846154,237.469680591121,Inf,-5.31272680925445,0.00309735056965639,"(rank,('add', 0.7),True,all-uni)","score,('add', 0.1),True,del"
"num_iters","(rank,('add', 0.7),True,all-uni) - (score,('add', 0.2),False,all-sep)",-1363.54230769231,237.469680591121,Inf,-5.74196379216965,0.000268401308621692,"(rank,('add', 0.7),True,all-uni)","(score,('add', 0.2),False,all-sep)"
"num_iters","rank,('add', 0.7),True,del - (rank,mul,False,all-sep)",1144.82307692308,237.469680591121,Inf,4.82092313458008,0.0409824046139344,"rank,('add', 0.7),True,del","(rank,mul,False,all-sep)"
"num_iters","rank,('add', 0.7),True,del - score,('add', 0.1),False,add",-1549.41153846154,237.469680591121,Inf,-6.52467100054487,1.95456949599082e-06,"rank,('add', 0.7),True,del","score,('add', 0.1),False,add"
"num_iters","rank,('add', 0.7),True,del - (score,('add', 0.1),False,all-sep)",-1791.82692307692,237.469680591121,Inf,-7.54549767623649,1.29221625356814e-09,"rank,('add', 0.7),True,del","(score,('add', 0.1),False,all-sep)"
"num_iters","rank,('add', 0.7),True,del - (score,('add', 0.1),False,all-uni)",-1549.41153846154,237.469680591121,Inf,-6.52467100054487,1.95456949599081e-06,"rank,('add', 0.7),True,del","(score,('add', 0.1),False,all-uni)"
"num_iters","rank,('add', 0.7),True,del - score,('add', 0.1),False,del",-1555.72692307692,237.469680591121,Inf,-6.55126548873243,1.6362377848477e-06,"rank,('add', 0.7),True,del","score,('add', 0.1),False,del"
"num_iters","rank,('add', 0.7),True,del - score,('add', 0.1),True,add",-1372.98461538461,237.469680591121,Inf,-5.78172595325397,0.000212054429452037,"rank,('add', 0.7),True,del","score,('add', 0.1),True,add"
"num_iters","rank,('add', 0.7),True,del - (score,('add', 0.1),True,all-sep)",-1208.03846153846,237.469680591121,Inf,-5.08712715884973,0.0104259861164833,"rank,('add', 0.7),True,del","(score,('add', 0.1),True,all-sep)"
"num_iters","rank,('add', 0.7),True,del - (score,('add', 0.1),True,all-uni)",-1372.98461538462,237.469680591121,Inf,-5.78172595325398,0.000212054429452035,"rank,('add', 0.7),True,del","(score,('add', 0.1),True,all-uni)"
"num_iters","rank,('add', 0.7),True,del - score,('add', 0.1),True,del",-1228.04230769231,237.469680591121,Inf,-5.17136463330984,0.00666496211592644,"rank,('add', 0.7),True,del","score,('add', 0.1),True,del"
"num_iters","rank,('add', 0.7),True,del - (score,('add', 0.2),False,all-sep)",-1329.97307692308,237.469680591121,Inf,-5.60060161622505,0.000612631024945908,"rank,('add', 0.7),True,del","(score,('add', 0.2),False,all-sep)"
"num_iters","rank,('add', 0.8),False,add - score,('add', 0.1),False,add",-1698.81538461538,237.469680591121,Inf,-7.15382014405634,2.42046664002505e-08,"rank,('add', 0.8),False,add","score,('add', 0.1),False,add"
"num_iters","rank,('add', 0.8),False,add - (score,('add', 0.1),False,all-sep)",-1941.23076923077,237.469680591121,Inf,-8.17464681974796,8.5103251302753e-12,"rank,('add', 0.8),False,add","(score,('add', 0.1),False,all-sep)"
"num_iters","rank,('add', 0.8),False,add - (score,('add', 0.1),False,all-uni)",-1698.81538461538,237.469680591121,Inf,-7.15382014405634,2.42046664002505e-08,"rank,('add', 0.8),False,add","(score,('add', 0.1),False,all-uni)"
"num_iters","rank,('add', 0.8),False,add - score,('add', 0.1),False,del",-1705.13076923077,237.469680591121,Inf,-7.1804146322439,1.99326904719346e-08,"rank,('add', 0.8),False,add","score,('add', 0.1),False,del"
"num_iters","rank,('add', 0.8),False,add - score,('add', 0.1),True,add",-1522.38846153846,237.469680591121,Inf,-6.41087509676544,4.1496146013604e-06,"rank,('add', 0.8),False,add","score,('add', 0.1),True,add"
"num_iters","rank,('add', 0.8),False,add - (score,('add', 0.1),True,all-sep)",-1357.44230769231,237.469680591121,Inf,-5.7162763023612,0.000312278288270754,"rank,('add', 0.8),False,add","(score,('add', 0.1),True,all-sep)"
"num_iters","rank,('add', 0.8),False,add - (score,('add', 0.1),True,all-uni)",-1522.38846153846,237.469680591121,Inf,-6.41087509676545,4.14961460136035e-06,"rank,('add', 0.8),False,add","(score,('add', 0.1),True,all-uni)"
"num_iters","rank,('add', 0.8),False,add - score,('add', 0.1),True,del",-1377.44615384615,237.469680591121,Inf,-5.80051377682131,0.000189609335893678,"rank,('add', 0.8),False,add","score,('add', 0.1),True,del"
"num_iters","rank,('add', 0.8),False,add - score,('add', 0.2),False,add",-1160.31923076923,237.469680591121,Inf,-4.88617842867733,0.0294864905200606,"rank,('add', 0.8),False,add","score,('add', 0.2),False,add"
"num_iters","rank,('add', 0.8),False,add - (score,('add', 0.2),False,all-sep)",-1479.37692307692,237.469680591121,Inf,-6.22975075973652,1.33986598746151e-05,"rank,('add', 0.8),False,add","(score,('add', 0.2),False,all-sep)"
"num_iters","rank,('add', 0.8),False,add - (score,('add', 0.2),False,all-uni)",-1157.2,237.469680591121,Inf,-4.87304314857982,0.0315170857025763,"rank,('add', 0.8),False,add","(score,('add', 0.2),False,all-uni)"
"num_iters","rank,('add', 0.8),False,add - score,('add', 0.2),False,del",-1140.85769230769,237.469680591121,Inf,-4.80422464656462,0.0445550482935669,"rank,('add', 0.8),False,add","score,('add', 0.2),False,del"
"num_iters","(rank,('add', 0.8),False,all-sep) - score,('add', 0.1),False,add",-1683.13461538462,237.469680591121,Inf,-7.08778742277699,3.90831179513681e-08,"(rank,('add', 0.8),False,all-sep)","score,('add', 0.1),False,add"
"num_iters","(rank,('add', 0.8),False,all-sep) - (score,('add', 0.1),False,all-sep)",-1925.55,237.469680591121,Inf,-8.10861409846861,1.46842669202377e-11,"(rank,('add', 0.8),False,all-sep)","(score,('add', 0.1),False,all-sep)"
"num_iters","(rank,('add', 0.8),False,all-sep) - (score,('add', 0.1),False,all-uni)",-1683.13461538462,237.469680591121,Inf,-7.08778742277699,3.90831179513678e-08,"(rank,('add', 0.8),False,all-sep)","(score,('add', 0.1),False,all-uni)"
"num_iters","(rank,('add', 0.8),False,all-sep) - score,('add', 0.1),False,del",-1689.45,237.469680591121,Inf,-7.11438191096455,3.22407571140982e-08,"(rank,('add', 0.8),False,all-sep)","score,('add', 0.1),False,del"
"num_iters","(rank,('add', 0.8),False,all-sep) - score,('add', 0.1),True,add",-1506.70769230769,237.469680591121,Inf,-6.3448423754861,6.38569647820682e-06,"(rank,('add', 0.8),False,all-sep)","score,('add', 0.1),True,add"
"num_iters","(rank,('add', 0.8),False,all-sep) - (score,('add', 0.1),True,all-sep)",-1341.76153846154,237.469680591121,Inf,-5.65024358108185,0.000459512796443997,"(rank,('add', 0.8),False,all-sep)","(score,('add', 0.1),True,all-sep)"
"num_iters","(rank,('add', 0.8),False,all-sep) - (score,('add', 0.1),True,all-uni)",-1506.70769230769,237.469680591121,Inf,-6.3448423754861,6.38569647820675e-06,"(rank,('add', 0.8),False,all-sep)","(score,('add', 0.1),True,all-uni)"
"num_iters","(rank,('add', 0.8),False,all-sep) - score,('add', 0.1),True,del",-1361.76538461538,237.469680591121,Inf,-5.73448105554197,0.000280522969368673,"(rank,('add', 0.8),False,all-sep)","score,('add', 0.1),True,del"
"num_iters","(rank,('add', 0.8),False,all-sep) - score,('add', 0.2),False,add",-1144.63846153846,237.469680591121,Inf,-4.82014570739798,0.0411424373561764,"(rank,('add', 0.8),False,all-sep)","score,('add', 0.2),False,add"
"num_iters","(rank,('add', 0.8),False,all-sep) - (score,('add', 0.2),False,all-sep)",-1463.69615384615,237.469680591121,Inf,-6.16371803845717,2.0378981894859e-05,"(rank,('add', 0.8),False,all-sep)","(score,('add', 0.2),False,all-sep)"
"num_iters","(rank,('add', 0.8),False,all-sep) - (score,('add', 0.2),False,all-uni)",-1141.51923076923,237.469680591121,Inf,-4.80701042730047,0.0439389080660084,"(rank,('add', 0.8),False,all-sep)","(score,('add', 0.2),False,all-uni)"
"num_iters","(rank,('add', 0.8),False,all-uni) - score,('add', 0.1),False,add",-1698.81538461538,237.469680591121,Inf,-7.15382014405634,2.42046664002505e-08,"(rank,('add', 0.8),False,all-uni)","score,('add', 0.1),False,add"
"num_iters","(rank,('add', 0.8),False,all-uni) - (score,('add', 0.1),False,all-sep)",-1941.23076923077,237.469680591121,Inf,-8.17464681974796,8.5103251302753e-12,"(rank,('add', 0.8),False,all-uni)","(score,('add', 0.1),False,all-sep)"
"num_iters","(rank,('add', 0.8),False,all-uni) - (score,('add', 0.1),False,all-uni)",-1698.81538461538,237.469680591121,Inf,-7.15382014405634,2.42046664002505e-08,"(rank,('add', 0.8),False,all-uni)","(score,('add', 0.1),False,all-uni)"
"num_iters","(rank,('add', 0.8),False,all-uni) - score,('add', 0.1),False,del",-1705.13076923077,237.469680591121,Inf,-7.1804146322439,1.99326904719346e-08,"(rank,('add', 0.8),False,all-uni)","score,('add', 0.1),False,del"
"num_iters","(rank,('add', 0.8),False,all-uni) - score,('add', 0.1),True,add",-1522.38846153846,237.469680591121,Inf,-6.41087509676544,4.1496146013604e-06,"(rank,('add', 0.8),False,all-uni)","score,('add', 0.1),True,add"
"num_iters","(rank,('add', 0.8),False,all-uni) - (score,('add', 0.1),True,all-sep)",-1357.44230769231,237.469680591121,Inf,-5.7162763023612,0.000312278288270754,"(rank,('add', 0.8),False,all-uni)","(score,('add', 0.1),True,all-sep)"
"num_iters","(rank,('add', 0.8),False,all-uni) - (score,('add', 0.1),True,all-uni)",-1522.38846153846,237.469680591121,Inf,-6.41087509676545,4.14961460136035e-06,"(rank,('add', 0.8),False,all-uni)","(score,('add', 0.1),True,all-uni)"
"num_iters","(rank,('add', 0.8),False,all-uni) - score,('add', 0.1),True,del",-1377.44615384615,237.469680591121,Inf,-5.80051377682131,0.000189609335893678,"(rank,('add', 0.8),False,all-uni)","score,('add', 0.1),True,del"
"num_iters","(rank,('add', 0.8),False,all-uni) - score,('add', 0.2),False,add",-1160.31923076923,237.469680591121,Inf,-4.88617842867733,0.0294864905200606,"(rank,('add', 0.8),False,all-uni)","score,('add', 0.2),False,add"
"num_iters","(rank,('add', 0.8),False,all-uni) - (score,('add', 0.2),False,all-sep)",-1479.37692307692,237.469680591121,Inf,-6.22975075973652,1.33986598746151e-05,"(rank,('add', 0.8),False,all-uni)","(score,('add', 0.2),False,all-sep)"
"num_iters","(rank,('add', 0.8),False,all-uni) - (score,('add', 0.2),False,all-uni)",-1157.2,237.469680591121,Inf,-4.87304314857982,0.0315170857025763,"(rank,('add', 0.8),False,all-uni)","(score,('add', 0.2),False,all-uni)"
"num_iters","(rank,('add', 0.8),False,all-uni) - score,('add', 0.2),False,del",-1140.85769230769,237.469680591121,Inf,-4.80422464656462,0.0445550482935669,"(rank,('add', 0.8),False,all-uni)","score,('add', 0.2),False,del"
"num_iters","rank,('add', 0.8),False,del - score,('add', 0.1),False,add",-1698.81538461538,237.469680591121,Inf,-7.15382014405634,2.42046664002507e-08,"rank,('add', 0.8),False,del","score,('add', 0.1),False,add"
"num_iters","rank,('add', 0.8),False,del - (score,('add', 0.1),False,all-sep)",-1941.23076923077,237.469680591121,Inf,-8.17464681974796,8.51032513027542e-12,"rank,('add', 0.8),False,del","(score,('add', 0.1),False,all-sep)"
"num_iters","rank,('add', 0.8),False,del - (score,('add', 0.1),False,all-uni)",-1698.81538461538,237.469680591121,Inf,-7.15382014405634,2.42046664002505e-08,"rank,('add', 0.8),False,del","(score,('add', 0.1),False,all-uni)"
"num_iters","rank,('add', 0.8),False,del - score,('add', 0.1),False,del",-1705.13076923077,237.469680591121,Inf,-7.1804146322439,1.99326904719346e-08,"rank,('add', 0.8),False,del","score,('add', 0.1),False,del"
"num_iters","rank,('add', 0.8),False,del - score,('add', 0.1),True,add",-1522.38846153846,237.469680591121,Inf,-6.41087509676544,4.1496146013604e-06,"rank,('add', 0.8),False,del","score,('add', 0.1),True,add"
"num_iters","rank,('add', 0.8),False,del - (score,('add', 0.1),True,all-sep)",-1357.44230769231,237.469680591121,Inf,-5.7162763023612,0.000312278288270754,"rank,('add', 0.8),False,del","(score,('add', 0.1),True,all-sep)"
"num_iters","rank,('add', 0.8),False,del - (score,('add', 0.1),True,all-uni)",-1522.38846153846,237.469680591121,Inf,-6.41087509676545,4.14961460136035e-06,"rank,('add', 0.8),False,del","(score,('add', 0.1),True,all-uni)"
"num_iters","rank,('add', 0.8),False,del - score,('add', 0.1),True,del",-1377.44615384615,237.469680591121,Inf,-5.80051377682131,0.000189609335893678,"rank,('add', 0.8),False,del","score,('add', 0.1),True,del"
"num_iters","rank,('add', 0.8),False,del - score,('add', 0.2),False,add",-1160.31923076923,237.469680591121,Inf,-4.88617842867733,0.0294864905200606,"rank,('add', 0.8),False,del","score,('add', 0.2),False,add"
"num_iters","rank,('add', 0.8),False,del - (score,('add', 0.2),False,all-sep)",-1479.37692307692,237.469680591121,Inf,-6.22975075973652,1.33986598746152e-05,"rank,('add', 0.8),False,del","(score,('add', 0.2),False,all-sep)"
"num_iters","rank,('add', 0.8),False,del - (score,('add', 0.2),False,all-uni)",-1157.2,237.469680591121,Inf,-4.87304314857982,0.0315170857025763,"rank,('add', 0.8),False,del","(score,('add', 0.2),False,all-uni)"
"num_iters","rank,('add', 0.8),False,del - score,('add', 0.2),False,del",-1140.85769230769,237.469680591121,Inf,-4.80422464656462,0.0445550482935669,"rank,('add', 0.8),False,del","score,('add', 0.2),False,del"
"num_iters","rank,('add', 0.8),True,add - (rank,mul,False,all-sep)",1234.23461538462,237.469680591121,Inf,5.19744083670934,0.00579481738353444,"rank,('add', 0.8),True,add","(rank,mul,False,all-sep)"
"num_iters","rank,('add', 0.8),True,add - (rank,mul,True,all-sep)",1196.48076923077,237.469680591121,Inf,5.03845697797054,0.0134595204761912,"rank,('add', 0.8),True,add","(rank,mul,True,all-sep)"
"num_iters","rank,('add', 0.8),True,add - score,('add', 0.1),False,add",-1460,237.469680591121,Inf,-6.1481532984156,2.2482324393877e-05,"rank,('add', 0.8),True,add","score,('add', 0.1),False,add"
"num_iters","rank,('add', 0.8),True,add - (score,('add', 0.1),False,all-sep)",-1702.41538461538,237.469680591121,Inf,-7.16897997410722,2.16702085644034e-08,"rank,('add', 0.8),True,add","(score,('add', 0.1),False,all-sep)"
"num_iters","rank,('add', 0.8),True,add - (score,('add', 0.1),False,all-uni)",-1460,237.469680591121,Inf,-6.14815329841561,2.24823243938768e-05,"rank,('add', 0.8),True,add","(score,('add', 0.1),False,all-uni)"
"num_iters","rank,('add', 0.8),True,add - score,('add', 0.1),False,del",-1466.31538461538,237.469680591121,Inf,-6.17474778660316,1.90059989553095e-05,"rank,('add', 0.8),True,add","score,('add', 0.1),False,del"
"num_iters","rank,('add', 0.8),True,add - score,('add', 0.1),True,add",-1283.57307692308,237.469680591121,Inf,-5.40520825112471,0.00185654638257082,"rank,('add', 0.8),True,add","score,('add', 0.1),True,add"
"num_iters","rank,('add', 0.8),True,add - (score,('add', 0.1),True,all-uni)",-1283.57307692308,237.469680591121,Inf,-5.40520825112471,0.00185654638257081,"rank,('add', 0.8),True,add","(score,('add', 0.1),True,all-uni)"
"num_iters","rank,('add', 0.8),True,add - score,('add', 0.1),True,del",-1138.63076923077,237.469680591121,Inf,-4.79484693118058,0.046690779258193,"rank,('add', 0.8),True,add","score,('add', 0.1),True,del"
"num_iters","rank,('add', 0.8),True,add - (score,('add', 0.2),False,all-sep)",-1240.56153846154,237.469680591121,Inf,-5.22408391409578,0.00501955644419468,"rank,('add', 0.8),True,add","(score,('add', 0.2),False,all-sep)"
"num_iters","(rank,('add', 0.8),True,all-sep) - score,('add', 0.1),False,add",-1679.62307692308,237.469680591121,Inf,-7.07300010991752,4.34844345730601e-08,"(rank,('add', 0.8),True,all-sep)","score,('add', 0.1),False,add"
"num_iters","(rank,('add', 0.8),True,all-sep) - (score,('add', 0.1),False,all-sep)",-1922.03846153846,237.469680591121,Inf,-8.09382678560914,1.65824588086145e-11,"(rank,('add', 0.8),True,all-sep)","(score,('add', 0.1),False,all-sep)"
"num_iters","(rank,('add', 0.8),True,all-sep) - (score,('add', 0.1),False,all-uni)",-1679.62307692308,237.469680591121,Inf,-7.07300010991752,4.34844345730598e-08,"(rank,('add', 0.8),True,all-sep)","(score,('add', 0.1),False,all-uni)"
"num_iters","(rank,('add', 0.8),True,all-sep) - score,('add', 0.1),False,del",-1685.93846153846,237.469680591121,Inf,-7.09959459810508,3.58853843156853e-08,"(rank,('add', 0.8),True,all-sep)","score,('add', 0.1),False,del"
"num_iters","(rank,('add', 0.8),True,all-sep) - score,('add', 0.1),True,add",-1503.19615384615,237.469680591121,Inf,-6.33005506262663,7.02871448528678e-06,"(rank,('add', 0.8),True,all-sep)","score,('add', 0.1),True,add"
"num_iters","(rank,('add', 0.8),True,all-sep) - (score,('add', 0.1),True,all-sep)",-1338.25,237.469680591121,Inf,-5.63545626822238,0.00050073974525997,"(rank,('add', 0.8),True,all-sep)","(score,('add', 0.1),True,all-sep)"
"num_iters","(rank,('add', 0.8),True,all-sep) - (score,('add', 0.1),True,all-uni)",-1503.19615384615,237.469680591121,Inf,-6.33005506262663,7.0287144852867e-06,"(rank,('add', 0.8),True,all-sep)","(score,('add', 0.1),True,all-uni)"
"num_iters","(rank,('add', 0.8),True,all-sep) - score,('add', 0.1),True,del",-1358.25384615385,237.469680591121,Inf,-5.7196937426825,0.000306062142196519,"(rank,('add', 0.8),True,all-sep)","score,('add', 0.1),True,del"
"num_iters","(rank,('add', 0.8),True,all-sep) - score,('add', 0.2),False,add",-1141.12692307692,237.469680591121,Inf,-4.80535839453852,0.0443032977825879,"(rank,('add', 0.8),True,all-sep)","score,('add', 0.2),False,add"
"num_iters","(rank,('add', 0.8),True,all-sep) - (score,('add', 0.2),False,all-sep)",-1460.18461538462,237.469680591121,Inf,-6.1489307255977,2.23724183675665e-05,"(rank,('add', 0.8),True,all-sep)","(score,('add', 0.2),False,all-sep)"
"num_iters","(rank,('add', 0.8),True,all-sep) - (score,('add', 0.2),False,all-uni)",-1138.00769230769,237.469680591121,Inf,-4.79222311444101,0.047305744990558,"(rank,('add', 0.8),True,all-sep)","(score,('add', 0.2),False,all-uni)"
"num_iters","(rank,('add', 0.8),True,all-uni) - (rank,mul,False,all-sep)",1220.84230769231,237.469680591121,Inf,5.14104497320807,0.00783579588255551,"(rank,('add', 0.8),True,all-uni)","(rank,mul,False,all-sep)"
"num_iters","(rank,('add', 0.8),True,all-uni) - (rank,mul,True,all-sep)",1183.08846153846,237.469680591121,Inf,4.98206111446927,0.0180427479926148,"(rank,('add', 0.8),True,all-uni)","(rank,mul,True,all-sep)"
"num_iters","(rank,('add', 0.8),True,all-uni) - score,('add', 0.1),False,add",-1473.39230769231,237.469680591121,Inf,-6.20454916191688,1.57321055232412e-05,"(rank,('add', 0.8),True,all-uni)","score,('add', 0.1),False,add"
"num_iters","(rank,('add', 0.8),True,all-uni) - (score,('add', 0.1),False,all-sep)",-1715.80769230769,237.469680591121,Inf,-7.2253758376085,1.43319082370986e-08,"(rank,('add', 0.8),True,all-uni)","(score,('add', 0.1),False,all-sep)"
"num_iters","(rank,('add', 0.8),True,all-uni) - (score,('add', 0.1),False,all-uni)",-1473.39230769231,237.469680591121,Inf,-6.20454916191688,1.57321055232412e-05,"(rank,('add', 0.8),True,all-uni)","(score,('add', 0.1),False,all-uni)"
"num_iters","(rank,('add', 0.8),True,all-uni) - score,('add', 0.1),False,del",-1479.70769230769,237.469680591121,Inf,-6.23114365010444,1.32800520617489e-05,"(rank,('add', 0.8),True,all-uni)","score,('add', 0.1),False,del"
"num_iters","(rank,('add', 0.8),True,all-uni) - score,('add', 0.1),True,add",-1296.96538461538,237.469680591121,Inf,-5.46160411462598,0.0013532697744272,"(rank,('add', 0.8),True,all-uni)","score,('add', 0.1),True,add"
"num_iters","(rank,('add', 0.8),True,all-uni) - (score,('add', 0.1),True,all-uni)",-1296.96538461538,237.469680591121,Inf,-5.46160411462599,0.00135326977442718,"(rank,('add', 0.8),True,all-uni)","(score,('add', 0.1),True,all-uni)"
"num_iters","(rank,('add', 0.8),True,all-uni) - score,('add', 0.1),True,del",-1152.02307692308,237.469680591121,Inf,-4.85124279468186,0.0351875614646367,"(rank,('add', 0.8),True,all-uni)","score,('add', 0.1),True,del"
"num_iters","(rank,('add', 0.8),True,all-uni) - (score,('add', 0.2),False,all-sep)",-1253.95384615385,237.469680591121,Inf,-5.28047977759706,0.00369530458445743,"(rank,('add', 0.8),True,all-uni)","(score,('add', 0.2),False,all-sep)"
"num_iters","rank,('add', 0.8),True,del - score,('add', 0.1),False,add",-1618.65769230769,237.469680591121,Inf,-6.81627097942968,2.67968667222522e-07,"rank,('add', 0.8),True,del","score,('add', 0.1),False,add"
"num_iters","rank,('add', 0.8),True,del - (score,('add', 0.1),False,all-sep)",-1861.07307692308,237.469680591121,Inf,-7.8370976551213,1.32237590019205e-10,"rank,('add', 0.8),True,del","(score,('add', 0.1),False,all-sep)"
"num_iters","rank,('add', 0.8),True,del - (score,('add', 0.1),False,all-uni)",-1618.65769230769,237.469680591121,Inf,-6.81627097942968,2.6796866722252e-07,"rank,('add', 0.8),True,del","(score,('add', 0.1),False,all-uni)"
"num_iters","rank,('add', 0.8),True,del - score,('add', 0.1),False,del",-1624.97307692308,237.469680591121,Inf,-6.84286546761724,2.22627196239421e-07,"rank,('add', 0.8),True,del","score,('add', 0.1),False,del"
"num_iters","rank,('add', 0.8),True,del - score,('add', 0.1),True,add",-1442.23076923077,237.469680591121,Inf,-6.07332593213879,3.59325400557404e-05,"rank,('add', 0.8),True,del","score,('add', 0.1),True,add"
"num_iters","rank,('add', 0.8),True,del - (score,('add', 0.1),True,all-sep)",-1277.28461538462,237.469680591121,Inf,-5.37872713773454,0.00215141010492179,"rank,('add', 0.8),True,del","(score,('add', 0.1),True,all-sep)"
"num_iters","rank,('add', 0.8),True,del - (score,('add', 0.1),True,all-uni)",-1442.23076923077,237.469680591121,Inf,-6.07332593213879,3.593254005574e-05,"rank,('add', 0.8),True,del","(score,('add', 0.1),True,all-uni)"
"num_iters","rank,('add', 0.8),True,del - score,('add', 0.1),True,del",-1297.28846153846,237.469680591121,Inf,-5.46296461219466,0.00134293518254151,"rank,('add', 0.8),True,del","score,('add', 0.1),True,del"
"num_iters","rank,('add', 0.8),True,del - (score,('add', 0.2),False,all-sep)",-1399.21923076923,237.469680591121,Inf,-5.89220159510986,0.000109294850311552,"rank,('add', 0.8),True,del","(score,('add', 0.2),False,all-sep)"
"num_iters","rank,('add', 0.9),False,add - score,('add', 0.1),False,add",-1601.64230769231,237.469680591121,Inf,-6.74461810747975,4.400373534574e-07,"rank,('add', 0.9),False,add","score,('add', 0.1),False,add"
"num_iters","rank,('add', 0.9),False,add - (score,('add', 0.1),False,all-sep)",-1844.05769230769,237.469680591121,Inf,-7.76544478317137,2.33338196221695e-10,"rank,('add', 0.9),False,add","(score,('add', 0.1),False,all-sep)"
"num_iters","rank,('add', 0.9),False,add - (score,('add', 0.1),False,all-uni)",-1601.64230769231,237.469680591121,Inf,-6.74461810747976,4.40037353457398e-07,"rank,('add', 0.9),False,add","(score,('add', 0.1),False,all-uni)"
"num_iters","rank,('add', 0.9),False,add - score,('add', 0.1),False,del",-1607.95769230769,237.469680591121,Inf,-6.77121259566732,3.66264964838549e-07,"rank,('add', 0.9),False,add","score,('add', 0.1),False,del"
"num_iters","rank,('add', 0.9),False,add - score,('add', 0.1),True,add",-1425.21538461538,237.469680591121,Inf,-6.00167306018886,5.60105017943537e-05,"rank,('add', 0.9),False,add","score,('add', 0.1),True,add"
"num_iters","rank,('add', 0.9),False,add - (score,('add', 0.1),True,all-sep)",-1260.26923076923,237.469680591121,Inf,-5.30707426578462,0.00319491755603529,"rank,('add', 0.9),False,add","(score,('add', 0.1),True,all-sep)"
"num_iters","rank,('add', 0.9),False,add - (score,('add', 0.1),True,all-uni)",-1425.21538461538,237.469680591121,Inf,-6.00167306018886,5.60105017943531e-05,"rank,('add', 0.9),False,add","(score,('add', 0.1),True,all-uni)"
"num_iters","rank,('add', 0.9),False,add - score,('add', 0.1),True,del",-1280.27307692308,237.469680591121,Inf,-5.39131174024473,0.00200602867576137,"rank,('add', 0.9),False,add","score,('add', 0.1),True,del"
"num_iters","rank,('add', 0.9),False,add - (score,('add', 0.2),False,all-sep)",-1382.20384615385,237.469680591121,Inf,-5.82054872315993,0.000168221796956886,"rank,('add', 0.9),False,add","(score,('add', 0.2),False,all-sep)"
"num_iters","(rank,('add', 0.9),False,all-sep) - score,('add', 0.1),False,add",-1616.92692307692,237.469680591121,Inf,-6.80898259959752,2.8189963695104e-07,"(rank,('add', 0.9),False,all-sep)","score,('add', 0.1),False,add"
"num_iters","(rank,('add', 0.9),False,all-sep) - (score,('add', 0.1),False,all-sep)",-1859.34230769231,237.469680591121,Inf,-7.82980927528914,1.40133524939826e-10,"(rank,('add', 0.9),False,all-sep)","(score,('add', 0.1),False,all-sep)"
"num_iters","(rank,('add', 0.9),False,all-sep) - (score,('add', 0.1),False,all-uni)",-1616.92692307692,237.469680591121,Inf,-6.80898259959752,2.8189963695104e-07,"(rank,('add', 0.9),False,all-sep)","(score,('add', 0.1),False,all-uni)"
"num_iters","(rank,('add', 0.9),False,all-sep) - score,('add', 0.1),False,del",-1623.24230769231,237.469680591121,Inf,-6.83557708778508,2.34245517222082e-07,"(rank,('add', 0.9),False,all-sep)","score,('add', 0.1),False,del"
"num_iters","(rank,('add', 0.9),False,all-sep) - score,('add', 0.1),True,add",-1440.5,237.469680591121,Inf,-6.06603755230663,3.76007674107256e-05,"(rank,('add', 0.9),False,all-sep)","score,('add', 0.1),True,add"
"num_iters","(rank,('add', 0.9),False,all-sep) - (score,('add', 0.1),True,all-sep)",-1275.55384615385,237.469680591121,Inf,-5.37143875790238,0.00224022051573503,"(rank,('add', 0.9),False,all-sep)","(score,('add', 0.1),True,all-sep)"
"num_iters","(rank,('add', 0.9),False,all-sep) - (score,('add', 0.1),True,all-uni)",-1440.5,237.469680591121,Inf,-6.06603755230663,3.7600767410725e-05,"(rank,('add', 0.9),False,all-sep)","(score,('add', 0.1),True,all-uni)"
"num_iters","(rank,('add', 0.9),False,all-sep) - score,('add', 0.1),True,del",-1295.55769230769,237.469680591121,Inf,-5.4556762323625,0.00139920591292908,"(rank,('add', 0.9),False,all-sep)","score,('add', 0.1),True,del"
"num_iters","(rank,('add', 0.9),False,all-sep) - (score,('add', 0.2),False,all-sep)",-1397.48846153846,237.469680591121,Inf,-5.8849132152777,0.000114221803948871,"(rank,('add', 0.9),False,all-sep)","(score,('add', 0.2),False,all-sep)"
"num_iters","(rank,('add', 0.9),False,all-uni) - score,('add', 0.1),False,add",-1601.64230769231,237.469680591121,Inf,-6.74461810747976,4.40037353457395e-07,"(rank,('add', 0.9),False,all-uni)","score,('add', 0.1),False,add"
"num_iters","(rank,('add', 0.9),False,all-uni) - (score,('add', 0.1),False,all-sep)",-1844.05769230769,237.469680591121,Inf,-7.76544478317138,2.33338196221692e-10,"(rank,('add', 0.9),False,all-uni)","(score,('add', 0.1),False,all-sep)"
"num_iters","(rank,('add', 0.9),False,all-uni) - (score,('add', 0.1),False,all-uni)",-1601.64230769231,237.469680591121,Inf,-6.74461810747976,4.40037353457398e-07,"(rank,('add', 0.9),False,all-uni)","(score,('add', 0.1),False,all-uni)"
"num_iters","(rank,('add', 0.9),False,all-uni) - score,('add', 0.1),False,del",-1607.95769230769,237.469680591121,Inf,-6.77121259566732,3.66264964838549e-07,"(rank,('add', 0.9),False,all-uni)","score,('add', 0.1),False,del"
"num_iters","(rank,('add', 0.9),False,all-uni) - score,('add', 0.1),True,add",-1425.21538461538,237.469680591121,Inf,-6.00167306018886,5.60105017943537e-05,"(rank,('add', 0.9),False,all-uni)","score,('add', 0.1),True,add"
"num_iters","(rank,('add', 0.9),False,all-uni) - (score,('add', 0.1),True,all-sep)",-1260.26923076923,237.469680591121,Inf,-5.30707426578462,0.00319491755603529,"(rank,('add', 0.9),False,all-uni)","(score,('add', 0.1),True,all-sep)"
"num_iters","(rank,('add', 0.9),False,all-uni) - (score,('add', 0.1),True,all-uni)",-1425.21538461538,237.469680591121,Inf,-6.00167306018886,5.60105017943531e-05,"(rank,('add', 0.9),False,all-uni)","(score,('add', 0.1),True,all-uni)"
"num_iters","(rank,('add', 0.9),False,all-uni) - score,('add', 0.1),True,del",-1280.27307692308,237.469680591121,Inf,-5.39131174024473,0.00200602867576135,"(rank,('add', 0.9),False,all-uni)","score,('add', 0.1),True,del"
"num_iters","(rank,('add', 0.9),False,all-uni) - (score,('add', 0.2),False,all-sep)",-1382.20384615385,237.469680591121,Inf,-5.82054872315994,0.000168221796956885,"(rank,('add', 0.9),False,all-uni)","(score,('add', 0.2),False,all-sep)"
"num_iters","rank,('add', 0.9),False,del - score,('add', 0.1),False,add",-1601.64230769231,237.469680591121,Inf,-6.74461810747976,4.40037353457398e-07,"rank,('add', 0.9),False,del","score,('add', 0.1),False,add"
"num_iters","rank,('add', 0.9),False,del - (score,('add', 0.1),False,all-sep)",-1844.05769230769,237.469680591121,Inf,-7.76544478317138,2.33338196221694e-10,"rank,('add', 0.9),False,del","(score,('add', 0.1),False,all-sep)"
"num_iters","rank,('add', 0.9),False,del - (score,('add', 0.1),False,all-uni)",-1601.64230769231,237.469680591121,Inf,-6.74461810747976,4.40037353457398e-07,"rank,('add', 0.9),False,del","(score,('add', 0.1),False,all-uni)"
"num_iters","rank,('add', 0.9),False,del - score,('add', 0.1),False,del",-1607.95769230769,237.469680591121,Inf,-6.77121259566732,3.66264964838546e-07,"rank,('add', 0.9),False,del","score,('add', 0.1),False,del"
"num_iters","rank,('add', 0.9),False,del - score,('add', 0.1),True,add",-1425.21538461538,237.469680591121,Inf,-6.00167306018886,5.60105017943537e-05,"rank,('add', 0.9),False,del","score,('add', 0.1),True,add"
"num_iters","rank,('add', 0.9),False,del - (score,('add', 0.1),True,all-sep)",-1260.26923076923,237.469680591121,Inf,-5.30707426578462,0.00319491755603529,"rank,('add', 0.9),False,del","(score,('add', 0.1),True,all-sep)"
"num_iters","rank,('add', 0.9),False,del - (score,('add', 0.1),True,all-uni)",-1425.21538461538,237.469680591121,Inf,-6.00167306018886,5.60105017943531e-05,"rank,('add', 0.9),False,del","(score,('add', 0.1),True,all-uni)"
"num_iters","rank,('add', 0.9),False,del - score,('add', 0.1),True,del",-1280.27307692308,237.469680591121,Inf,-5.39131174024473,0.00200602867576137,"rank,('add', 0.9),False,del","score,('add', 0.1),True,del"
"num_iters","rank,('add', 0.9),False,del - (score,('add', 0.2),False,all-sep)",-1382.20384615385,237.469680591121,Inf,-5.82054872315994,0.000168221796956886,"rank,('add', 0.9),False,del","(score,('add', 0.2),False,all-sep)"
"num_iters","rank,('add', 0.9),True,add - (rank,mul,False,all-sep)",1152.92692307692,237.469680591121,Inf,4.8550489485942,0.0345183904758116,"rank,('add', 0.9),True,add","(rank,mul,False,all-sep)"
"num_iters","rank,('add', 0.9),True,add - score,('add', 0.1),False,add",-1541.30769230769,237.469680591121,Inf,-6.49054518653074,2.45289453045548e-06,"rank,('add', 0.9),True,add","score,('add', 0.1),False,add"
"num_iters","rank,('add', 0.9),True,add - (score,('add', 0.1),False,all-sep)",-1783.72307692308,237.469680591121,Inf,-7.51137186222236,1.67809334688317e-09,"rank,('add', 0.9),True,add","(score,('add', 0.1),False,all-sep)"
"num_iters","rank,('add', 0.9),True,add - (score,('add', 0.1),False,all-uni)",-1541.30769230769,237.469680591121,Inf,-6.49054518653074,2.45289453045548e-06,"rank,('add', 0.9),True,add","(score,('add', 0.1),False,all-uni)"
"num_iters","rank,('add', 0.9),True,add - score,('add', 0.1),False,del",-1547.62307692308,237.469680591121,Inf,-6.5171396747183,2.05522869237659e-06,"rank,('add', 0.9),True,add","score,('add', 0.1),False,del"
"num_iters","rank,('add', 0.9),True,add - score,('add', 0.1),True,add",-1364.88076923077,237.469680591121,Inf,-5.74760013923985,0.000259608467880992,"rank,('add', 0.9),True,add","score,('add', 0.1),True,add"
"num_iters","rank,('add', 0.9),True,add - (score,('add', 0.1),True,all-sep)",-1199.93461538462,237.469680591121,Inf,-5.0530013448356,0.0124735295286356,"rank,('add', 0.9),True,add","(score,('add', 0.1),True,all-sep)"
"num_iters","rank,('add', 0.9),True,add - (score,('add', 0.1),True,all-uni)",-1364.88076923077,237.469680591121,Inf,-5.74760013923985,0.000259608467880989,"rank,('add', 0.9),True,add","(score,('add', 0.1),True,all-uni)"
"num_iters","rank,('add', 0.9),True,add - score,('add', 0.1),True,del",-1219.93846153846,237.469680591121,Inf,-5.13723881929572,0.00799611463751892,"rank,('add', 0.9),True,add","score,('add', 0.1),True,del"
"num_iters","rank,('add', 0.9),True,add - (score,('add', 0.2),False,all-sep)",-1321.86923076923,237.469680591121,Inf,-5.56647580221092,0.000745516119471621,"rank,('add', 0.9),True,add","(score,('add', 0.2),False,all-sep)"
"num_iters","(rank,('add', 0.9),True,all-sep) - score,('add', 0.1),False,add",-1711.61923076923,237.469680591121,Inf,-7.20773795841468,1.63157566151096e-08,"(rank,('add', 0.9),True,all-sep)","score,('add', 0.1),False,add"
"num_iters","(rank,('add', 0.9),True,all-sep) - (score,('add', 0.1),False,all-sep)",-1954.03461538462,237.469680591121,Inf,-8.2285646341063,5.43400132661404e-12,"(rank,('add', 0.9),True,all-sep)","(score,('add', 0.1),False,all-sep)"
"num_iters","(rank,('add', 0.9),True,all-sep) - (score,('add', 0.1),False,all-uni)",-1711.61923076923,237.469680591121,Inf,-7.20773795841468,1.63157566151096e-08,"(rank,('add', 0.9),True,all-sep)","(score,('add', 0.1),False,all-uni)"
"num_iters","(rank,('add', 0.9),True,all-sep) - score,('add', 0.1),False,del",-1717.93461538462,237.469680591121,Inf,-7.23433244660224,1.34172071019719e-08,"(rank,('add', 0.9),True,all-sep)","score,('add', 0.1),False,del"
"num_iters","(rank,('add', 0.9),True,all-sep) - score,('add', 0.1),True,add",-1535.19230769231,237.469680591121,Inf,-6.46479291112378,2.90923121187384e-06,"(rank,('add', 0.9),True,all-sep)","score,('add', 0.1),True,add"
"num_iters","(rank,('add', 0.9),True,all-sep) - (score,('add', 0.1),True,all-sep)",-1370.24615384615,237.469680591121,Inf,-5.77019411671954,0.000227089010794194,"(rank,('add', 0.9),True,all-sep)","(score,('add', 0.1),True,all-sep)"
"num_iters","(rank,('add', 0.9),True,all-sep) - (score,('add', 0.1),True,all-uni)",-1535.19230769231,237.469680591121,Inf,-6.46479291112379,2.9092312118738e-06,"(rank,('add', 0.9),True,all-sep)","(score,('add', 0.1),True,all-uni)"
"num_iters","(rank,('add', 0.9),True,all-sep) - score,('add', 0.1),True,del",-1390.25,237.469680591121,Inf,-5.85443159117965,0.000137275148757943,"(rank,('add', 0.9),True,all-sep)","score,('add', 0.1),True,del"
"num_iters","(rank,('add', 0.9),True,all-sep) - score,('add', 0.2),False,add",-1173.12307692308,237.469680591121,Inf,-4.94009624303567,0.0223944969966966,"(rank,('add', 0.9),True,all-sep)","score,('add', 0.2),False,add"
"num_iters","(rank,('add', 0.9),True,all-sep) - (score,('add', 0.2),False,all-sep)",-1492.18076923077,237.469680591121,Inf,-6.28366857409486,9.48376696572257e-06,"(rank,('add', 0.9),True,all-sep)","(score,('add', 0.2),False,all-sep)"
"num_iters","(rank,('add', 0.9),True,all-sep) - (score,('add', 0.2),False,all-uni)",-1170.00384615385,237.469680591121,Inf,-4.92696096293816,0.0239530864768734,"(rank,('add', 0.9),True,all-sep)","(score,('add', 0.2),False,all-uni)"
"num_iters","(rank,('add', 0.9),True,all-sep) - score,('add', 0.2),False,del",-1153.66153846154,237.469680591121,Inf,-4.85814246092296,0.0339835468431095,"(rank,('add', 0.9),True,all-sep)","score,('add', 0.2),False,del"
"num_iters","(rank,('add', 0.9),True,all-sep) - (score,('add', 0.3),False,all-sep)",-1141.11153846154,237.469680591121,Inf,-4.80529360894001,0.0443176466108957,"(rank,('add', 0.9),True,all-sep)","(score,('add', 0.3),False,all-sep)"
"num_iters","(rank,('add', 0.9),True,all-uni) - (rank,mul,False,all-sep)",1207.19230769231,237.469680591121,Inf,5.08356395093179,0.0106235819908025,"(rank,('add', 0.9),True,all-uni)","(rank,mul,False,all-sep)"
"num_iters","(rank,('add', 0.9),True,all-uni) - (rank,mul,True,all-sep)",1169.43846153846,237.469680591121,Inf,4.92458009219299,0.0242465588044366,"(rank,('add', 0.9),True,all-uni)","(rank,mul,True,all-sep)"
"num_iters","(rank,('add', 0.9),True,all-uni) - score,('add', 0.1),False,add",-1487.04230769231,237.469680591121,Inf,-6.26203018419316,1.08983242685609e-05,"(rank,('add', 0.9),True,all-uni)","score,('add', 0.1),False,add"
"num_iters","(rank,('add', 0.9),True,all-uni) - (score,('add', 0.1),False,all-sep)",-1729.45769230769,237.469680591121,Inf,-7.28285685988478,9.37331096009613e-09,"(rank,('add', 0.9),True,all-uni)","(score,('add', 0.1),False,all-sep)"
"num_iters","(rank,('add', 0.9),True,all-uni) - (score,('add', 0.1),False,all-uni)",-1487.04230769231,237.469680591121,Inf,-6.26203018419316,1.08983242685609e-05,"(rank,('add', 0.9),True,all-uni)","(score,('add', 0.1),False,all-uni)"
"num_iters","(rank,('add', 0.9),True,all-uni) - score,('add', 0.1),False,del",-1493.35769230769,237.469680591121,Inf,-6.28862467238072,9.18593989171083e-06,"(rank,('add', 0.9),True,all-uni)","score,('add', 0.1),False,del"
"num_iters","(rank,('add', 0.9),True,all-uni) - score,('add', 0.1),True,add",-1310.61538461538,237.469680591121,Inf,-5.51908513690227,0.00097732571703889,"(rank,('add', 0.9),True,all-uni)","score,('add', 0.1),True,add"
"num_iters","(rank,('add', 0.9),True,all-uni) - (score,('add', 0.1),True,all-sep)",-1145.66923076923,237.469680591121,Inf,-4.82448634249802,0.0402565485484443,"(rank,('add', 0.9),True,all-uni)","(score,('add', 0.1),True,all-sep)"
"num_iters","(rank,('add', 0.9),True,all-uni) - (score,('add', 0.1),True,all-uni)",-1310.61538461538,237.469680591121,Inf,-5.51908513690227,0.00097732571703888,"(rank,('add', 0.9),True,all-uni)","(score,('add', 0.1),True,all-uni)"
"num_iters","(rank,('add', 0.9),True,all-uni) - score,('add', 0.1),True,del",-1165.67307692308,237.469680591121,Inf,-4.90872381695814,0.0262912337061232,"(rank,('add', 0.9),True,all-uni)","score,('add', 0.1),True,del"
"num_iters","(rank,('add', 0.9),True,all-uni) - (score,('add', 0.2),False,all-sep)",-1267.60384615385,237.469680591121,Inf,-5.33796079987334,0.00269585617412241,"(rank,('add', 0.9),True,all-uni)","(score,('add', 0.2),False,all-sep)"
"num_iters","rank,('add', 0.9),True,del - score,('add', 0.1),False,add",-1583.47307692308,237.469680591121,Inf,-6.66810631564173,7.43170655056518e-07,"rank,('add', 0.9),True,del","score,('add', 0.1),False,add"
"num_iters","rank,('add', 0.9),True,del - (score,('add', 0.1),False,all-sep)",-1825.88846153846,237.469680591121,Inf,-7.68893299133335,4.25516952545846e-10,"rank,('add', 0.9),True,del","(score,('add', 0.1),False,all-sep)"
"num_iters","rank,('add', 0.9),True,del - (score,('add', 0.1),False,all-uni)",-1583.47307692308,237.469680591121,Inf,-6.66810631564173,7.43170655056518e-07,"rank,('add', 0.9),True,del","(score,('add', 0.1),False,all-uni)"
"num_iters","rank,('add', 0.9),True,del - score,('add', 0.1),False,del",-1589.78846153846,237.469680591121,Inf,-6.69470080382929,6.19813058862102e-07,"rank,('add', 0.9),True,del","score,('add', 0.1),False,del"
"num_iters","rank,('add', 0.9),True,del - score,('add', 0.1),True,add",-1407.04615384615,237.469680591121,Inf,-5.92516126835083,8.94790354798391e-05,"rank,('add', 0.9),True,del","score,('add', 0.1),True,add"
"num_iters","rank,('add', 0.9),True,del - (score,('add', 0.1),True,all-sep)",-1242.1,237.469680591121,Inf,-5.23056247394659,0.00484677808521183,"rank,('add', 0.9),True,del","(score,('add', 0.1),True,all-sep)"
"num_iters","rank,('add', 0.9),True,del - (score,('add', 0.1),True,all-uni)",-1407.04615384615,237.469680591121,Inf,-5.92516126835084,8.94790354798377e-05,"rank,('add', 0.9),True,del","(score,('add', 0.1),True,all-uni)"
"num_iters","rank,('add', 0.9),True,del - score,('add', 0.1),True,del",-1262.10384615385,237.469680591121,Inf,-5.31479994840671,0.00306229454687902,"rank,('add', 0.9),True,del","score,('add', 0.1),True,del"
"num_iters","rank,('add', 0.9),True,del - (score,('add', 0.2),False,all-sep)",-1364.03461538462,237.469680591121,Inf,-5.74403693132191,0.000265134013939786,"rank,('add', 0.9),True,del","(score,('add', 0.2),False,all-sep)"
"num_iters","rank,mul,False,add - score,('add', 0.1),False,add",-2128.91538461538,237.469680591121,Inf,-8.96499872874713,8.89895781747869e-15,"rank,mul,False,add","score,('add', 0.1),False,add"
"num_iters","rank,mul,False,add - (score,('add', 0.1),False,all-sep)",-2371.33076923077,237.469680591121,Inf,-9.98582540443875,5.04284783598548e-19,"rank,mul,False,add","(score,('add', 0.1),False,all-sep)"
"num_iters","rank,mul,False,add - (score,('add', 0.1),False,all-uni)",-2128.91538461538,237.469680591121,Inf,-8.96499872874713,8.89895781747869e-15,"rank,mul,False,add","(score,('add', 0.1),False,all-uni)"
"num_iters","rank,mul,False,add - score,('add', 0.1),False,del",-2135.23076923077,237.469680591121,Inf,-8.99159321693468,6.98851582081297e-15,"rank,mul,False,add","score,('add', 0.1),False,del"
"num_iters","rank,mul,False,add - score,('add', 0.1),True,add",-1952.48846153846,237.469680591121,Inf,-8.22205368145623,5.73736526573925e-12,"rank,mul,False,add","score,('add', 0.1),True,add"
"num_iters","rank,mul,False,add - (score,('add', 0.1),True,all-sep)",-1787.54230769231,237.469680591121,Inf,-7.52745488705199,1.48387094275584e-09,"rank,mul,False,add","(score,('add', 0.1),True,all-sep)"
"num_iters","rank,mul,False,add - (score,('add', 0.1),True,all-uni)",-1952.48846153846,237.469680591121,Inf,-8.22205368145623,5.73736526573917e-12,"rank,mul,False,add","(score,('add', 0.1),True,all-uni)"
"num_iters","rank,mul,False,add - score,('add', 0.1),True,del",-1807.54615384615,237.469680591121,Inf,-7.6116923615121,7.75879693054713e-10,"rank,mul,False,add","score,('add', 0.1),True,del"
"num_iters","rank,mul,False,add - score,('add', 0.2),False,add",-1590.41923076923,237.469680591121,Inf,-6.69735701336812,6.08654732973156e-07,"rank,mul,False,add","score,('add', 0.2),False,add"
"num_iters","rank,mul,False,add - (score,('add', 0.2),False,all-sep)",-1909.47692307692,237.469680591121,Inf,-8.0409293444273,2.55709902121472e-11,"rank,mul,False,add","(score,('add', 0.2),False,all-sep)"
"num_iters","rank,mul,False,add - (score,('add', 0.2),False,all-uni)",-1587.3,237.469680591121,Inf,-6.68422173327061,6.65820751698978e-07,"rank,mul,False,add","(score,('add', 0.2),False,all-uni)"
"num_iters","rank,mul,False,add - score,('add', 0.2),False,del",-1570.95769230769,237.469680591121,Inf,-6.61540323125541,1.06270961429927e-06,"rank,mul,False,add","score,('add', 0.2),False,del"
"num_iters","rank,mul,False,add - score,('add', 0.2),True,add",-1532.18076923077,237.469680591121,Inf,-6.45211113021583,3.16347978811677e-06,"rank,mul,False,add","score,('add', 0.2),True,add"
"num_iters","rank,mul,False,add - (score,('add', 0.2),True,all-sep)",-1293.63076923077,237.469680591121,Inf,-5.44756183614936,0.00146454319180223,"rank,mul,False,add","(score,('add', 0.2),True,all-sep)"
"num_iters","rank,mul,False,add - (score,('add', 0.2),True,all-uni)",-1532.18076923077,237.469680591121,Inf,-6.45211113021583,3.16347978811679e-06,"rank,mul,False,add","(score,('add', 0.2),True,all-uni)"
"num_iters","rank,mul,False,add - score,('add', 0.2),True,del",-1296.54615384615,237.469680591121,Inf,-5.45983870706664,0.0013667951200081,"rank,mul,False,add","score,('add', 0.2),True,del"
"num_iters","rank,mul,False,add - score,('add', 0.3),False,add",-1401.22692307692,237.469680591121,Inf,-5.90065611571516,0.000103838476419219,"rank,mul,False,add","score,('add', 0.3),False,add"
"num_iters","rank,mul,False,add - (score,('add', 0.3),False,all-sep)",-1558.40769230769,237.469680591121,Inf,-6.56255437927246,1.51699249475141e-06,"rank,mul,False,add","(score,('add', 0.3),False,all-sep)"
"num_iters","rank,mul,False,add - (score,('add', 0.3),False,all-uni)",-1401.22692307692,237.469680591121,Inf,-5.90065611571516,0.00010383847641922,"rank,mul,False,add","(score,('add', 0.3),False,all-uni)"
"num_iters","rank,mul,False,add - score,('add', 0.3),False,del",-1401.22692307692,237.469680591121,Inf,-5.90065611571516,0.000103838476419219,"rank,mul,False,add","score,('add', 0.3),False,del"
"num_iters","rank,mul,False,add - score,('add', 0.3),True,add",-1340.33461538462,237.469680591121,Inf,-5.64423471682023,0.00047585165853787,"rank,mul,False,add","score,('add', 0.3),True,add"
"num_iters","rank,mul,False,add - (score,('add', 0.3),True,all-sep)",-1286.2,237.469680591121,Inf,-5.41627039206997,0.00174532285485261,"rank,mul,False,add","(score,('add', 0.3),True,all-sep)"
"num_iters","rank,mul,False,add - (score,('add', 0.3),True,all-uni)",-1340.33461538462,237.469680591121,Inf,-5.64423471682023,0.00047585165853787,"rank,mul,False,add","(score,('add', 0.3),True,all-uni)"
"num_iters","rank,mul,False,add - (score,('add', 0.4),False,all-sep)",-1226.89615384615,237.469680591121,Inf,-5.16653810622099,0.00683930818595974,"rank,mul,False,add","(score,('add', 0.4),False,all-sep)"
"num_iters","rank,mul,False,add - score,('add', 0.4),True,add",-1155.74615384615,237.469680591121,Inf,-4.86692090952081,0.032508884345434,"rank,mul,False,add","score,('add', 0.4),True,add"
"num_iters","rank,mul,False,add - (score,('add', 0.4),True,all-uni)",-1155.74615384615,237.469680591121,Inf,-4.86692090952081,0.0325088843454338,"rank,mul,False,add","(score,('add', 0.4),True,all-uni)"
"num_iters","(rank,mul,False,all-sep) - score,('add', 0.1),False,add",-2694.23461538462,237.469680591121,Inf,-11.3455941351249,2.23688749623637e-25,"(rank,mul,False,all-sep)","score,('add', 0.1),False,add"
"num_iters","(rank,mul,False,all-sep) - (score,('add', 0.1),False,all-sep)",-2936.65,237.469680591121,Inf,-12.3664208108166,1.13895900041245e-30,"(rank,mul,False,all-sep)","(score,('add', 0.1),False,all-sep)"
"num_iters","(rank,mul,False,all-sep) - (score,('add', 0.1),False,all-uni)",-2694.23461538462,237.469680591121,Inf,-11.3455941351249,2.23688749623637e-25,"(rank,mul,False,all-sep)","(score,('add', 0.1),False,all-uni)"
"num_iters","(rank,mul,False,all-sep) - score,('add', 0.1),False,del",-2700.55,237.469680591121,Inf,-11.3721886233125,1.64986778406569e-25,"(rank,mul,False,all-sep)","score,('add', 0.1),False,del"
"num_iters","(rank,mul,False,all-sep) - score,('add', 0.1),True,add",-2517.80769230769,237.469680591121,Inf,-10.6026490878341,8.30736442821658e-22,"(rank,mul,False,all-sep)","score,('add', 0.1),True,add"
"num_iters","(rank,mul,False,all-sep) - (score,('add', 0.1),True,all-sep)",-2352.86153846154,237.469680591121,Inf,-9.90805029342981,1.10150617833872e-18,"(rank,mul,False,all-sep)","(score,('add', 0.1),True,all-sep)"
"num_iters","(rank,mul,False,all-sep) - (score,('add', 0.1),True,all-uni)",-2517.80769230769,237.469680591121,Inf,-10.6026490878341,8.30736442821658e-22,"(rank,mul,False,all-sep)","(score,('add', 0.1),True,all-uni)"
"num_iters","(rank,mul,False,all-sep) - score,('add', 0.1),True,del",-2372.86538461538,237.469680591121,Inf,-9.99228776788993,4.72460269790341e-19,"(rank,mul,False,all-sep)","score,('add', 0.1),True,del"
"num_iters","(rank,mul,False,all-sep) - score,('add', 0.2),False,add",-2155.73846153846,237.469680591121,Inf,-9.07795241974594,3.17305500657388e-15,"(rank,mul,False,all-sep)","score,('add', 0.2),False,add"
"num_iters","(rank,mul,False,all-sep) - (score,('add', 0.2),False,all-sep)",-2474.79615384615,237.469680591121,Inf,-10.4215247508051,5.67167202294824e-21,"(rank,mul,False,all-sep)","(score,('add', 0.2),False,all-sep)"
"num_iters","(rank,mul,False,all-sep) - (score,('add', 0.2),False,all-uni)",-2152.61923076923,237.469680591121,Inf,-9.06481713964843,3.57964914822033e-15,"(rank,mul,False,all-sep)","(score,('add', 0.2),False,all-uni)"
"num_iters","(rank,mul,False,all-sep) - score,('add', 0.2),False,del",-2136.27692307692,237.469680591121,Inf,-8.99599863763324,6.71382172297107e-15,"(rank,mul,False,all-sep)","score,('add', 0.2),False,del"
"num_iters","(rank,mul,False,all-sep) - score,('add', 0.2),True,add",-2097.5,237.469680591121,Inf,-8.83270653659365,2.9303167168817e-14,"(rank,mul,False,all-sep)","score,('add', 0.2),True,add"
"num_iters","(rank,mul,False,all-sep) - (score,('add', 0.2),True,all-sep)",-1858.95,237.469680591121,Inf,-7.82815724252719,1.41986798760282e-10,"(rank,mul,False,all-sep)","(score,('add', 0.2),True,all-sep)"
"num_iters","(rank,mul,False,all-sep) - (score,('add', 0.2),True,all-uni)",-2097.5,237.469680591121,Inf,-8.83270653659365,2.9303167168817e-14,"(rank,mul,False,all-sep)","(score,('add', 0.2),True,all-uni)"
"num_iters","(rank,mul,False,all-sep) - score,('add', 0.2),True,del",-1861.86538461538,237.469680591121,Inf,-7.84043411344446,1.28770753946145e-10,"(rank,mul,False,all-sep)","score,('add', 0.2),True,del"
"num_iters","(rank,mul,False,all-sep) - score,('add', 0.3),False,add",-1966.54615384615,237.469680591121,Inf,-8.28125152209298,3.49573173684546e-12,"(rank,mul,False,all-sep)","score,('add', 0.3),False,add"
"num_iters","(rank,mul,False,all-sep) - (score,('add', 0.3),False,all-sep)",-2123.72692307692,237.469680591121,Inf,-8.94314978565028,1.08477095408008e-14,"(rank,mul,False,all-sep)","(score,('add', 0.3),False,all-sep)"
"num_iters","(rank,mul,False,all-sep) - (score,('add', 0.3),False,all-uni)",-1966.54615384615,237.469680591121,Inf,-8.28125152209298,3.49573173684546e-12,"(rank,mul,False,all-sep)","(score,('add', 0.3),False,all-uni)"
"num_iters","(rank,mul,False,all-sep) - score,('add', 0.3),False,del",-1966.54615384615,237.469680591121,Inf,-8.28125152209298,3.49573173684546e-12,"(rank,mul,False,all-sep)","score,('add', 0.3),False,del"
"num_iters","(rank,mul,False,all-sep) - score,('add', 0.3),True,add",-1905.65384615385,237.469680591121,Inf,-8.02483012319805,2.91579615944749e-11,"(rank,mul,False,all-sep)","score,('add', 0.3),True,add"
"num_iters","(rank,mul,False,all-sep) - (score,('add', 0.3),True,all-sep)",-1851.51923076923,237.469680591121,Inf,-7.79686579844779,1.82013804371701e-10,"(rank,mul,False,all-sep)","(score,('add', 0.3),True,all-sep)"
"num_iters","(rank,mul,False,all-sep) - (score,('add', 0.3),True,all-uni)",-1905.65384615385,237.469680591121,Inf,-8.02483012319805,2.91579615944749e-11,"(rank,mul,False,all-sep)","(score,('add', 0.3),True,all-uni)"
"num_iters","(rank,mul,False,all-sep) - score,('add', 0.3),True,del",-1665.12692307692,237.469680591121,Inf,-7.0119558797233,6.74006733942105e-08,"(rank,mul,False,all-sep)","score,('add', 0.3),True,del"
"num_iters","(rank,mul,False,all-sep) - score,('add', 0.4),False,add",-1684.16153846154,237.469680591121,Inf,-7.0921118614774,3.78807387321573e-08,"(rank,mul,False,all-sep)","score,('add', 0.4),False,add"
"num_iters","(rank,mul,False,all-sep) - (score,('add', 0.4),False,all-sep)",-1792.21538461538,237.469680591121,Inf,-7.54713351259882,1.2760948032705e-09,"(rank,mul,False,all-sep)","(score,('add', 0.4),False,all-sep)"
"num_iters","(rank,mul,False,all-sep) - (score,('add', 0.4),False,all-uni)",-1684.16153846154,237.469680591121,Inf,-7.0921118614774,3.78807387321571e-08,"(rank,mul,False,all-sep)","(score,('add', 0.4),False,all-uni)"
"num_iters","(rank,mul,False,all-sep) - score,('add', 0.4),False,del",-1650.70769230769,237.469680591121,Inf,-6.95123557752161,1.03850454088832e-07,"(rank,mul,False,all-sep)","score,('add', 0.4),False,del"
"num_iters","(rank,mul,False,all-sep) - score,('add', 0.4),True,add",-1721.06538461538,237.469680591121,Inf,-7.24751631589863,1.21741819368745e-08,"(rank,mul,False,all-sep)","score,('add', 0.4),True,add"
"num_iters","(rank,mul,False,all-sep) - (score,('add', 0.4),True,all-sep)",-1542.75769230769,237.469680591121,Inf,-6.49665122919013,2.35541830668288e-06,"(rank,mul,False,all-sep)","(score,('add', 0.4),True,all-sep)"
"num_iters","(rank,mul,False,all-sep) - (score,('add', 0.4),True,all-uni)",-1721.06538461538,237.469680591121,Inf,-7.24751631589863,1.21741819368744e-08,"(rank,mul,False,all-sep)","(score,('add', 0.4),True,all-uni)"
"num_iters","(rank,mul,False,all-sep) - score,('add', 0.4),True,del",-1596.73076923077,237.469680591121,Inf,-6.72393530515606,5.07294685284553e-07,"(rank,mul,False,all-sep)","score,('add', 0.4),True,del"
"num_iters","(rank,mul,False,all-sep) - score,('add', 0.5),False,add",-1583.86153846154,237.469680591121,Inf,-6.66974215200406,7.34934296369925e-07,"(rank,mul,False,all-sep)","score,('add', 0.5),False,add"
"num_iters","(rank,mul,False,all-sep) - (score,('add', 0.5),False,all-sep)",-1627.02692307692,237.469680591121,Inf,-6.85151434501807,2.09571268910035e-07,"(rank,mul,False,all-sep)","(score,('add', 0.5),False,all-sep)"
"num_iters","(rank,mul,False,all-sep) - (score,('add', 0.5),False,all-uni)",-1583.86153846154,237.469680591121,Inf,-6.66974215200406,7.34934296369925e-07,"(rank,mul,False,all-sep)","(score,('add', 0.5),False,all-uni)"
"num_iters","(rank,mul,False,all-sep) - score,('add', 0.5),False,del",-1583.86153846154,237.469680591121,Inf,-6.66974215200406,7.34934296369921e-07,"(rank,mul,False,all-sep)","score,('add', 0.5),False,del"
"num_iters","(rank,mul,False,all-sep) - score,('add', 0.5),True,add",-1421.35384615385,237.469680591121,Inf,-5.98541187496334,6.19037616037389e-05,"(rank,mul,False,all-sep)","score,('add', 0.5),True,add"
"num_iters","(rank,mul,False,all-sep) - (score,('add', 0.5),True,all-sep)",-1409.66923076923,237.469680591121,Inf,-5.93620721289646,8.36570082912492e-05,"(rank,mul,False,all-sep)","(score,('add', 0.5),True,all-sep)"
"num_iters","(rank,mul,False,all-sep) - (score,('add', 0.5),True,all-uni)",-1421.35384615385,237.469680591121,Inf,-5.98541187496334,6.19037616037389e-05,"(rank,mul,False,all-sep)","(score,('add', 0.5),True,all-uni)"
"num_iters","(rank,mul,False,all-sep) - score,('add', 0.5),True,del",-1459.82307692308,237.469680591121,Inf,-6.14740826403276,2.25881450961398e-05,"(rank,mul,False,all-sep)","score,('add', 0.5),True,del"
"num_iters","(rank,mul,False,all-sep) - score,('add', 0.6),False,add",-1438.94230769231,237.469680591121,Inf,-6.05947801045769,3.91665537146481e-05,"(rank,mul,False,all-sep)","score,('add', 0.6),False,add"
"num_iters","(rank,mul,False,all-sep) - (score,('add', 0.6),False,all-sep)",-1531.63076923077,237.469680591121,Inf,-6.44979504506917,3.21220341343528e-06,"(rank,mul,False,all-sep)","(score,('add', 0.6),False,all-sep)"
"num_iters","(rank,mul,False,all-sep) - (score,('add', 0.6),False,all-uni)",-1425.55,237.469680591121,Inf,-6.00308214695641,5.55263731033e-05,"(rank,mul,False,all-sep)","(score,('add', 0.6),False,all-uni)"
"num_iters","(rank,mul,False,all-sep) - score,('add', 0.6),False,del",-1438.94230769231,237.469680591121,Inf,-6.05947801045769,3.91665537146481e-05,"(rank,mul,False,all-sep)","score,('add', 0.6),False,del"
"num_iters","(rank,mul,False,all-sep) - score,('add', 0.6),True,add",-1328.32692307692,237.469680591121,Inf,-5.59366955718468,0.000637613471601117,"(rank,mul,False,all-sep)","score,('add', 0.6),True,add"
"num_iters","(rank,mul,False,all-sep) - (score,('add', 0.6),True,all-sep)",-1290.91538461538,237.469680591121,Inf,-5.43612717801269,0.00156165745078123,"(rank,mul,False,all-sep)","(score,('add', 0.6),True,all-sep)"
"num_iters","(rank,mul,False,all-sep) - (score,('add', 0.6),True,all-uni)",-1376.23076923077,237.469680591121,Inf,-5.79539571453918,0.000195483660600378,"(rank,mul,False,all-sep)","(score,('add', 0.6),True,all-uni)"
"num_iters","(rank,mul,False,all-sep) - score,('add', 0.6),True,del",-1387.14230769231,237.469680591121,Inf,-5.84134490028102,0.000148508120828886,"(rank,mul,False,all-sep)","score,('add', 0.6),True,del"
"num_iters","(rank,mul,False,all-sep) - score,('add', 0.7),False,add",-1233.82692307692,237.469680591121,Inf,-5.19572401834888,0.00584855755205622,"(rank,mul,False,all-sep)","score,('add', 0.7),False,add"
"num_iters","(rank,mul,False,all-sep) - (score,('add', 0.7),False,all-sep)",-1322.01923076923,237.469680591121,Inf,-5.56710746179637,0.000742819684493745,"(rank,mul,False,all-sep)","(score,('add', 0.7),False,all-sep)"
"num_iters","(rank,mul,False,all-sep) - (score,('add', 0.7),False,all-uni)",-1233.82692307692,237.469680591121,Inf,-5.19572401834888,0.00584855755205622,"(rank,mul,False,all-sep)","(score,('add', 0.7),False,all-uni)"
"num_iters","(rank,mul,False,all-sep) - score,('add', 0.7),False,del",-1233.82692307692,237.469680591121,Inf,-5.19572401834888,0.00584855755205622,"(rank,mul,False,all-sep)","score,('add', 0.7),False,del"
"num_iters","(rank,mul,False,all-sep) - score,('add', 0.7),True,add",-1200.17307692308,237.469680591121,Inf,-5.05400552161248,0.0124080891253094,"(rank,mul,False,all-sep)","score,('add', 0.7),True,add"
"num_iters","(rank,mul,False,all-sep) - (score,('add', 0.7),True,all-uni)",-1200.17307692308,237.469680591121,Inf,-5.05400552161248,0.0124080891253094,"(rank,mul,False,all-sep)","(score,('add', 0.7),True,all-uni)"
"num_iters","(rank,mul,False,all-sep) - score,('add', 0.7),True,del",-1217.98846153846,237.469680591121,Inf,-5.12902724468482,0.00835285483363501,"(rank,mul,False,all-sep)","score,('add', 0.7),True,del"
"num_iters","(rank,mul,False,all-sep) - score,('add', 0.8),False,add",-1143.33461538462,237.469680591121,Inf,-4.81465512792442,0.0422898990099759,"(rank,mul,False,all-sep)","score,('add', 0.8),False,add"
"num_iters","(rank,mul,False,all-sep) - (score,('add', 0.8),False,all-sep)",-1171.34615384615,237.469680591121,Inf,-4.93261350640799,0.0232699772494441,"(rank,mul,False,all-sep)","(score,('add', 0.8),False,all-sep)"
"num_iters","(rank,mul,False,all-sep) - (score,('add', 0.8),False,all-uni)",-1143.33461538462,237.469680591121,Inf,-4.81465512792442,0.0422898990099759,"(rank,mul,False,all-sep)","(score,('add', 0.8),False,all-uni)"
"num_iters","(rank,mul,False,all-sep) - score,('add', 0.8),False,del",-1143.33461538462,237.469680591121,Inf,-4.81465512792442,0.0422898990099759,"(rank,mul,False,all-sep)","score,('add', 0.8),False,del"
"num_iters","(rank,mul,False,all-sep) - score,('add', 0.8),True,add",-1176.18461538462,237.469680591121,Inf,-4.95298857713878,0.0209599940120954,"(rank,mul,False,all-sep)","score,('add', 0.8),True,add"
"num_iters","(rank,mul,False,all-sep) - (score,('add', 0.8),True,all-uni)",-1176.18461538462,237.469680591121,Inf,-4.95298857713878,0.0209599940120954,"(rank,mul,False,all-sep)","(score,('add', 0.8),True,all-uni)"
"num_iters","(rank,mul,False,all-sep) - score,('add', 0.8),True,del",-1204.37307692308,237.469680591121,Inf,-5.07169199000518,0.0113083576264326,"(rank,mul,False,all-sep)","score,('add', 0.8),True,del"
"num_iters","(rank,mul,False,all-sep) - (score,('add', 0.9),False,all-sep)",-1222.43076923077,237.469680591121,Inf,-5.14773408625403,0.00756153599132538,"(rank,mul,False,all-sep)","(score,('add', 0.9),False,all-sep)"
"num_iters","(rank,mul,False,all-sep) - (score,('add', 0.9),False,all-uni)",-1146.74230769231,237.469680591121,Inf,-4.82900513799396,0.0393537978385002,"(rank,mul,False,all-sep)","(score,('add', 0.9),False,all-uni)"
"num_iters","(rank,mul,False,all-uni) - score,('add', 0.1),False,add",-2183.18076923077,237.469680591121,Inf,-9.19351373108471,1.09045434423764e-15,"(rank,mul,False,all-uni)","score,('add', 0.1),False,add"
"num_iters","(rank,mul,False,all-uni) - (score,('add', 0.1),False,all-sep)",-2425.59615384615,237.469680591121,Inf,-10.2143404067763,4.90538189536973e-20,"(rank,mul,False,all-uni)","(score,('add', 0.1),False,all-sep)"
"num_iters","(rank,mul,False,all-uni) - (score,('add', 0.1),False,all-uni)",-2183.18076923077,237.469680591121,Inf,-9.19351373108471,1.09045434423766e-15,"(rank,mul,False,all-uni)","(score,('add', 0.1),False,all-uni)"
"num_iters","(rank,mul,False,all-uni) - score,('add', 0.1),False,del",-2189.49615384615,237.469680591121,Inf,-9.22010821927227,8.51223881142072e-16,"(rank,mul,False,all-uni)","score,('add', 0.1),False,del"
"num_iters","(rank,mul,False,all-uni) - score,('add', 0.1),True,add",-2006.75384615385,237.469680591121,Inf,-8.45056868379381,8.31396821467356e-13,"(rank,mul,False,all-uni)","score,('add', 0.1),True,add"
"num_iters","(rank,mul,False,all-uni) - (score,('add', 0.1),True,all-sep)",-1841.80769230769,237.469680591121,Inf,-7.75596988938957,2.51439929184972e-10,"(rank,mul,False,all-uni)","(score,('add', 0.1),True,all-sep)"
"num_iters","(rank,mul,False,all-uni) - (score,('add', 0.1),True,all-uni)",-2006.75384615385,237.469680591121,Inf,-8.45056868379381,8.31396821467343e-13,"(rank,mul,False,all-uni)","(score,('add', 0.1),True,all-uni)"
"num_iters","(rank,mul,False,all-uni) - score,('add', 0.1),True,del",-1861.81153846154,237.469680591121,Inf,-7.84020736384968,1.29003503166874e-10,"(rank,mul,False,all-uni)","score,('add', 0.1),True,del"
"num_iters","(rank,mul,False,all-uni) - score,('add', 0.2),False,add",-1644.68461538462,237.469680591121,Inf,-6.9258720157057,1.24269885722725e-07,"(rank,mul,False,all-uni)","score,('add', 0.2),False,add"
"num_iters","(rank,mul,False,all-uni) - (score,('add', 0.2),False,all-sep)",-1963.74230769231,237.469680591121,Inf,-8.26944434676489,3.85989151149654e-12,"(rank,mul,False,all-uni)","(score,('add', 0.2),False,all-sep)"
"num_iters","(rank,mul,False,all-uni) - (score,('add', 0.2),False,all-uni)",-1641.56538461539,237.469680591121,Inf,-6.91273673560819,1.36342344167558e-07,"(rank,mul,False,all-uni)","(score,('add', 0.2),False,all-uni)"
"num_iters","(rank,mul,False,all-uni) - score,('add', 0.2),False,del",-1625.22307692308,237.469680591121,Inf,-6.84391823359299,2.20996362192324e-07,"(rank,mul,False,all-uni)","score,('add', 0.2),False,del"
"num_iters","(rank,mul,False,all-uni) - score,('add', 0.2),True,add",-1586.44615384615,237.469680591121,Inf,-6.68062613255341,6.82364599216827e-07,"(rank,mul,False,all-uni)","score,('add', 0.2),True,add"
"num_iters","(rank,mul,False,all-uni) - (score,('add', 0.2),True,all-sep)",-1347.89615384615,237.469680591121,Inf,-5.67607683848694,0.000395264580358817,"(rank,mul,False,all-uni)","(score,('add', 0.2),True,all-sep)"
"num_iters","(rank,mul,False,all-uni) - (score,('add', 0.2),True,all-uni)",-1586.44615384615,237.469680591121,Inf,-6.68062613255341,6.82364599216823e-07,"(rank,mul,False,all-uni)","(score,('add', 0.2),True,all-uni)"
"num_iters","(rank,mul,False,all-uni) - score,('add', 0.2),True,del",-1350.81153846154,237.469680591121,Inf,-5.68835370940422,0.000367878152172257,"(rank,mul,False,all-uni)","score,('add', 0.2),True,del"
"num_iters","(rank,mul,False,all-uni) - score,('add', 0.3),False,add",-1455.49230769231,237.469680591121,Inf,-6.12917111805274,2.53353604267033e-05,"(rank,mul,False,all-uni)","score,('add', 0.3),False,add"
"num_iters","(rank,mul,False,all-uni) - (score,('add', 0.3),False,all-sep)",-1612.67307692308,237.469680591121,Inf,-6.79106938161004,3.1922381888882e-07,"(rank,mul,False,all-uni)","(score,('add', 0.3),False,all-sep)"
"num_iters","(rank,mul,False,all-uni) - (score,('add', 0.3),False,all-uni)",-1455.49230769231,237.469680591121,Inf,-6.12917111805274,2.53353604267033e-05,"(rank,mul,False,all-uni)","(score,('add', 0.3),False,all-uni)"
"num_iters","(rank,mul,False,all-uni) - score,('add', 0.3),False,del",-1455.49230769231,237.469680591121,Inf,-6.12917111805274,2.53353604267032e-05,"(rank,mul,False,all-uni)","score,('add', 0.3),False,del"
"num_iters","(rank,mul,False,all-uni) - score,('add', 0.3),True,add",-1394.6,237.469680591121,Inf,-5.87274971915781,0.000122929748139816,"(rank,mul,False,all-uni)","score,('add', 0.3),True,add"
"num_iters","(rank,mul,False,all-uni) - (score,('add', 0.3),True,all-sep)",-1340.46538461538,237.469680591121,Inf,-5.64478539440755,0.00047433111639388,"(rank,mul,False,all-uni)","(score,('add', 0.3),True,all-sep)"
"num_iters","(rank,mul,False,all-uni) - (score,('add', 0.3),True,all-uni)",-1394.6,237.469680591121,Inf,-5.87274971915781,0.000122929748139817,"(rank,mul,False,all-uni)","(score,('add', 0.3),True,all-uni)"
"num_iters","(rank,mul,False,all-uni) - score,('add', 0.3),True,del",-1154.07307692308,237.469680591121,Inf,-4.85987547568306,0.0336874162644436,"(rank,mul,False,all-uni)","score,('add', 0.3),True,del"
"num_iters","(rank,mul,False,all-uni) - score,('add', 0.4),False,add",-1173.10769230769,237.469680591121,Inf,-4.94003145743716,0.0224019389388535,"(rank,mul,False,all-uni)","score,('add', 0.4),False,add"
"num_iters","(rank,mul,False,all-uni) - (score,('add', 0.4),False,all-sep)",-1281.16153846154,237.469680591121,Inf,-5.39505310855857,0.00196467428196134,"(rank,mul,False,all-uni)","(score,('add', 0.4),False,all-sep)"
"num_iters","(rank,mul,False,all-uni) - (score,('add', 0.4),False,all-uni)",-1173.10769230769,237.469680591121,Inf,-4.94003145743716,0.0224019389388536,"(rank,mul,False,all-uni)","(score,('add', 0.4),False,all-uni)"
"num_iters","(rank,mul,False,all-uni) - score,('add', 0.4),False,del",-1139.65384615385,237.469680591121,Inf,-4.79915517348137,0.0456976540986695,"(rank,mul,False,all-uni)","score,('add', 0.4),False,del"
"num_iters","(rank,mul,False,all-uni) - score,('add', 0.4),True,add",-1210.01153846154,237.469680591121,Inf,-5.09543591185839,0.00997891100856245,"(rank,mul,False,all-uni)","score,('add', 0.4),True,add"
"num_iters","(rank,mul,False,all-uni) - (score,('add', 0.4),True,all-uni)",-1210.01153846154,237.469680591121,Inf,-5.09543591185839,0.00997891100856245,"(rank,mul,False,all-uni)","(score,('add', 0.4),True,all-uni)"
"num_iters","rank,mul,False,del - score,('add', 0.1),False,add",-2183.18076923077,237.469680591121,Inf,-9.19351373108471,1.09045434423764e-15,"rank,mul,False,del","score,('add', 0.1),False,add"
"num_iters","rank,mul,False,del - (score,('add', 0.1),False,all-sep)",-2425.59615384615,237.469680591121,Inf,-10.2143404067763,4.90538189536973e-20,"rank,mul,False,del","(score,('add', 0.1),False,all-sep)"
"num_iters","rank,mul,False,del - (score,('add', 0.1),False,all-uni)",-2183.18076923077,237.469680591121,Inf,-9.19351373108471,1.09045434423764e-15,"rank,mul,False,del","(score,('add', 0.1),False,all-uni)"
"num_iters","rank,mul,False,del - score,('add', 0.1),False,del",-2189.49615384615,237.469680591121,Inf,-9.22010821927227,8.51223881142072e-16,"rank,mul,False,del","score,('add', 0.1),False,del"
"num_iters","rank,mul,False,del - score,('add', 0.1),True,add",-2006.75384615385,237.469680591121,Inf,-8.45056868379381,8.31396821467343e-13,"rank,mul,False,del","score,('add', 0.1),True,add"
"num_iters","rank,mul,False,del - (score,('add', 0.1),True,all-sep)",-1841.80769230769,237.469680591121,Inf,-7.75596988938957,2.51439929184972e-10,"rank,mul,False,del","(score,('add', 0.1),True,all-sep)"
"num_iters","rank,mul,False,del - (score,('add', 0.1),True,all-uni)",-2006.75384615385,237.469680591121,Inf,-8.45056868379381,8.3139682146733e-13,"rank,mul,False,del","(score,('add', 0.1),True,all-uni)"
"num_iters","rank,mul,False,del - score,('add', 0.1),True,del",-1861.81153846154,237.469680591121,Inf,-7.84020736384968,1.29003503166873e-10,"rank,mul,False,del","score,('add', 0.1),True,del"
"num_iters","rank,mul,False,del - score,('add', 0.2),False,add",-1644.68461538462,237.469680591121,Inf,-6.9258720157057,1.24269885722725e-07,"rank,mul,False,del","score,('add', 0.2),False,add"
"num_iters","rank,mul,False,del - (score,('add', 0.2),False,all-sep)",-1963.74230769231,237.469680591121,Inf,-8.26944434676489,3.85989151149654e-12,"rank,mul,False,del","(score,('add', 0.2),False,all-sep)"
"num_iters","rank,mul,False,del - (score,('add', 0.2),False,all-uni)",-1641.56538461539,237.469680591121,Inf,-6.91273673560819,1.36342344167558e-07,"rank,mul,False,del","(score,('add', 0.2),False,all-uni)"
"num_iters","rank,mul,False,del - score,('add', 0.2),False,del",-1625.22307692308,237.469680591121,Inf,-6.84391823359299,2.20996362192322e-07,"rank,mul,False,del","score,('add', 0.2),False,del"
"num_iters","rank,mul,False,del - score,('add', 0.2),True,add",-1586.44615384615,237.469680591121,Inf,-6.68062613255341,6.82364599216823e-07,"rank,mul,False,del","score,('add', 0.2),True,add"
"num_iters","rank,mul,False,del - (score,('add', 0.2),True,all-sep)",-1347.89615384615,237.469680591121,Inf,-5.67607683848694,0.000395264580358817,"rank,mul,False,del","(score,('add', 0.2),True,all-sep)"
"num_iters","rank,mul,False,del - (score,('add', 0.2),True,all-uni)",-1586.44615384615,237.469680591121,Inf,-6.68062613255341,6.82364599216823e-07,"rank,mul,False,del","(score,('add', 0.2),True,all-uni)"
"num_iters","rank,mul,False,del - score,('add', 0.2),True,del",-1350.81153846154,237.469680591121,Inf,-5.68835370940422,0.000367878152172255,"rank,mul,False,del","score,('add', 0.2),True,del"
"num_iters","rank,mul,False,del - score,('add', 0.3),False,add",-1455.49230769231,237.469680591121,Inf,-6.12917111805274,2.53353604267032e-05,"rank,mul,False,del","score,('add', 0.3),False,add"
"num_iters","rank,mul,False,del - (score,('add', 0.3),False,all-sep)",-1612.67307692308,237.469680591121,Inf,-6.79106938161004,3.19223818888818e-07,"rank,mul,False,del","(score,('add', 0.3),False,all-sep)"
"num_iters","rank,mul,False,del - (score,('add', 0.3),False,all-uni)",-1455.49230769231,237.469680591121,Inf,-6.12917111805274,2.53353604267032e-05,"rank,mul,False,del","(score,('add', 0.3),False,all-uni)"
"num_iters","rank,mul,False,del - score,('add', 0.3),False,del",-1455.49230769231,237.469680591121,Inf,-6.12917111805274,2.53353604267032e-05,"rank,mul,False,del","score,('add', 0.3),False,del"
"num_iters","rank,mul,False,del - score,('add', 0.3),True,add",-1394.6,237.469680591121,Inf,-5.87274971915781,0.000122929748139816,"rank,mul,False,del","score,('add', 0.3),True,add"
"num_iters","rank,mul,False,del - (score,('add', 0.3),True,all-sep)",-1340.46538461538,237.469680591121,Inf,-5.64478539440755,0.00047433111639388,"rank,mul,False,del","(score,('add', 0.3),True,all-sep)"
"num_iters","rank,mul,False,del - (score,('add', 0.3),True,all-uni)",-1394.6,237.469680591121,Inf,-5.87274971915781,0.000122929748139816,"rank,mul,False,del","(score,('add', 0.3),True,all-uni)"
"num_iters","rank,mul,False,del - score,('add', 0.3),True,del",-1154.07307692308,237.469680591121,Inf,-4.85987547568306,0.0336874162644436,"rank,mul,False,del","score,('add', 0.3),True,del"
"num_iters","rank,mul,False,del - score,('add', 0.4),False,add",-1173.10769230769,237.469680591121,Inf,-4.94003145743716,0.0224019389388535,"rank,mul,False,del","score,('add', 0.4),False,add"
"num_iters","rank,mul,False,del - (score,('add', 0.4),False,all-sep)",-1281.16153846154,237.469680591121,Inf,-5.39505310855857,0.00196467428196134,"rank,mul,False,del","(score,('add', 0.4),False,all-sep)"
"num_iters","rank,mul,False,del - (score,('add', 0.4),False,all-uni)",-1173.10769230769,237.469680591121,Inf,-4.94003145743716,0.0224019389388535,"rank,mul,False,del","(score,('add', 0.4),False,all-uni)"
"num_iters","rank,mul,False,del - score,('add', 0.4),False,del",-1139.65384615385,237.469680591121,Inf,-4.79915517348137,0.0456976540986695,"rank,mul,False,del","score,('add', 0.4),False,del"
"num_iters","rank,mul,False,del - score,('add', 0.4),True,add",-1210.01153846154,237.469680591121,Inf,-5.09543591185839,0.00997891100856245,"rank,mul,False,del","score,('add', 0.4),True,add"
"num_iters","rank,mul,False,del - (score,('add', 0.4),True,all-uni)",-1210.01153846154,237.469680591121,Inf,-5.09543591185839,0.00997891100856245,"rank,mul,False,del","(score,('add', 0.4),True,all-uni)"
"num_iters","rank,mul,True,add - score,('add', 0.1),False,add",-2411.83846153846,237.469680591121,Inf,-10.1564058853105,8.89955232813402e-20,"rank,mul,True,add","score,('add', 0.1),False,add"
"num_iters","rank,mul,True,add - (score,('add', 0.1),False,all-sep)",-2654.25384615385,237.469680591121,Inf,-11.1772325610021,1.51166720650236e-24,"rank,mul,True,add","(score,('add', 0.1),False,all-sep)"
"num_iters","rank,mul,True,add - (score,('add', 0.1),False,all-uni)",-2411.83846153846,237.469680591121,Inf,-10.1564058853105,8.89955232813386e-20,"rank,mul,True,add","(score,('add', 0.1),False,all-uni)"
"num_iters","rank,mul,True,add - score,('add', 0.1),False,del",-2418.15384615385,237.469680591121,Inf,-10.183000373498,6.77321687284602e-20,"rank,mul,True,add","score,('add', 0.1),False,del"
"num_iters","rank,mul,True,add - score,('add', 0.1),True,add",-2235.41153846154,237.469680591121,Inf,-9.41346083801959,1.37682378744557e-16,"rank,mul,True,add","score,('add', 0.1),True,add"
"num_iters","rank,mul,True,add - (score,('add', 0.1),True,all-sep)",-2070.46538461538,237.469680591121,Inf,-8.71886204361535,8.05941573364666e-14,"rank,mul,True,add","(score,('add', 0.1),True,all-sep)"
"num_iters","rank,mul,True,add - (score,('add', 0.1),True,all-uni)",-2235.41153846154,237.469680591121,Inf,-9.41346083801959,1.37682378744555e-16,"rank,mul,True,add","(score,('add', 0.1),True,all-uni)"
"num_iters","rank,mul,True,add - score,('add', 0.1),True,del",-2090.46923076923,237.469680591121,Inf,-8.80309951807546,3.81697664147308e-14,"rank,mul,True,add","score,('add', 0.1),True,del"
"num_iters","rank,mul,True,add - score,('add', 0.2),False,add",-1873.34230769231,237.469680591121,Inf,-7.88876416993148,8.75295311852882e-11,"rank,mul,True,add","score,('add', 0.2),False,add"
"num_iters","rank,mul,True,add - (score,('add', 0.2),False,all-sep)",-2192.4,237.469680591121,Inf,-9.23233650099066,7.59422593246455e-16,"rank,mul,True,add","(score,('add', 0.2),False,all-sep)"
"num_iters","rank,mul,True,add - (score,('add', 0.2),False,all-uni)",-1870.22307692308,237.469680591121,Inf,-7.87562888983397,9.72347122338671e-11,"rank,mul,True,add","(score,('add', 0.2),False,all-uni)"
"num_iters","rank,mul,True,add - score,('add', 0.2),False,del",-1853.88076923077,237.469680591121,Inf,-7.80681038781877,1.68217975823471e-10,"rank,mul,True,add","score,('add', 0.2),False,del"
"num_iters","rank,mul,True,add - score,('add', 0.2),True,add",-1815.10384615385,237.469680591121,Inf,-7.64351828677919,6.06195088940727e-10,"rank,mul,True,add","score,('add', 0.2),True,add"
"num_iters","rank,mul,True,add - (score,('add', 0.2),True,all-sep)",-1576.55384615385,237.469680591121,Inf,-6.63896899271272,9.0595769884133e-07,"rank,mul,True,add","(score,('add', 0.2),True,all-sep)"
"num_iters","rank,mul,True,add - (score,('add', 0.2),True,all-uni)",-1815.10384615385,237.469680591121,Inf,-7.64351828677919,6.06195088940732e-10,"rank,mul,True,add","(score,('add', 0.2),True,all-uni)"
"num_iters","rank,mul,True,add - score,('add', 0.2),True,del",-1579.46923076923,237.469680591121,Inf,-6.65124586363,8.33504832727748e-07,"rank,mul,True,add","score,('add', 0.2),True,del"
"num_iters","rank,mul,True,add - score,('add', 0.3),False,add",-1684.15,237.469680591121,Inf,-7.09206327227852,3.78940448343001e-08,"rank,mul,True,add","score,('add', 0.3),False,add"
"num_iters","rank,mul,True,add - (score,('add', 0.3),False,all-sep)",-1841.33076923077,237.469680591121,Inf,-7.75396153583582,2.55450799985974e-10,"rank,mul,True,add","(score,('add', 0.3),False,all-sep)"
"num_iters","rank,mul,True,add - (score,('add', 0.3),False,all-uni)",-1684.15,237.469680591121,Inf,-7.09206327227852,3.78940448342999e-08,"rank,mul,True,add","(score,('add', 0.3),False,all-uni)"
"num_iters","rank,mul,True,add - score,('add', 0.3),False,del",-1684.15,237.469680591121,Inf,-7.09206327227852,3.78940448342996e-08,"rank,mul,True,add","score,('add', 0.3),False,del"
"num_iters","rank,mul,True,add - score,('add', 0.3),True,add",-1623.25769230769,237.469680591121,Inf,-6.83564187338359,2.34139671841453e-07,"rank,mul,True,add","score,('add', 0.3),True,add"
"num_iters","rank,mul,True,add - (score,('add', 0.3),True,all-sep)",-1569.12307692308,237.469680591121,Inf,-6.60767754863333,1.11965528913827e-06,"rank,mul,True,add","(score,('add', 0.3),True,all-sep)"
"num_iters","rank,mul,True,add - (score,('add', 0.3),True,all-uni)",-1623.25769230769,237.469680591121,Inf,-6.83564187338359,2.34139671841453e-07,"rank,mul,True,add","(score,('add', 0.3),True,all-uni)"
"num_iters","rank,mul,True,add - score,('add', 0.3),True,del",-1382.73076923077,237.469680591121,Inf,-5.82276762990884,0.000166002725988396,"rank,mul,True,add","score,('add', 0.3),True,del"
"num_iters","rank,mul,True,add - score,('add', 0.4),False,add",-1401.76538461538,237.469680591121,Inf,-5.90292361166294,0.000102420769405965,"rank,mul,True,add","score,('add', 0.4),False,add"
"num_iters","rank,mul,True,add - (score,('add', 0.4),False,all-sep)",-1509.81923076923,237.469680591121,Inf,-6.35794526278435,5.8642082026146e-06,"rank,mul,True,add","(score,('add', 0.4),False,all-sep)"
"num_iters","rank,mul,True,add - (score,('add', 0.4),False,all-uni)",-1401.76538461538,237.469680591121,Inf,-5.90292361166294,0.000102420769405965,"rank,mul,True,add","(score,('add', 0.4),False,all-uni)"
"num_iters","rank,mul,True,add - score,('add', 0.4),False,del",-1368.31153846154,237.469680591121,Inf,-5.76204732770715,0.00023832990245753,"rank,mul,True,add","score,('add', 0.4),False,del"
"num_iters","rank,mul,True,add - score,('add', 0.4),True,add",-1438.66923076923,237.469680591121,Inf,-6.05832806608417,3.94475206583652e-05,"rank,mul,True,add","score,('add', 0.4),True,add"
"num_iters","rank,mul,True,add - (score,('add', 0.4),True,all-sep)",-1260.36153846154,237.469680591121,Inf,-5.30746297937567,0.00318811392259021,"rank,mul,True,add","(score,('add', 0.4),True,all-sep)"
"num_iters","rank,mul,True,add - (score,('add', 0.4),True,all-uni)",-1438.66923076923,237.469680591121,Inf,-6.05832806608417,3.9447520658365e-05,"rank,mul,True,add","(score,('add', 0.4),True,all-uni)"
"num_iters","rank,mul,True,add - score,('add', 0.4),True,del",-1314.33461538462,237.469680591121,Inf,-5.53474705534159,0.000893891991661169,"rank,mul,True,add","score,('add', 0.4),True,del"
"num_iters","rank,mul,True,add - score,('add', 0.5),False,add",-1301.46538461538,237.469680591121,Inf,-5.4805539021896,0.00121602142729453,"rank,mul,True,add","score,('add', 0.5),False,add"
"num_iters","rank,mul,True,add - (score,('add', 0.5),False,all-sep)",-1344.63076923077,237.469680591121,Inf,-5.66232609520361,0.000428291890007542,"rank,mul,True,add","(score,('add', 0.5),False,all-sep)"
"num_iters","rank,mul,True,add - (score,('add', 0.5),False,all-uni)",-1301.46538461538,237.469680591121,Inf,-5.4805539021896,0.00121602142729453,"rank,mul,True,add","(score,('add', 0.5),False,all-uni)"
"num_iters","rank,mul,True,add - score,('add', 0.5),False,del",-1301.46538461538,237.469680591121,Inf,-5.4805539021896,0.00121602142729452,"rank,mul,True,add","score,('add', 0.5),False,del"
"num_iters","rank,mul,True,add - score,('add', 0.5),True,add",-1138.95769230769,237.469680591121,Inf,-4.79622362514888,0.0463711931950003,"rank,mul,True,add","score,('add', 0.5),True,add"
"num_iters","rank,mul,True,add - (score,('add', 0.5),True,all-uni)",-1138.95769230769,237.469680591121,Inf,-4.79622362514888,0.0463711931950003,"rank,mul,True,add","(score,('add', 0.5),True,all-uni)"
"num_iters","rank,mul,True,add - score,('add', 0.5),True,del",-1177.42692307692,237.469680591121,Inf,-4.9582200142183,0.0204035174052297,"rank,mul,True,add","score,('add', 0.5),True,del"
"num_iters","rank,mul,True,add - score,('add', 0.6),False,add",-1156.54615384615,237.469680591121,Inf,-4.87028976064323,0.0319594755538879,"rank,mul,True,add","score,('add', 0.6),False,add"
"num_iters","rank,mul,True,add - (score,('add', 0.6),False,all-sep)",-1249.23461538462,237.469680591121,Inf,-5.26060679525471,0.00411789680812577,"rank,mul,True,add","(score,('add', 0.6),False,all-sep)"
"num_iters","rank,mul,True,add - (score,('add', 0.6),False,all-uni)",-1143.15384615385,237.469680591121,Inf,-4.81389389714195,0.0424513951934302,"rank,mul,True,add","(score,('add', 0.6),False,all-uni)"
"num_iters","rank,mul,True,add - score,('add', 0.6),False,del",-1156.54615384615,237.469680591121,Inf,-4.87028976064323,0.0319594755538879,"rank,mul,True,add","score,('add', 0.6),False,del"
"num_iters","(rank,mul,True,all-sep) - score,('add', 0.1),False,add",-2656.48076923077,237.469680591121,Inf,-11.1866102763861,1.3600568949854e-24,"(rank,mul,True,all-sep)","score,('add', 0.1),False,add"
"num_iters","(rank,mul,True,all-sep) - (score,('add', 0.1),False,all-sep)",-2898.89615384615,237.469680591121,Inf,-12.2074369520778,8.13610436865302e-30,"(rank,mul,True,all-sep)","(score,('add', 0.1),False,all-sep)"
"num_iters","(rank,mul,True,all-sep) - (score,('add', 0.1),False,all-uni)",-2656.48076923077,237.469680591121,Inf,-11.1866102763861,1.36005689498543e-24,"(rank,mul,True,all-sep)","(score,('add', 0.1),False,all-uni)"
"num_iters","(rank,mul,True,all-sep) - score,('add', 0.1),False,del",-2662.79615384615,237.469680591121,Inf,-11.2132047645737,1.0073595797451e-24,"(rank,mul,True,all-sep)","score,('add', 0.1),False,del"
"num_iters","(rank,mul,True,all-sep) - score,('add', 0.1),True,add",-2480.05384615385,237.469680591121,Inf,-10.4436652290953,4.49253170832709e-21,"(rank,mul,True,all-sep)","score,('add', 0.1),True,add"
"num_iters","(rank,mul,True,all-sep) - (score,('add', 0.1),True,all-sep)",-2315.10769230769,237.469680591121,Inf,-9.74906643469101,5.33942449342279e-18,"(rank,mul,True,all-sep)","(score,('add', 0.1),True,all-sep)"
"num_iters","(rank,mul,True,all-sep) - (score,('add', 0.1),True,all-uni)",-2480.05384615385,237.469680591121,Inf,-10.4436652290953,4.49253170832709e-21,"(rank,mul,True,all-sep)","(score,('add', 0.1),True,all-uni)"
"num_iters","(rank,mul,True,all-sep) - score,('add', 0.1),True,del",-2335.11153846154,237.469680591121,Inf,-9.83330390915113,2.32077341787998e-18,"(rank,mul,True,all-sep)","score,('add', 0.1),True,del"
"num_iters","(rank,mul,True,all-sep) - score,('add', 0.2),False,add",-2117.98461538462,237.469680591121,Inf,-8.91896856100714,1.34982690812224e-14,"(rank,mul,True,all-sep)","score,('add', 0.2),False,add"
"num_iters","(rank,mul,True,all-sep) - (score,('add', 0.2),False,all-sep)",-2437.04230769231,237.469680591121,Inf,-10.2625408920663,2.98086388207395e-20,"(rank,mul,True,all-sep)","(score,('add', 0.2),False,all-sep)"
"num_iters","(rank,mul,True,all-sep) - (score,('add', 0.2),False,all-uni)",-2114.86538461538,237.469680591121,Inf,-8.90583328090963,1.51965312716929e-14,"(rank,mul,True,all-sep)","(score,('add', 0.2),False,all-uni)"
"num_iters","(rank,mul,True,all-sep) - score,('add', 0.2),False,del",-2098.52307692308,237.469680591121,Inf,-8.83701477889444,2.81953481544834e-14,"(rank,mul,True,all-sep)","score,('add', 0.2),False,del"
"num_iters","(rank,mul,True,all-sep) - score,('add', 0.2),True,add",-2059.74615384615,237.469680591121,Inf,-8.67372267785485,1.19944957100064e-13,"(rank,mul,True,all-sep)","score,('add', 0.2),True,add"
"num_iters","(rank,mul,True,all-sep) - (score,('add', 0.2),True,all-sep)",-1821.19615384615,237.469680591121,Inf,-7.66917338378839,4.96474624562286e-10,"(rank,mul,True,all-sep)","(score,('add', 0.2),True,all-sep)"
"num_iters","(rank,mul,True,all-sep) - (score,('add', 0.2),True,all-uni)",-2059.74615384615,237.469680591121,Inf,-8.67372267785485,1.19944957100064e-13,"(rank,mul,True,all-sep)","(score,('add', 0.2),True,all-uni)"
"num_iters","(rank,mul,True,all-sep) - score,('add', 0.2),True,del",-1824.11153846154,237.469680591121,Inf,-7.68145025470567,4.51129405469859e-10,"(rank,mul,True,all-sep)","score,('add', 0.2),True,del"
"num_iters","(rank,mul,True,all-sep) - score,('add', 0.3),False,add",-1928.79230769231,237.469680591121,Inf,-8.12226766335418,1.31226155506533e-11,"(rank,mul,True,all-sep)","score,('add', 0.3),False,add"
"num_iters","(rank,mul,True,all-sep) - (score,('add', 0.3),False,all-sep)",-2085.97307692308,237.469680591121,Inf,-8.78416592691148,4.51793219289221e-14,"(rank,mul,True,all-sep)","(score,('add', 0.3),False,all-sep)"
"num_iters","(rank,mul,True,all-sep) - (score,('add', 0.3),False,all-uni)",-1928.79230769231,237.469680591121,Inf,-8.12226766335418,1.31226155506533e-11,"(rank,mul,True,all-sep)","(score,('add', 0.3),False,all-uni)"
"num_iters","(rank,mul,True,all-sep) - score,('add', 0.3),False,del",-1928.79230769231,237.469680591121,Inf,-8.12226766335418,1.31226155506531e-11,"(rank,mul,True,all-sep)","score,('add', 0.3),False,del"
"num_iters","(rank,mul,True,all-sep) - score,('add', 0.3),True,add",-1867.9,237.469680591121,Inf,-7.86584626445925,1.05143904687149e-10,"(rank,mul,True,all-sep)","score,('add', 0.3),True,add"
"num_iters","(rank,mul,True,all-sep) - (score,('add', 0.3),True,all-sep)",-1813.76538461538,237.469680591121,Inf,-7.63788193970899,6.33323804833699e-10,"(rank,mul,True,all-sep)","(score,('add', 0.3),True,all-sep)"
"num_iters","(rank,mul,True,all-sep) - (score,('add', 0.3),True,all-uni)",-1867.9,237.469680591121,Inf,-7.86584626445925,1.05143904687149e-10,"(rank,mul,True,all-sep)","(score,('add', 0.3),True,all-uni)"
"num_iters","(rank,mul,True,all-sep) - score,('add', 0.3),True,del",-1627.37307692308,237.469680591121,Inf,-6.8529720209845,2.07445988794835e-07,"(rank,mul,True,all-sep)","score,('add', 0.3),True,del"
"num_iters","(rank,mul,True,all-sep) - score,('add', 0.4),False,add",-1646.40769230769,237.469680591121,Inf,-6.9331280027386,1.1805703789112e-07,"(rank,mul,True,all-sep)","score,('add', 0.4),False,add"
"num_iters","(rank,mul,True,all-sep) - (score,('add', 0.4),False,all-sep)",-1754.46153846154,237.469680591121,Inf,-7.38814965386002,4.2700538781586e-09,"(rank,mul,True,all-sep)","(score,('add', 0.4),False,all-sep)"
"num_iters","(rank,mul,True,all-sep) - (score,('add', 0.4),False,all-uni)",-1646.40769230769,237.469680591121,Inf,-6.9331280027386,1.18057037891119e-07,"(rank,mul,True,all-sep)","(score,('add', 0.4),False,all-uni)"
"num_iters","(rank,mul,True,all-sep) - score,('add', 0.4),False,del",-1612.95384615385,237.469680591121,Inf,-6.79225171878281,3.16617747822958e-07,"(rank,mul,True,all-sep)","score,('add', 0.4),False,del"
"num_iters","(rank,mul,True,all-sep) - score,('add', 0.4),True,add",-1683.31153846154,237.469680591121,Inf,-7.08853245715983,3.88733293548537e-08,"(rank,mul,True,all-sep)","score,('add', 0.4),True,add"
"num_iters","(rank,mul,True,all-sep) - (score,('add', 0.4),True,all-sep)",-1505.00384615385,237.469680591121,Inf,-6.33766737045133,6.69017647396442e-06,"(rank,mul,True,all-sep)","(score,('add', 0.4),True,all-sep)"
"num_iters","(rank,mul,True,all-sep) - (score,('add', 0.4),True,all-uni)",-1683.31153846154,237.469680591121,Inf,-7.08853245715983,3.88733293548535e-08,"(rank,mul,True,all-sep)","(score,('add', 0.4),True,all-uni)"
"num_iters","(rank,mul,True,all-sep) - score,('add', 0.4),True,del",-1558.97692307692,237.469680591121,Inf,-6.56495144641726,1.49278882191224e-06,"(rank,mul,True,all-sep)","score,('add', 0.4),True,del"
"num_iters","(rank,mul,True,all-sep) - score,('add', 0.5),False,add",-1546.10769230769,237.469680591121,Inf,-6.51075829326526,2.14447175763769e-06,"(rank,mul,True,all-sep)","score,('add', 0.5),False,add"
"num_iters","(rank,mul,True,all-sep) - (score,('add', 0.5),False,all-sep)",-1589.27307692308,237.469680591121,Inf,-6.69253048627927,6.29078684537752e-07,"(rank,mul,True,all-sep)","(score,('add', 0.5),False,all-sep)"
"num_iters","(rank,mul,True,all-sep) - (score,('add', 0.5),False,all-uni)",-1546.10769230769,237.469680591121,Inf,-6.51075829326526,2.14447175763769e-06,"(rank,mul,True,all-sep)","(score,('add', 0.5),False,all-uni)"
"num_iters","(rank,mul,True,all-sep) - score,('add', 0.5),False,del",-1546.10769230769,237.469680591121,Inf,-6.51075829326526,2.14447175763768e-06,"(rank,mul,True,all-sep)","score,('add', 0.5),False,del"
"num_iters","(rank,mul,True,all-sep) - score,('add', 0.5),True,add",-1383.6,237.469680591121,Inf,-5.82642801622454,0.000162404156526441,"(rank,mul,True,all-sep)","score,('add', 0.5),True,add"
"num_iters","(rank,mul,True,all-sep) - (score,('add', 0.5),True,all-sep)",-1371.91538461538,237.469680591121,Inf,-5.77722335415766,0.000217805797584074,"(rank,mul,True,all-sep)","(score,('add', 0.5),True,all-sep)"
"num_iters","(rank,mul,True,all-sep) - (score,('add', 0.5),True,all-uni)",-1383.6,237.469680591121,Inf,-5.82642801622454,0.000162404156526441,"(rank,mul,True,all-sep)","(score,('add', 0.5),True,all-uni)"
"num_iters","(rank,mul,True,all-sep) - score,('add', 0.5),True,del",-1422.06923076923,237.469680591121,Inf,-5.98842440529396,6.07682101953762e-05,"(rank,mul,True,all-sep)","score,('add', 0.5),True,del"
"num_iters","(rank,mul,True,all-sep) - score,('add', 0.6),False,add",-1401.18846153846,237.469680591121,Inf,-5.90049415171889,0.000103940468979171,"(rank,mul,True,all-sep)","score,('add', 0.6),False,add"
"num_iters","(rank,mul,True,all-sep) - (score,('add', 0.6),False,all-sep)",-1493.87692307692,237.469680591121,Inf,-6.29081118633037,9.0574673963331e-06,"(rank,mul,True,all-sep)","(score,('add', 0.6),False,all-sep)"
"num_iters","(rank,mul,True,all-sep) - (score,('add', 0.6),False,all-uni)",-1387.79615384615,237.469680591121,Inf,-5.84409828821762,0.000146072835312361,"(rank,mul,True,all-sep)","(score,('add', 0.6),False,all-uni)"
"num_iters","(rank,mul,True,all-sep) - score,('add', 0.6),False,del",-1401.18846153846,237.469680591121,Inf,-5.90049415171889,0.000103940468979171,"(rank,mul,True,all-sep)","score,('add', 0.6),False,del"
"num_iters","(rank,mul,True,all-sep) - score,('add', 0.6),True,add",-1290.57307692308,237.469680591121,Inf,-5.43468569844589,0.00157433420805708,"(rank,mul,True,all-sep)","score,('add', 0.6),True,add"
"num_iters","(rank,mul,True,all-sep) - (score,('add', 0.6),True,all-sep)",-1253.16153846154,237.469680591121,Inf,-5.27714331927389,0.00376319642525708,"(rank,mul,True,all-sep)","(score,('add', 0.6),True,all-sep)"
"num_iters","(rank,mul,True,all-sep) - (score,('add', 0.6),True,all-uni)",-1338.47692307692,237.469680591121,Inf,-5.63641185580038,0.00049797038828821,"(rank,mul,True,all-sep)","(score,('add', 0.6),True,all-uni)"
"num_iters","(rank,mul,True,all-sep) - score,('add', 0.6),True,del",-1349.38846153846,237.469680591121,Inf,-5.68236104154223,0.000381007611987668,"(rank,mul,True,all-sep)","score,('add', 0.6),True,del"
"num_iters","(rank,mul,True,all-sep) - score,('add', 0.7),False,add",-1196.07307692308,237.469680591121,Inf,-5.03674015961008,0.0135807511750099,"(rank,mul,True,all-sep)","score,('add', 0.7),False,add"
"num_iters","(rank,mul,True,all-sep) - (score,('add', 0.7),False,all-sep)",-1284.26538461538,237.469680591121,Inf,-5.40812360305758,0.0018265852326543,"(rank,mul,True,all-sep)","(score,('add', 0.7),False,all-sep)"
"num_iters","(rank,mul,True,all-sep) - (score,('add', 0.7),False,all-uni)",-1196.07307692308,237.469680591121,Inf,-5.03674015961008,0.0135807511750099,"(rank,mul,True,all-sep)","(score,('add', 0.7),False,all-uni)"
"num_iters","(rank,mul,True,all-sep) - score,('add', 0.7),False,del",-1196.07307692308,237.469680591121,Inf,-5.03674015961008,0.0135807511750099,"(rank,mul,True,all-sep)","score,('add', 0.7),False,del"
"num_iters","(rank,mul,True,all-sep) - score,('add', 0.7),True,add",-1162.41923076923,237.469680591121,Inf,-4.89502166287368,0.0281909773552943,"(rank,mul,True,all-sep)","score,('add', 0.7),True,add"
"num_iters","(rank,mul,True,all-sep) - (score,('add', 0.7),True,all-uni)",-1162.41923076923,237.469680591121,Inf,-4.89502166287368,0.0281909773552943,"(rank,mul,True,all-sep)","(score,('add', 0.7),True,all-uni)"
"num_iters","(rank,mul,True,all-sep) - score,('add', 0.7),True,del",-1180.23461538462,237.469680591121,Inf,-4.97004338594602,0.0191977959482489,"(rank,mul,True,all-sep)","score,('add', 0.7),True,del"
"num_iters","(rank,mul,True,all-sep) - score,('add', 0.8),True,add",-1138.43076923077,237.469680591121,Inf,-4.79400471839998,0.0468873333732422,"(rank,mul,True,all-sep)","score,('add', 0.8),True,add"
"num_iters","(rank,mul,True,all-sep) - (score,('add', 0.8),True,all-uni)",-1138.43076923077,237.469680591121,Inf,-4.79400471839998,0.0468873333732424,"(rank,mul,True,all-sep)","(score,('add', 0.8),True,all-uni)"
"num_iters","(rank,mul,True,all-sep) - score,('add', 0.8),True,del",-1166.61923076923,237.469680591121,Inf,-4.91270813126638,0.0257623682567478,"(rank,mul,True,all-sep)","score,('add', 0.8),True,del"
"num_iters","(rank,mul,True,all-sep) - (score,('add', 0.9),False,all-sep)",-1184.67692307692,237.469680591121,Inf,-4.98875022751523,0.0174291683164693,"(rank,mul,True,all-sep)","(score,('add', 0.9),False,all-sep)"
"num_iters","(rank,mul,True,all-uni) - score,('add', 0.1),False,add",-2411.83846153846,237.469680591121,Inf,-10.1564058853105,8.89955232813386e-20,"(rank,mul,True,all-uni)","score,('add', 0.1),False,add"
"num_iters","(rank,mul,True,all-uni) - (score,('add', 0.1),False,all-sep)",-2654.25384615385,237.469680591121,Inf,-11.1772325610021,1.51166720650233e-24,"(rank,mul,True,all-uni)","(score,('add', 0.1),False,all-sep)"
"num_iters","(rank,mul,True,all-uni) - (score,('add', 0.1),False,all-uni)",-2411.83846153846,237.469680591121,Inf,-10.1564058853105,8.89955232813386e-20,"(rank,mul,True,all-uni)","(score,('add', 0.1),False,all-uni)"
"num_iters","(rank,mul,True,all-uni) - score,('add', 0.1),False,del",-2418.15384615385,237.469680591121,Inf,-10.183000373498,6.77321687284589e-20,"(rank,mul,True,all-uni)","score,('add', 0.1),False,del"
"num_iters","(rank,mul,True,all-uni) - score,('add', 0.1),True,add",-2235.41153846154,237.469680591121,Inf,-9.41346083801959,1.37682378744557e-16,"(rank,mul,True,all-uni)","score,('add', 0.1),True,add"
"num_iters","(rank,mul,True,all-uni) - (score,('add', 0.1),True,all-sep)",-2070.46538461538,237.469680591121,Inf,-8.71886204361535,8.05941573364666e-14,"(rank,mul,True,all-uni)","(score,('add', 0.1),True,all-sep)"
"num_iters","(rank,mul,True,all-uni) - (score,('add', 0.1),True,all-uni)",-2235.41153846154,237.469680591121,Inf,-9.41346083801959,1.37682378744555e-16,"(rank,mul,True,all-uni)","(score,('add', 0.1),True,all-uni)"
"num_iters","(rank,mul,True,all-uni) - score,('add', 0.1),True,del",-2090.46923076923,237.469680591121,Inf,-8.80309951807546,3.81697664147302e-14,"(rank,mul,True,all-uni)","score,('add', 0.1),True,del"
"num_iters","(rank,mul,True,all-uni) - score,('add', 0.2),False,add",-1873.34230769231,237.469680591121,Inf,-7.88876416993148,8.75295311852876e-11,"(rank,mul,True,all-uni)","score,('add', 0.2),False,add"
"num_iters","(rank,mul,True,all-uni) - (score,('add', 0.2),False,all-sep)",-2192.4,237.469680591121,Inf,-9.23233650099067,7.59422593246443e-16,"(rank,mul,True,all-uni)","(score,('add', 0.2),False,all-sep)"
"num_iters","(rank,mul,True,all-uni) - (score,('add', 0.2),False,all-uni)",-1870.22307692308,237.469680591121,Inf,-7.87562888983397,9.72347122338664e-11,"(rank,mul,True,all-uni)","(score,('add', 0.2),False,all-uni)"
"num_iters","(rank,mul,True,all-uni) - score,('add', 0.2),False,del",-1853.88076923077,237.469680591121,Inf,-7.80681038781877,1.68217975823471e-10,"(rank,mul,True,all-uni)","score,('add', 0.2),False,del"
"num_iters","(rank,mul,True,all-uni) - score,('add', 0.2),True,add",-1815.10384615385,237.469680591121,Inf,-7.64351828677919,6.06195088940727e-10,"(rank,mul,True,all-uni)","score,('add', 0.2),True,add"
"num_iters","(rank,mul,True,all-uni) - (score,('add', 0.2),True,all-sep)",-1576.55384615385,237.469680591121,Inf,-6.63896899271272,9.0595769884133e-07,"(rank,mul,True,all-uni)","(score,('add', 0.2),True,all-sep)"
"num_iters","(rank,mul,True,all-uni) - (score,('add', 0.2),True,all-uni)",-1815.10384615385,237.469680591121,Inf,-7.64351828677919,6.06195088940723e-10,"(rank,mul,True,all-uni)","(score,('add', 0.2),True,all-uni)"
"num_iters","(rank,mul,True,all-uni) - score,('add', 0.2),True,del",-1579.46923076923,237.469680591121,Inf,-6.65124586363,8.33504832727748e-07,"(rank,mul,True,all-uni)","score,('add', 0.2),True,del"
"num_iters","(rank,mul,True,all-uni) - score,('add', 0.3),False,add",-1684.15,237.469680591121,Inf,-7.09206327227852,3.78940448342999e-08,"(rank,mul,True,all-uni)","score,('add', 0.3),False,add"
"num_iters","(rank,mul,True,all-uni) - (score,('add', 0.3),False,all-sep)",-1841.33076923077,237.469680591121,Inf,-7.75396153583582,2.55450799985974e-10,"(rank,mul,True,all-uni)","(score,('add', 0.3),False,all-sep)"
"num_iters","(rank,mul,True,all-uni) - (score,('add', 0.3),False,all-uni)",-1684.15,237.469680591121,Inf,-7.09206327227852,3.78940448342999e-08,"(rank,mul,True,all-uni)","(score,('add', 0.3),False,all-uni)"
"num_iters","(rank,mul,True,all-uni) - score,('add', 0.3),False,del",-1684.15,237.469680591121,Inf,-7.09206327227852,3.78940448342996e-08,"(rank,mul,True,all-uni)","score,('add', 0.3),False,del"
"num_iters","(rank,mul,True,all-uni) - score,('add', 0.3),True,add",-1623.25769230769,237.469680591121,Inf,-6.83564187338359,2.3413967184145e-07,"(rank,mul,True,all-uni)","score,('add', 0.3),True,add"
"num_iters","(rank,mul,True,all-uni) - (score,('add', 0.3),True,all-sep)",-1569.12307692308,237.469680591121,Inf,-6.60767754863333,1.11965528913827e-06,"(rank,mul,True,all-uni)","(score,('add', 0.3),True,all-sep)"
"num_iters","(rank,mul,True,all-uni) - (score,('add', 0.3),True,all-uni)",-1623.25769230769,237.469680591121,Inf,-6.83564187338359,2.34139671841451e-07,"(rank,mul,True,all-uni)","(score,('add', 0.3),True,all-uni)"
"num_iters","(rank,mul,True,all-uni) - score,('add', 0.3),True,del",-1382.73076923077,237.469680591121,Inf,-5.82276762990884,0.000166002725988395,"(rank,mul,True,all-uni)","score,('add', 0.3),True,del"
"num_iters","(rank,mul,True,all-uni) - score,('add', 0.4),False,add",-1401.76538461538,237.469680591121,Inf,-5.90292361166294,0.000102420769405965,"(rank,mul,True,all-uni)","score,('add', 0.4),False,add"
"num_iters","(rank,mul,True,all-uni) - (score,('add', 0.4),False,all-sep)",-1509.81923076923,237.469680591121,Inf,-6.35794526278435,5.86420820261457e-06,"(rank,mul,True,all-uni)","(score,('add', 0.4),False,all-sep)"
"num_iters","(rank,mul,True,all-uni) - (score,('add', 0.4),False,all-uni)",-1401.76538461538,237.469680591121,Inf,-5.90292361166294,0.000102420769405965,"(rank,mul,True,all-uni)","(score,('add', 0.4),False,all-uni)"
"num_iters","(rank,mul,True,all-uni) - score,('add', 0.4),False,del",-1368.31153846154,237.469680591121,Inf,-5.76204732770715,0.000238329902457529,"(rank,mul,True,all-uni)","score,('add', 0.4),False,del"
"num_iters","(rank,mul,True,all-uni) - score,('add', 0.4),True,add",-1438.66923076923,237.469680591121,Inf,-6.05832806608417,3.94475206583647e-05,"(rank,mul,True,all-uni)","score,('add', 0.4),True,add"
"num_iters","(rank,mul,True,all-uni) - (score,('add', 0.4),True,all-sep)",-1260.36153846154,237.469680591121,Inf,-5.30746297937567,0.0031881139225902,"(rank,mul,True,all-uni)","(score,('add', 0.4),True,all-sep)"
"num_iters","(rank,mul,True,all-uni) - (score,('add', 0.4),True,all-uni)",-1438.66923076923,237.469680591121,Inf,-6.05832806608417,3.9447520658365e-05,"(rank,mul,True,all-uni)","(score,('add', 0.4),True,all-uni)"
"num_iters","(rank,mul,True,all-uni) - score,('add', 0.4),True,del",-1314.33461538462,237.469680591121,Inf,-5.5347470553416,0.00089389199166116,"(rank,mul,True,all-uni)","score,('add', 0.4),True,del"
"num_iters","(rank,mul,True,all-uni) - score,('add', 0.5),False,add",-1301.46538461538,237.469680591121,Inf,-5.4805539021896,0.00121602142729453,"(rank,mul,True,all-uni)","score,('add', 0.5),False,add"
"num_iters","(rank,mul,True,all-uni) - (score,('add', 0.5),False,all-sep)",-1344.63076923077,237.469680591121,Inf,-5.66232609520361,0.00042829189000754,"(rank,mul,True,all-uni)","(score,('add', 0.5),False,all-sep)"
"num_iters","(rank,mul,True,all-uni) - (score,('add', 0.5),False,all-uni)",-1301.46538461538,237.469680591121,Inf,-5.4805539021896,0.00121602142729452,"(rank,mul,True,all-uni)","(score,('add', 0.5),False,all-uni)"
"num_iters","(rank,mul,True,all-uni) - score,('add', 0.5),False,del",-1301.46538461538,237.469680591121,Inf,-5.4805539021896,0.00121602142729452,"(rank,mul,True,all-uni)","score,('add', 0.5),False,del"
"num_iters","(rank,mul,True,all-uni) - score,('add', 0.5),True,add",-1138.95769230769,237.469680591121,Inf,-4.79622362514888,0.0463711931950001,"(rank,mul,True,all-uni)","score,('add', 0.5),True,add"
"num_iters","(rank,mul,True,all-uni) - (score,('add', 0.5),True,all-uni)",-1138.95769230769,237.469680591121,Inf,-4.79622362514888,0.0463711931950001,"(rank,mul,True,all-uni)","(score,('add', 0.5),True,all-uni)"
"num_iters","(rank,mul,True,all-uni) - score,('add', 0.5),True,del",-1177.42692307692,237.469680591121,Inf,-4.9582200142183,0.0204035174052297,"(rank,mul,True,all-uni)","score,('add', 0.5),True,del"
"num_iters","(rank,mul,True,all-uni) - score,('add', 0.6),False,add",-1156.54615384615,237.469680591121,Inf,-4.87028976064323,0.0319594755538879,"(rank,mul,True,all-uni)","score,('add', 0.6),False,add"
"num_iters","(rank,mul,True,all-uni) - (score,('add', 0.6),False,all-sep)",-1249.23461538462,237.469680591121,Inf,-5.26060679525471,0.00411789680812575,"(rank,mul,True,all-uni)","(score,('add', 0.6),False,all-sep)"
"num_iters","(rank,mul,True,all-uni) - (score,('add', 0.6),False,all-uni)",-1143.15384615385,237.469680591121,Inf,-4.81389389714195,0.04245139519343,"(rank,mul,True,all-uni)","(score,('add', 0.6),False,all-uni)"
"num_iters","(rank,mul,True,all-uni) - score,('add', 0.6),False,del",-1156.54615384615,237.469680591121,Inf,-4.87028976064323,0.0319594755538879,"(rank,mul,True,all-uni)","score,('add', 0.6),False,del"
"num_iters","rank,mul,True,del - score,('add', 0.1),False,add",-2348.98076923077,237.469680591121,Inf,-9.89170812620615,1.29703726460975e-18,"rank,mul,True,del","score,('add', 0.1),False,add"
"num_iters","rank,mul,True,del - (score,('add', 0.1),False,all-sep)",-2591.39615384615,237.469680591121,Inf,-10.9125348018978,2.8799501718116e-23,"rank,mul,True,del","(score,('add', 0.1),False,all-sep)"
"num_iters","rank,mul,True,del - (score,('add', 0.1),False,all-uni)",-2348.98076923077,237.469680591121,Inf,-9.89170812620615,1.29703726460978e-18,"rank,mul,True,del","(score,('add', 0.1),False,all-uni)"
"num_iters","rank,mul,True,del - score,('add', 0.1),False,del",-2355.29615384615,237.469680591121,Inf,-9.91830261439371,9.94049046249832e-19,"rank,mul,True,del","score,('add', 0.1),False,del"
"num_iters","rank,mul,True,del - score,('add', 0.1),True,add",-2172.55384615385,237.469680591121,Inf,-9.14876307891526,1.65165646949043e-15,"rank,mul,True,del","score,('add', 0.1),True,add"
"num_iters","rank,mul,True,del - (score,('add', 0.1),True,all-sep)",-2007.60769230769,237.469680591121,Inf,-8.45416428451101,8.06175632135807e-13,"rank,mul,True,del","(score,('add', 0.1),True,all-sep)"
"num_iters","rank,mul,True,del - (score,('add', 0.1),True,all-uni)",-2172.55384615385,237.469680591121,Inf,-9.14876307891526,1.6516564694904e-15,"rank,mul,True,del","(score,('add', 0.1),True,all-uni)"
"num_iters","rank,mul,True,del - score,('add', 0.1),True,del",-2027.61153846154,237.469680591121,Inf,-8.53840175897113,3.90309064642925e-13,"rank,mul,True,del","score,('add', 0.1),True,del"
"num_iters","rank,mul,True,del - score,('add', 0.2),False,add",-1810.48461538462,237.469680591121,Inf,-7.62406641082714,7.04973915506835e-10,"rank,mul,True,del","score,('add', 0.2),False,add"
"num_iters","rank,mul,True,del - (score,('add', 0.2),False,all-sep)",-2129.54230769231,237.469680591121,Inf,-8.96763874188633,8.68828391421244e-15,"rank,mul,True,del","(score,('add', 0.2),False,all-sep)"
"num_iters","rank,mul,True,del - (score,('add', 0.2),False,all-uni)",-1807.36538461539,237.469680591121,Inf,-7.61093113072964,7.80463726155478e-10,"rank,mul,True,del","(score,('add', 0.2),False,all-uni)"
"num_iters","rank,mul,True,del - score,('add', 0.2),False,del",-1791.02307692308,237.469680591121,Inf,-7.54211262871444,1.32621509090428e-09,"rank,mul,True,del","score,('add', 0.2),False,del"
"num_iters","rank,mul,True,del - score,('add', 0.2),True,add",-1752.24615384615,237.469680591121,Inf,-7.37882052767485,4.58013661332071e-09,"rank,mul,True,del","score,('add', 0.2),True,add"
"num_iters","rank,mul,True,del - (score,('add', 0.2),True,all-sep)",-1513.69615384615,237.469680591121,Inf,-6.37427123360839,5.27238765303698e-06,"rank,mul,True,del","(score,('add', 0.2),True,all-sep)"
"num_iters","rank,mul,True,del - (score,('add', 0.2),True,all-uni)",-1752.24615384615,237.469680591121,Inf,-7.37882052767486,4.58013661332068e-09,"rank,mul,True,del","(score,('add', 0.2),True,all-uni)"
"num_iters","rank,mul,True,del - score,('add', 0.2),True,del",-1516.61153846154,237.469680591121,Inf,-6.38654810452567,4.86619515873973e-06,"rank,mul,True,del","score,('add', 0.2),True,del"
"num_iters","rank,mul,True,del - score,('add', 0.3),False,add",-1621.29230769231,237.469680591121,Inf,-6.82736551317418,2.48047985533937e-07,"rank,mul,True,del","score,('add', 0.3),False,add"
"num_iters","rank,mul,True,del - (score,('add', 0.3),False,all-sep)",-1778.47307692308,237.469680591121,Inf,-7.48926377673148,1.98640603309537e-09,"rank,mul,True,del","(score,('add', 0.3),False,all-sep)"
"num_iters","rank,mul,True,del - (score,('add', 0.3),False,all-uni)",-1621.29230769231,237.469680591121,Inf,-6.82736551317418,2.48047985533937e-07,"rank,mul,True,del","(score,('add', 0.3),False,all-uni)"
"num_iters","rank,mul,True,del - score,('add', 0.3),False,del",-1621.29230769231,237.469680591121,Inf,-6.82736551317419,2.48047985533936e-07,"rank,mul,True,del","score,('add', 0.3),False,del"
"num_iters","rank,mul,True,del - score,('add', 0.3),True,add",-1560.4,237.469680591121,Inf,-6.57094411427925,1.43392037577352e-06,"rank,mul,True,del","score,('add', 0.3),True,add"
"num_iters","rank,mul,True,del - (score,('add', 0.3),True,all-sep)",-1506.26538461538,237.469680591121,Inf,-6.34297978952899,6.46341099593389e-06,"rank,mul,True,del","(score,('add', 0.3),True,all-sep)"
"num_iters","rank,mul,True,del - (score,('add', 0.3),True,all-uni)",-1560.4,237.469680591121,Inf,-6.57094411427925,1.43392037577352e-06,"rank,mul,True,del","(score,('add', 0.3),True,all-uni)"
"num_iters","rank,mul,True,del - score,('add', 0.3),True,del",-1319.87307692308,237.469680591121,Inf,-5.5580698708045,0.000782316396991039,"rank,mul,True,del","score,('add', 0.3),True,del"
"num_iters","rank,mul,True,del - score,('add', 0.4),False,add",-1338.90769230769,237.469680591121,Inf,-5.63822585255861,0.000492754162695133,"rank,mul,True,del","score,('add', 0.4),False,add"
"num_iters","rank,mul,True,del - (score,('add', 0.4),False,all-sep)",-1446.96153846154,237.469680591121,Inf,-6.09324750368002,3.17323530784729e-05,"rank,mul,True,del","(score,('add', 0.4),False,all-sep)"
"num_iters","rank,mul,True,del - (score,('add', 0.4),False,all-uni)",-1338.90769230769,237.469680591121,Inf,-5.63822585255861,0.000492754162695135,"rank,mul,True,del","(score,('add', 0.4),False,all-uni)"
"num_iters","rank,mul,True,del - score,('add', 0.4),False,del",-1305.45384615385,237.469680591121,Inf,-5.49734956860281,0.00110573433530603,"rank,mul,True,del","score,('add', 0.4),False,del"
"num_iters","rank,mul,True,del - score,('add', 0.4),True,add",-1375.81153846154,237.469680591121,Inf,-5.79363030697983,0.000197550694148796,"rank,mul,True,del","score,('add', 0.4),True,add"
"num_iters","rank,mul,True,del - (score,('add', 0.4),True,all-sep)",-1197.50384615385,237.469680591121,Inf,-5.04276522027133,0.0131598786127283,"rank,mul,True,del","(score,('add', 0.4),True,all-sep)"
"num_iters","rank,mul,True,del - (score,('add', 0.4),True,all-uni)",-1375.81153846154,237.469680591121,Inf,-5.79363030697983,0.000197550694148796,"rank,mul,True,del","(score,('add', 0.4),True,all-uni)"
"num_iters","rank,mul,True,del - score,('add', 0.4),True,del",-1251.47692307692,237.469680591121,Inf,-5.27004929623726,0.00391158272912675,"rank,mul,True,del","score,('add', 0.4),True,del"
"num_iters","rank,mul,True,del - score,('add', 0.5),False,add",-1238.60769230769,237.469680591121,Inf,-5.21585614308526,0.0052475836278114,"rank,mul,True,del","score,('add', 0.5),False,add"
"num_iters","rank,mul,True,del - (score,('add', 0.5),False,all-sep)",-1281.77307692308,237.469680591121,Inf,-5.39762833609927,0.00193669069128173,"rank,mul,True,del","(score,('add', 0.5),False,all-sep)"
"num_iters","rank,mul,True,del - (score,('add', 0.5),False,all-uni)",-1238.60769230769,237.469680591121,Inf,-5.21585614308526,0.00524758362781138,"rank,mul,True,del","(score,('add', 0.5),False,all-uni)"
"num_iters","rank,mul,True,del - score,('add', 0.5),False,del",-1238.60769230769,237.469680591121,Inf,-5.21585614308526,0.00524758362781138,"rank,mul,True,del","score,('add', 0.5),False,del"
"num_iters","rank,mul,True,del - (score,('add', 0.6),False,all-sep)",-1186.37692307692,237.469680591121,Inf,-4.99590903615037,0.0167947958273254,"rank,mul,True,del","(score,('add', 0.6),False,all-sep)"
"num_iters","score,('add', 0.1),False,add - (score,('add', 0.4),True,all-sep)",1151.47692307692,237.469680591121,Inf,4.84894290593482,0.0355979418947057,"score,('add', 0.1),False,add","(score,('add', 0.4),True,all-sep)"
"num_iters","score,('add', 0.1),False,add - score,('add', 0.5),True,add",1272.88076923077,237.469680591121,Inf,5.36018226016161,0.00238439875020283,"score,('add', 0.1),False,add","score,('add', 0.5),True,add"
"num_iters","score,('add', 0.1),False,add - (score,('add', 0.5),True,all-sep)",1284.56538461538,237.469680591121,Inf,5.40938692222848,0.0018137480369108,"score,('add', 0.1),False,add","(score,('add', 0.5),True,all-sep)"
"num_iters","score,('add', 0.1),False,add - (score,('add', 0.5),True,all-uni)",1272.88076923077,237.469680591121,Inf,5.36018226016161,0.00238439875020283,"score,('add', 0.1),False,add","(score,('add', 0.5),True,all-uni)"
"num_iters","score,('add', 0.1),False,add - score,('add', 0.5),True,del",1234.41153846154,237.469680591121,Inf,5.19818587109218,0.00577164495650871,"score,('add', 0.1),False,add","score,('add', 0.5),True,del"
"num_iters","score,('add', 0.1),False,add - score,('add', 0.6),False,add",1255.29230769231,237.469680591121,Inf,5.28611612466726,0.00358329634913927,"score,('add', 0.1),False,add","score,('add', 0.6),False,add"
"num_iters","score,('add', 0.1),False,add - (score,('add', 0.6),False,all-sep)",1162.60384615385,237.469680591121,Inf,4.89579909005578,0.028079743684978,"score,('add', 0.1),False,add","(score,('add', 0.6),False,all-sep)"
"num_iters","score,('add', 0.1),False,add - (score,('add', 0.6),False,all-uni)",1268.68461538462,237.469680591121,Inf,5.34251198816853,0.00262901836259754,"score,('add', 0.1),False,add","(score,('add', 0.6),False,all-uni)"
"num_iters","score,('add', 0.1),False,add - score,('add', 0.6),False,del",1255.29230769231,237.469680591121,Inf,5.28611612466726,0.00358329634913927,"score,('add', 0.1),False,add","score,('add', 0.6),False,del"
"num_iters","score,('add', 0.1),False,add - score,('add', 0.6),True,add",1365.90769230769,237.469680591121,Inf,5.75192457794026,0.000253052715020929,"score,('add', 0.1),False,add","score,('add', 0.6),True,add"
"num_iters","score,('add', 0.1),False,add - (score,('add', 0.6),True,all-sep)",1403.31923076923,237.469680591121,Inf,5.90946695711226,9.8434495767059e-05,"score,('add', 0.1),False,add","(score,('add', 0.6),True,all-sep)"
"num_iters","score,('add', 0.1),False,add - (score,('add', 0.6),True,all-uni)",1318.00384615385,237.469680591121,Inf,5.55019842058577,0.000818371036102918,"score,('add', 0.1),False,add","(score,('add', 0.6),True,all-uni)"
"num_iters","score,('add', 0.1),False,add - score,('add', 0.6),True,del",1307.09230769231,237.469680591121,Inf,5.50424923484392,0.00106329594996503,"score,('add', 0.1),False,add","score,('add', 0.6),True,del"
"num_iters","score,('add', 0.1),False,add - score,('add', 0.7),False,add",1460.40769230769,237.469680591121,Inf,6.14987011677607,2.22403143284192e-05,"score,('add', 0.1),False,add","score,('add', 0.7),False,add"
"num_iters","score,('add', 0.1),False,add - (score,('add', 0.7),False,all-sep)",1372.21538461538,237.469680591121,Inf,5.77848667332857,0.000216176971413553,"score,('add', 0.1),False,add","(score,('add', 0.7),False,all-sep)"
"num_iters","score,('add', 0.1),False,add - (score,('add', 0.7),False,all-uni)",1460.40769230769,237.469680591121,Inf,6.14987011677607,2.22403143284192e-05,"score,('add', 0.1),False,add","(score,('add', 0.7),False,all-uni)"
"num_iters","score,('add', 0.1),False,add - score,('add', 0.7),False,del",1460.40769230769,237.469680591121,Inf,6.14987011677607,2.22403143284192e-05,"score,('add', 0.1),False,add","score,('add', 0.7),False,del"
"num_iters","score,('add', 0.1),False,add - score,('add', 0.7),True,add",1494.06153846154,237.469680591121,Inf,6.29158861351247,9.01221244502166e-06,"score,('add', 0.1),False,add","score,('add', 0.7),True,add"
"num_iters","score,('add', 0.1),False,add - (score,('add', 0.7),True,all-sep)",1576.76538461538,237.469680591121,Inf,6.63985979469221,9.00499433384607e-07,"score,('add', 0.1),False,add","(score,('add', 0.7),True,all-sep)"
"num_iters","score,('add', 0.1),False,add - (score,('add', 0.7),True,all-uni)",1494.06153846154,237.469680591121,Inf,6.29158861351247,9.01221244502166e-06,"score,('add', 0.1),False,add","(score,('add', 0.7),True,all-uni)"
"num_iters","score,('add', 0.1),False,add - score,('add', 0.7),True,del",1476.24615384615,237.469680591121,Inf,6.21656689044012,1.45737368025217e-05,"score,('add', 0.1),False,add","score,('add', 0.7),True,del"
"num_iters","score,('add', 0.1),False,add - score,('add', 0.8),False,add",1550.9,237.469680591121,Inf,6.53093900720052,1.87448502859673e-06,"score,('add', 0.1),False,add","score,('add', 0.8),False,add"
"num_iters","score,('add', 0.1),False,add - (score,('add', 0.8),False,all-sep)",1522.88846153846,237.469680591121,Inf,6.41298062871696,4.09268356796107e-06,"score,('add', 0.1),False,add","(score,('add', 0.8),False,all-sep)"
"num_iters","score,('add', 0.1),False,add - (score,('add', 0.8),False,all-uni)",1550.9,237.469680591121,Inf,6.53093900720052,1.87448502859673e-06,"score,('add', 0.1),False,add","(score,('add', 0.8),False,all-uni)"
"num_iters","score,('add', 0.1),False,add - score,('add', 0.8),False,del",1550.9,237.469680591121,Inf,6.53093900720052,1.87448502859674e-06,"score,('add', 0.1),False,add","score,('add', 0.8),False,del"
"num_iters","score,('add', 0.1),False,add - score,('add', 0.8),True,add",1518.05,237.469680591121,Inf,6.39260555798617,4.67720804371785e-06,"score,('add', 0.1),False,add","score,('add', 0.8),True,add"
"num_iters","score,('add', 0.1),False,add - (score,('add', 0.8),True,all-sep)",1592.55384615385,237.469680591121,Inf,6.70634601516111,5.72332962721008e-07,"score,('add', 0.1),False,add","(score,('add', 0.8),True,all-sep)"
"num_iters","score,('add', 0.1),False,add - (score,('add', 0.8),True,all-uni)",1518.05,237.469680591121,Inf,6.39260555798617,4.67720804371785e-06,"score,('add', 0.1),False,add","(score,('add', 0.8),True,all-uni)"
"num_iters","score,('add', 0.1),False,add - score,('add', 0.8),True,del",1489.86153846154,237.469680591121,Inf,6.27390214511976,1.00985105800812e-05,"score,('add', 0.1),False,add","score,('add', 0.8),True,del"
"num_iters","score,('add', 0.1),False,add - score,('add', 0.9),False,add",1566.95384615385,237.469680591121,Inf,6.59854277924369,1.19084715996334e-06,"score,('add', 0.1),False,add","score,('add', 0.9),False,add"
"num_iters","score,('add', 0.1),False,add - (score,('add', 0.9),False,all-sep)",1471.80384615385,237.469680591121,Inf,6.19786004887092,1.64152841343412e-05,"score,('add', 0.1),False,add","(score,('add', 0.9),False,all-sep)"
"num_iters","score,('add', 0.1),False,add - (score,('add', 0.9),False,all-uni)",1547.49230769231,237.469680591121,Inf,6.51658899713098,2.06278444232148e-06,"score,('add', 0.1),False,add","(score,('add', 0.9),False,all-uni)"
"num_iters","score,('add', 0.1),False,add - score,('add', 0.9),False,del",1566.95384615385,237.469680591121,Inf,6.59854277924369,1.19084715996334e-06,"score,('add', 0.1),False,add","score,('add', 0.9),False,del"
"num_iters","score,('add', 0.1),False,add - score,('add', 0.9),True,add",1583.54230769231,237.469680591121,Inf,6.66839785083501,7.41696201896088e-07,"score,('add', 0.1),False,add","score,('add', 0.9),True,add"
"num_iters","score,('add', 0.1),False,add - (score,('add', 0.9),True,all-sep)",1583.54230769231,237.469680591121,Inf,6.66839785083501,7.41696201896088e-07,"score,('add', 0.1),False,add","(score,('add', 0.9),True,all-sep)"
"num_iters","score,('add', 0.1),False,add - (score,('add', 0.9),True,all-uni)",1583.54230769231,237.469680591121,Inf,6.66839785083501,7.41696201896088e-07,"score,('add', 0.1),False,add","(score,('add', 0.9),True,all-uni)"
"num_iters","score,('add', 0.1),False,add - score,('add', 0.9),True,del",1583.12692307692,237.469680591121,Inf,6.6666486396753,7.50586066752026e-07,"score,('add', 0.1),False,add","score,('add', 0.9),True,del"
"num_iters","score,('add', 0.1),False,add - score,mul,False,add",1930.49230769231,237.469680591121,Inf,8.12942647198932,1.23704381460778e-11,"score,('add', 0.1),False,add","score,mul,False,add"
"num_iters","score,('add', 0.1),False,add - (score,mul,False,all-sep)",2047.80384615385,237.469680591121,Inf,8.62343285701297,1.8635196937656e-13,"score,('add', 0.1),False,add","(score,mul,False,all-sep)"
"num_iters","score,('add', 0.1),False,add - (score,mul,False,all-uni)",1930.49230769231,237.469680591121,Inf,8.12942647198932,1.23704381460778e-11,"score,('add', 0.1),False,add","(score,mul,False,all-uni)"
"num_iters","score,('add', 0.1),False,add - score,mul,False,del",1930.49230769231,237.469680591121,Inf,8.12942647198932,1.23704381460778e-11,"score,('add', 0.1),False,add","score,mul,False,del"
"num_iters","score,('add', 0.1),False,add - score,mul,True,add",2131.77307692308,237.469680591121,Inf,8.97703265367,7.97783964727154e-15,"score,('add', 0.1),False,add","score,mul,True,add"
"num_iters","score,('add', 0.1),False,add - (score,mul,True,all-sep)",2335.12307692308,237.469680591121,Inf,9.83335249835001,2.31965359578825e-18,"score,('add', 0.1),False,add","(score,mul,True,all-sep)"
"num_iters","score,('add', 0.1),False,add - (score,mul,True,all-uni)",2131.77307692308,237.469680591121,Inf,8.97703265367,7.97783964727154e-15,"score,('add', 0.1),False,add","(score,mul,True,all-uni)"
"num_iters","score,('add', 0.1),False,add - score,mul,True,del",2193.02692307692,237.469680591152,Inf,9.23497651412864,7.40926815979835e-16,"score,('add', 0.1),False,add","score,mul,True,del"
"num_iters","(score,('add', 0.1),False,all-sep) - score,('add', 0.3),True,del",1271.52307692308,237.469680591121,Inf,5.35446493109327,0.00246102966979194,"(score,('add', 0.1),False,all-sep)","score,('add', 0.3),True,del"
"num_iters","(score,('add', 0.1),False,all-sep) - score,('add', 0.4),False,add",1252.48846153846,237.469680591121,Inf,5.27430894933916,0.00382181811429566,"(score,('add', 0.1),False,all-sep)","score,('add', 0.4),False,add"
"num_iters","(score,('add', 0.1),False,all-sep) - (score,('add', 0.4),False,all-sep)",1144.43461538462,237.469680591121,Inf,4.81928729821775,0.0413198382177797,"(score,('add', 0.1),False,all-sep)","(score,('add', 0.4),False,all-sep)"
"num_iters","(score,('add', 0.1),False,all-sep) - (score,('add', 0.4),False,all-uni)",1252.48846153846,237.469680591121,Inf,5.27430894933916,0.00382181811429566,"(score,('add', 0.1),False,all-sep)","(score,('add', 0.4),False,all-uni)"
"num_iters","(score,('add', 0.1),False,all-sep) - score,('add', 0.4),False,del",1285.94230769231,237.469680591121,Inf,5.41518523329496,0.00175594130484329,"(score,('add', 0.1),False,all-sep)","score,('add', 0.4),False,del"
"num_iters","(score,('add', 0.1),False,all-sep) - score,('add', 0.4),True,add",1215.58461538462,237.469680591121,Inf,5.11890449491794,0.00881380930257833,"(score,('add', 0.1),False,all-sep)","score,('add', 0.4),True,add"
"num_iters","(score,('add', 0.1),False,all-sep) - (score,('add', 0.4),True,all-sep)",1393.89230769231,237.469680591121,Inf,5.86976958162644,0.000125159869748437,"(score,('add', 0.1),False,all-sep)","(score,('add', 0.4),True,all-sep)"
"num_iters","(score,('add', 0.1),False,all-sep) - (score,('add', 0.4),True,all-uni)",1215.58461538462,237.469680591121,Inf,5.11890449491794,0.00881380930257837,"(score,('add', 0.1),False,all-sep)","(score,('add', 0.4),True,all-uni)"
"num_iters","(score,('add', 0.1),False,all-sep) - score,('add', 0.4),True,del",1339.91923076923,237.469680591121,Inf,5.64248550566051,0.000480713082550148,"(score,('add', 0.1),False,all-sep)","score,('add', 0.4),True,del"
"num_iters","(score,('add', 0.1),False,all-sep) - score,('add', 0.5),False,add",1352.78846153846,237.469680591121,Inf,5.69667865881251,0.000350365972639885,"(score,('add', 0.1),False,all-sep)","score,('add', 0.5),False,add"
"num_iters","(score,('add', 0.1),False,all-sep) - (score,('add', 0.5),False,all-sep)",1309.62307692308,237.469680591121,Inf,5.5149064657985,0.0010008330539238,"(score,('add', 0.1),False,all-sep)","(score,('add', 0.5),False,all-sep)"
"num_iters","(score,('add', 0.1),False,all-sep) - (score,('add', 0.5),False,all-uni)",1352.78846153846,237.469680591121,Inf,5.69667865881251,0.00035036597263988,"(score,('add', 0.1),False,all-sep)","(score,('add', 0.5),False,all-uni)"
"num_iters","(score,('add', 0.1),False,all-sep) - score,('add', 0.5),False,del",1352.78846153846,237.469680591121,Inf,5.69667865881251,0.00035036597263988,"(score,('add', 0.1),False,all-sep)","score,('add', 0.5),False,del"
"num_iters","(score,('add', 0.1),False,all-sep) - score,('add', 0.5),True,add",1515.29615384615,237.469680591121,Inf,6.38100893585323,5.0455301745806e-06,"(score,('add', 0.1),False,all-sep)","score,('add', 0.5),True,add"
"num_iters","(score,('add', 0.1),False,all-sep) - (score,('add', 0.5),True,all-sep)",1526.98076923077,237.469680591121,Inf,6.4302135979201,3.65454205220529e-06,"(score,('add', 0.1),False,all-sep)","(score,('add', 0.5),True,all-sep)"
"num_iters","(score,('add', 0.1),False,all-sep) - (score,('add', 0.5),True,all-uni)",1515.29615384615,237.469680591121,Inf,6.38100893585323,5.0455301745806e-06,"(score,('add', 0.1),False,all-sep)","(score,('add', 0.5),True,all-uni)"
"num_iters","(score,('add', 0.1),False,all-sep) - score,('add', 0.5),True,del",1476.82692307692,237.469680591121,Inf,6.2190125467838,1.43484120010246e-05,"(score,('add', 0.1),False,all-sep)","score,('add', 0.5),True,del"
"num_iters","(score,('add', 0.1),False,all-sep) - score,('add', 0.6),False,add",1497.70769230769,237.469680591121,Inf,6.30694280035888,8.16235519147967e-06,"(score,('add', 0.1),False,all-sep)","score,('add', 0.6),False,add"
"num_iters","(score,('add', 0.1),False,all-sep) - (score,('add', 0.6),False,all-sep)",1405.01923076923,237.469680591121,Inf,5.9166257657474,9.42462721576624e-05,"(score,('add', 0.1),False,all-sep)","(score,('add', 0.6),False,all-sep)"
"num_iters","(score,('add', 0.1),False,all-sep) - (score,('add', 0.6),False,all-uni)",1511.1,237.469680591121,Inf,6.36333866386015,5.66185485515673e-06,"(score,('add', 0.1),False,all-sep)","(score,('add', 0.6),False,all-uni)"
"num_iters","(score,('add', 0.1),False,all-sep) - score,('add', 0.6),False,del",1497.70769230769,237.469680591121,Inf,6.30694280035888,8.16235519147967e-06,"(score,('add', 0.1),False,all-sep)","score,('add', 0.6),False,del"
"num_iters","(score,('add', 0.1),False,all-sep) - score,('add', 0.6),True,add",1608.32307692308,237.469680591121,Inf,6.77275125363188,3.62389289547744e-07,"(score,('add', 0.1),False,all-sep)","score,('add', 0.6),True,add"
"num_iters","(score,('add', 0.1),False,all-sep) - (score,('add', 0.6),True,all-sep)",1645.73461538462,237.469680591121,Inf,6.93029363280388,1.20446820696612e-07,"(score,('add', 0.1),False,all-sep)","(score,('add', 0.6),True,all-sep)"
"num_iters","(score,('add', 0.1),False,all-sep) - (score,('add', 0.6),True,all-uni)",1560.41923076923,237.469680591121,Inf,6.57102509627739,1.43314061899015e-06,"(score,('add', 0.1),False,all-sep)","(score,('add', 0.6),True,all-uni)"
"num_iters","(score,('add', 0.1),False,all-sep) - score,('add', 0.6),True,del",1549.50769230769,237.469680591121,Inf,6.52507591053554,1.9492965063456e-06,"(score,('add', 0.1),False,all-sep)","score,('add', 0.6),True,del"
"num_iters","(score,('add', 0.1),False,all-sep) - score,('add', 0.7),False,add",1702.82307692308,237.469680591121,Inf,7.17069679246769,2.14001557535343e-08,"(score,('add', 0.1),False,all-sep)","score,('add', 0.7),False,add"
"num_iters","(score,('add', 0.1),False,all-sep) - (score,('add', 0.7),False,all-sep)",1614.63076923077,237.469680591121,Inf,6.79931334902019,3.01481169952964e-07,"(score,('add', 0.1),False,all-sep)","(score,('add', 0.7),False,all-sep)"
"num_iters","(score,('add', 0.1),False,all-sep) - (score,('add', 0.7),False,all-uni)",1702.82307692308,237.469680591121,Inf,7.17069679246769,2.14001557535345e-08,"(score,('add', 0.1),False,all-sep)","(score,('add', 0.7),False,all-uni)"
"num_iters","(score,('add', 0.1),False,all-sep) - score,('add', 0.7),False,del",1702.82307692308,237.469680591121,Inf,7.17069679246769,2.14001557535342e-08,"(score,('add', 0.1),False,all-sep)","score,('add', 0.7),False,del"
"num_iters","(score,('add', 0.1),False,all-sep) - score,('add', 0.7),True,add",1736.47692307692,237.469680591121,Inf,7.31241528920409,7.5251356502798e-09,"(score,('add', 0.1),False,all-sep)","score,('add', 0.7),True,add"
"num_iters","(score,('add', 0.1),False,all-sep) - (score,('add', 0.7),True,all-sep)",1819.18076923077,237.469680591121,Inf,7.66068647038383,5.3041322683116e-10,"(score,('add', 0.1),False,all-sep)","(score,('add', 0.7),True,all-sep)"
"num_iters","(score,('add', 0.1),False,all-sep) - (score,('add', 0.7),True,all-uni)",1736.47692307692,237.469680591121,Inf,7.31241528920409,7.52513565027985e-09,"(score,('add', 0.1),False,all-sep)","(score,('add', 0.7),True,all-uni)"
"num_iters","(score,('add', 0.1),False,all-sep) - score,('add', 0.7),True,del",1718.66153846154,237.469680591121,Inf,7.23739356613174,1.31179288301063e-08,"(score,('add', 0.1),False,all-sep)","score,('add', 0.7),True,del"
"num_iters","(score,('add', 0.1),False,all-sep) - score,('add', 0.8),False,add",1793.31538461538,237.469680591121,Inf,7.55176568289214,1.23150921252892e-09,"(score,('add', 0.1),False,all-sep)","score,('add', 0.8),False,add"
"num_iters","(score,('add', 0.1),False,all-sep) - (score,('add', 0.8),False,all-sep)",1765.30384615385,237.469680591121,Inf,7.43380730440858,3.02618886377041e-09,"(score,('add', 0.1),False,all-sep)","(score,('add', 0.8),False,all-sep)"
"num_iters","(score,('add', 0.1),False,all-sep) - (score,('add', 0.8),False,all-uni)",1793.31538461538,237.469680591121,Inf,7.55176568289214,1.23150921252892e-09,"(score,('add', 0.1),False,all-sep)","(score,('add', 0.8),False,all-uni)"
"num_iters","(score,('add', 0.1),False,all-sep) - score,('add', 0.8),False,del",1793.31538461538,237.469680591121,Inf,7.55176568289214,1.23150921252893e-09,"(score,('add', 0.1),False,all-sep)","score,('add', 0.8),False,del"
"num_iters","(score,('add', 0.1),False,all-sep) - score,('add', 0.8),True,add",1760.46538461538,237.469680591121,Inf,7.41343223367779,3.52970333603192e-09,"(score,('add', 0.1),False,all-sep)","score,('add', 0.8),True,add"
"num_iters","(score,('add', 0.1),False,all-sep) - (score,('add', 0.8),True,all-sep)",1834.96923076923,237.469680591121,Inf,7.72717269085273,3.15369386489287e-10,"(score,('add', 0.1),False,all-sep)","(score,('add', 0.8),True,all-sep)"
"num_iters","(score,('add', 0.1),False,all-sep) - (score,('add', 0.8),True,all-uni)",1760.46538461538,237.469680591121,Inf,7.41343223367779,3.52970333603195e-09,"(score,('add', 0.1),False,all-sep)","(score,('add', 0.8),True,all-uni)"
"num_iters","(score,('add', 0.1),False,all-sep) - score,('add', 0.8),True,del",1732.27692307692,237.469680591121,Inf,7.29472882081138,8.58281168555765e-09,"(score,('add', 0.1),False,all-sep)","score,('add', 0.8),True,del"
"num_iters","(score,('add', 0.1),False,all-sep) - score,('add', 0.9),False,add",1809.36923076923,237.469680591121,Inf,7.61936945493531,7.31104455620616e-10,"(score,('add', 0.1),False,all-sep)","score,('add', 0.9),False,add"
"num_iters","(score,('add', 0.1),False,all-sep) - (score,('add', 0.9),False,all-sep)",1714.21923076923,237.469680591121,Inf,7.21868672456254,1.50547125505034e-08,"(score,('add', 0.1),False,all-sep)","(score,('add', 0.9),False,all-sep)"
"num_iters","(score,('add', 0.1),False,all-sep) - (score,('add', 0.9),False,all-uni)",1789.90769230769,237.469680591121,Inf,7.5374156728226,1.37485157773292e-09,"(score,('add', 0.1),False,all-sep)","(score,('add', 0.9),False,all-uni)"
"num_iters","(score,('add', 0.1),False,all-sep) - score,('add', 0.9),False,del",1809.36923076923,237.469680591121,Inf,7.61936945493531,7.31104455620616e-10,"(score,('add', 0.1),False,all-sep)","score,('add', 0.9),False,del"
"num_iters","(score,('add', 0.1),False,all-sep) - score,('add', 0.9),True,add",1825.95769230769,237.469680591121,Inf,7.68922452652663,4.24548572485524e-10,"(score,('add', 0.1),False,all-sep)","score,('add', 0.9),True,add"
"num_iters","(score,('add', 0.1),False,all-sep) - (score,('add', 0.9),True,all-sep)",1825.95769230769,237.469680591121,Inf,7.68922452652663,4.24548572485527e-10,"(score,('add', 0.1),False,all-sep)","(score,('add', 0.9),True,all-sep)"
"num_iters","(score,('add', 0.1),False,all-sep) - (score,('add', 0.9),True,all-uni)",1825.95769230769,237.469680591121,Inf,7.68922452652663,4.24548572485524e-10,"(score,('add', 0.1),False,all-sep)","(score,('add', 0.9),True,all-uni)"
"num_iters","(score,('add', 0.1),False,all-sep) - score,('add', 0.9),True,del",1825.54230769231,237.469680591121,Inf,7.68747531536691,4.30391546138863e-10,"(score,('add', 0.1),False,all-sep)","score,('add', 0.9),True,del"
"num_iters","(score,('add', 0.1),False,all-sep) - score,mul,False,add",2172.90769230769,237.469680591121,Inf,9.15025314768094,1.62903225202728e-15,"(score,('add', 0.1),False,all-sep)","score,mul,False,add"
"num_iters","(score,('add', 0.1),False,all-sep) - (score,mul,False,all-sep)",2290.21923076923,237.469680591121,Inf,9.64425953270458,1.49092998857302e-17,"(score,('add', 0.1),False,all-sep)","(score,mul,False,all-sep)"
"num_iters","(score,('add', 0.1),False,all-sep) - (score,mul,False,all-uni)",2172.90769230769,237.469680591121,Inf,9.15025314768095,1.62903225202725e-15,"(score,('add', 0.1),False,all-sep)","(score,mul,False,all-uni)"
"num_iters","(score,('add', 0.1),False,all-sep) - score,mul,False,del",2172.90769230769,237.469680591121,Inf,9.15025314768095,1.62903225202725e-15,"(score,('add', 0.1),False,all-sep)","score,mul,False,del"
"num_iters","(score,('add', 0.1),False,all-sep) - score,mul,True,add",2374.18846153846,237.469680591121,Inf,9.99785932936162,4.46624724607147e-19,"(score,('add', 0.1),False,all-sep)","score,mul,True,add"
"num_iters","(score,('add', 0.1),False,all-sep) - (score,mul,True,all-sep)",2577.53846153846,237.469680591121,Inf,10.8541791740416,5.46384695817748e-23,"(score,('add', 0.1),False,all-sep)","(score,mul,True,all-sep)"
"num_iters","(score,('add', 0.1),False,all-sep) - (score,mul,True,all-uni)",2374.18846153846,237.469680591121,Inf,9.99785932936162,4.46624724607139e-19,"(score,('add', 0.1),False,all-sep)","(score,mul,True,all-uni)"
"num_iters","(score,('add', 0.1),False,all-sep) - score,mul,True,del",2435.4423076923,237.469680591152,Inf,10.2558031898201,3.19625950792878e-20,"(score,('add', 0.1),False,all-sep)","score,mul,True,del"
"num_iters","(score,('add', 0.1),False,all-uni) - (score,('add', 0.4),True,all-sep)",1151.47692307692,237.469680591121,Inf,4.84894290593482,0.0355979418947057,"(score,('add', 0.1),False,all-uni)","(score,('add', 0.4),True,all-sep)"
"num_iters","(score,('add', 0.1),False,all-uni) - score,('add', 0.5),True,add",1272.88076923077,237.469680591121,Inf,5.36018226016161,0.00238439875020281,"(score,('add', 0.1),False,all-uni)","score,('add', 0.5),True,add"
"num_iters","(score,('add', 0.1),False,all-uni) - (score,('add', 0.5),True,all-sep)",1284.56538461538,237.469680591121,Inf,5.40938692222849,0.00181374803691079,"(score,('add', 0.1),False,all-uni)","(score,('add', 0.5),True,all-sep)"
"num_iters","(score,('add', 0.1),False,all-uni) - (score,('add', 0.5),True,all-uni)",1272.88076923077,237.469680591121,Inf,5.36018226016161,0.00238439875020281,"(score,('add', 0.1),False,all-uni)","(score,('add', 0.5),True,all-uni)"
"num_iters","(score,('add', 0.1),False,all-uni) - score,('add', 0.5),True,del",1234.41153846154,237.469680591121,Inf,5.19818587109218,0.00577164495650871,"(score,('add', 0.1),False,all-uni)","score,('add', 0.5),True,del"
"num_iters","(score,('add', 0.1),False,all-uni) - score,('add', 0.6),False,add",1255.29230769231,237.469680591121,Inf,5.28611612466726,0.00358329634913926,"(score,('add', 0.1),False,all-uni)","score,('add', 0.6),False,add"
"num_iters","(score,('add', 0.1),False,all-uni) - (score,('add', 0.6),False,all-sep)",1162.60384615385,237.469680591121,Inf,4.89579909005578,0.0280797436849778,"(score,('add', 0.1),False,all-uni)","(score,('add', 0.6),False,all-sep)"
"num_iters","(score,('add', 0.1),False,all-uni) - (score,('add', 0.6),False,all-uni)",1268.68461538462,237.469680591121,Inf,5.34251198816853,0.00262901836259753,"(score,('add', 0.1),False,all-uni)","(score,('add', 0.6),False,all-uni)"
"num_iters","(score,('add', 0.1),False,all-uni) - score,('add', 0.6),False,del",1255.29230769231,237.469680591121,Inf,5.28611612466726,0.00358329634913926,"(score,('add', 0.1),False,all-uni)","score,('add', 0.6),False,del"
"num_iters","(score,('add', 0.1),False,all-uni) - score,('add', 0.6),True,add",1365.90769230769,237.469680591121,Inf,5.75192457794026,0.000253052715020927,"(score,('add', 0.1),False,all-uni)","score,('add', 0.6),True,add"
"num_iters","(score,('add', 0.1),False,all-uni) - (score,('add', 0.6),True,all-sep)",1403.31923076923,237.469680591121,Inf,5.90946695711226,9.84344957670584e-05,"(score,('add', 0.1),False,all-uni)","(score,('add', 0.6),True,all-sep)"
"num_iters","(score,('add', 0.1),False,all-uni) - (score,('add', 0.6),True,all-uni)",1318.00384615385,237.469680591121,Inf,5.55019842058577,0.000818371036102918,"(score,('add', 0.1),False,all-uni)","(score,('add', 0.6),True,all-uni)"
"num_iters","(score,('add', 0.1),False,all-uni) - score,('add', 0.6),True,del",1307.09230769231,237.469680591121,Inf,5.50424923484392,0.00106329594996503,"(score,('add', 0.1),False,all-uni)","score,('add', 0.6),True,del"
"num_iters","(score,('add', 0.1),False,all-uni) - score,('add', 0.7),False,add",1460.40769230769,237.469680591121,Inf,6.14987011677607,2.22403143284192e-05,"(score,('add', 0.1),False,all-uni)","score,('add', 0.7),False,add"
"num_iters","(score,('add', 0.1),False,all-uni) - (score,('add', 0.7),False,all-sep)",1372.21538461538,237.469680591121,Inf,5.77848667332857,0.000216176971413552,"(score,('add', 0.1),False,all-uni)","(score,('add', 0.7),False,all-sep)"
"num_iters","(score,('add', 0.1),False,all-uni) - (score,('add', 0.7),False,all-uni)",1460.40769230769,237.469680591121,Inf,6.14987011677607,2.22403143284192e-05,"(score,('add', 0.1),False,all-uni)","(score,('add', 0.7),False,all-uni)"
"num_iters","(score,('add', 0.1),False,all-uni) - score,('add', 0.7),False,del",1460.40769230769,237.469680591121,Inf,6.14987011677607,2.2240314328419e-05,"(score,('add', 0.1),False,all-uni)","score,('add', 0.7),False,del"
"num_iters","(score,('add', 0.1),False,all-uni) - score,('add', 0.7),True,add",1494.06153846154,237.469680591121,Inf,6.29158861351247,9.01221244502166e-06,"(score,('add', 0.1),False,all-uni)","score,('add', 0.7),True,add"
"num_iters","(score,('add', 0.1),False,all-uni) - (score,('add', 0.7),True,all-sep)",1576.76538461538,237.469680591121,Inf,6.63985979469221,9.00499433384607e-07,"(score,('add', 0.1),False,all-uni)","(score,('add', 0.7),True,all-sep)"
"num_iters","(score,('add', 0.1),False,all-uni) - (score,('add', 0.7),True,all-uni)",1494.06153846154,237.469680591121,Inf,6.29158861351247,9.01221244502166e-06,"(score,('add', 0.1),False,all-uni)","(score,('add', 0.7),True,all-uni)"
"num_iters","(score,('add', 0.1),False,all-uni) - score,('add', 0.7),True,del",1476.24615384615,237.469680591121,Inf,6.21656689044012,1.45737368025217e-05,"(score,('add', 0.1),False,all-uni)","score,('add', 0.7),True,del"
"num_iters","(score,('add', 0.1),False,all-uni) - score,('add', 0.8),False,add",1550.9,237.469680591121,Inf,6.53093900720052,1.87448502859674e-06,"(score,('add', 0.1),False,all-uni)","score,('add', 0.8),False,add"
"num_iters","(score,('add', 0.1),False,all-uni) - (score,('add', 0.8),False,all-sep)",1522.88846153846,237.469680591121,Inf,6.41298062871696,4.09268356796107e-06,"(score,('add', 0.1),False,all-uni)","(score,('add', 0.8),False,all-sep)"
"num_iters","(score,('add', 0.1),False,all-uni) - (score,('add', 0.8),False,all-uni)",1550.9,237.469680591121,Inf,6.53093900720052,1.87448502859674e-06,"(score,('add', 0.1),False,all-uni)","(score,('add', 0.8),False,all-uni)"
"num_iters","(score,('add', 0.1),False,all-uni) - score,('add', 0.8),False,del",1550.9,237.469680591121,Inf,6.53093900720052,1.87448502859674e-06,"(score,('add', 0.1),False,all-uni)","score,('add', 0.8),False,del"
"num_iters","(score,('add', 0.1),False,all-uni) - score,('add', 0.8),True,add",1518.05,237.469680591121,Inf,6.39260555798617,4.67720804371782e-06,"(score,('add', 0.1),False,all-uni)","score,('add', 0.8),True,add"
"num_iters","(score,('add', 0.1),False,all-uni) - (score,('add', 0.8),True,all-sep)",1592.55384615385,237.469680591121,Inf,6.70634601516111,5.72332962721004e-07,"(score,('add', 0.1),False,all-uni)","(score,('add', 0.8),True,all-sep)"
"num_iters","(score,('add', 0.1),False,all-uni) - (score,('add', 0.8),True,all-uni)",1518.05,237.469680591121,Inf,6.39260555798617,4.67720804371782e-06,"(score,('add', 0.1),False,all-uni)","(score,('add', 0.8),True,all-uni)"
"num_iters","(score,('add', 0.1),False,all-uni) - score,('add', 0.8),True,del",1489.86153846154,237.469680591121,Inf,6.27390214511976,1.00985105800812e-05,"(score,('add', 0.1),False,all-uni)","score,('add', 0.8),True,del"
"num_iters","(score,('add', 0.1),False,all-uni) - score,('add', 0.9),False,add",1566.95384615385,237.469680591121,Inf,6.59854277924369,1.19084715996334e-06,"(score,('add', 0.1),False,all-uni)","score,('add', 0.9),False,add"
"num_iters","(score,('add', 0.1),False,all-uni) - (score,('add', 0.9),False,all-sep)",1471.80384615385,237.469680591121,Inf,6.19786004887092,1.64152841343412e-05,"(score,('add', 0.1),False,all-uni)","(score,('add', 0.9),False,all-sep)"
"num_iters","(score,('add', 0.1),False,all-uni) - (score,('add', 0.9),False,all-uni)",1547.49230769231,237.469680591121,Inf,6.51658899713099,2.06278444232147e-06,"(score,('add', 0.1),False,all-uni)","(score,('add', 0.9),False,all-uni)"
"num_iters","(score,('add', 0.1),False,all-uni) - score,('add', 0.9),False,del",1566.95384615385,237.469680591121,Inf,6.59854277924369,1.19084715996334e-06,"(score,('add', 0.1),False,all-uni)","score,('add', 0.9),False,del"
"num_iters","(score,('add', 0.1),False,all-uni) - score,('add', 0.9),True,add",1583.54230769231,237.469680591121,Inf,6.66839785083501,7.41696201896088e-07,"(score,('add', 0.1),False,all-uni)","score,('add', 0.9),True,add"
"num_iters","(score,('add', 0.1),False,all-uni) - (score,('add', 0.9),True,all-sep)",1583.54230769231,237.469680591121,Inf,6.66839785083501,7.41696201896088e-07,"(score,('add', 0.1),False,all-uni)","(score,('add', 0.9),True,all-sep)"
"num_iters","(score,('add', 0.1),False,all-uni) - (score,('add', 0.9),True,all-uni)",1583.54230769231,237.469680591121,Inf,6.66839785083501,7.41696201896088e-07,"(score,('add', 0.1),False,all-uni)","(score,('add', 0.9),True,all-uni)"
"num_iters","(score,('add', 0.1),False,all-uni) - score,('add', 0.9),True,del",1583.12692307692,237.469680591121,Inf,6.6666486396753,7.50586066752022e-07,"(score,('add', 0.1),False,all-uni)","score,('add', 0.9),True,del"
"num_iters","(score,('add', 0.1),False,all-uni) - score,mul,False,add",1930.49230769231,237.469680591121,Inf,8.12942647198932,1.23704381460778e-11,"(score,('add', 0.1),False,all-uni)","score,mul,False,add"
"num_iters","(score,('add', 0.1),False,all-uni) - (score,mul,False,all-sep)",2047.80384615385,237.469680591121,Inf,8.62343285701297,1.8635196937656e-13,"(score,('add', 0.1),False,all-uni)","(score,mul,False,all-sep)"
"num_iters","(score,('add', 0.1),False,all-uni) - (score,mul,False,all-uni)",1930.49230769231,237.469680591121,Inf,8.12942647198932,1.23704381460778e-11,"(score,('add', 0.1),False,all-uni)","(score,mul,False,all-uni)"
"num_iters","(score,('add', 0.1),False,all-uni) - score,mul,False,del",1930.49230769231,237.469680591121,Inf,8.12942647198932,1.23704381460778e-11,"(score,('add', 0.1),False,all-uni)","score,mul,False,del"
"num_iters","(score,('add', 0.1),False,all-uni) - score,mul,True,add",2131.77307692308,237.469680591121,Inf,8.97703265367,7.97783964727154e-15,"(score,('add', 0.1),False,all-uni)","score,mul,True,add"
"num_iters","(score,('add', 0.1),False,all-uni) - (score,mul,True,all-sep)",2335.12307692308,237.469680591121,Inf,9.83335249835001,2.31965359578829e-18,"(score,('add', 0.1),False,all-uni)","(score,mul,True,all-sep)"
"num_iters","(score,('add', 0.1),False,all-uni) - (score,mul,True,all-uni)",2131.77307692308,237.469680591121,Inf,8.97703265367,7.97783964727154e-15,"(score,('add', 0.1),False,all-uni)","(score,mul,True,all-uni)"
"num_iters","(score,('add', 0.1),False,all-uni) - score,mul,True,del",2193.02692307692,237.469680591152,Inf,9.23497651412864,7.40926815979847e-16,"(score,('add', 0.1),False,all-uni)","score,mul,True,del"
"num_iters","score,('add', 0.1),False,del - (score,('add', 0.4),True,all-sep)",1157.79230769231,237.469680591121,Inf,4.87553739412238,0.031121424383062,"score,('add', 0.1),False,del","(score,('add', 0.4),True,all-sep)"
"num_iters","score,('add', 0.1),False,del - score,('add', 0.5),True,add",1279.19615384615,237.469680591121,Inf,5.38677674834917,0.00205728646612469,"score,('add', 0.1),False,del","score,('add', 0.5),True,add"
"num_iters","score,('add', 0.1),False,del - (score,('add', 0.5),True,all-sep)",1290.88076923077,237.469680591121,Inf,5.43598141041604,0.0015629348605023,"score,('add', 0.1),False,del","(score,('add', 0.5),True,all-sep)"
"num_iters","score,('add', 0.1),False,del - (score,('add', 0.5),True,all-uni)",1279.19615384615,237.469680591121,Inf,5.38677674834917,0.00205728646612469,"score,('add', 0.1),False,del","(score,('add', 0.5),True,all-uni)"
"num_iters","score,('add', 0.1),False,del - score,('add', 0.5),True,del",1240.72692307692,237.469680591121,Inf,5.22478035927974,0.00500070088126413,"score,('add', 0.1),False,del","score,('add', 0.5),True,del"
"num_iters","score,('add', 0.1),False,del - score,('add', 0.6),False,add",1261.60769230769,237.469680591121,Inf,5.31271061285482,0.00309762596788175,"score,('add', 0.1),False,del","score,('add', 0.6),False,add"
"num_iters","score,('add', 0.1),False,del - (score,('add', 0.6),False,all-sep)",1168.91923076923,237.469680591121,Inf,4.92239357824334,0.0245191221407965,"score,('add', 0.1),False,del","(score,('add', 0.6),False,all-sep)"
"num_iters","score,('add', 0.1),False,del - (score,('add', 0.6),False,all-uni)",1275,237.469680591121,Inf,5.36910647635609,0.00226938228362725,"score,('add', 0.1),False,del","(score,('add', 0.6),False,all-uni)"
"num_iters","score,('add', 0.1),False,del - score,('add', 0.6),False,del",1261.60769230769,237.469680591121,Inf,5.31271061285482,0.00309762596788175,"score,('add', 0.1),False,del","score,('add', 0.6),False,del"
"num_iters","score,('add', 0.1),False,del - score,('add', 0.6),True,add",1372.22307692308,237.469680591121,Inf,5.77851906612782,0.000216135362780646,"score,('add', 0.1),False,del","score,('add', 0.6),True,add"
"num_iters","score,('add', 0.1),False,del - (score,('add', 0.6),True,all-sep)",1409.63461538462,237.469680591121,Inf,5.93606144529982,8.37313808778633e-05,"score,('add', 0.1),False,del","(score,('add', 0.6),True,all-sep)"
"num_iters","score,('add', 0.1),False,del - (score,('add', 0.6),True,all-uni)",1324.31923076923,237.469680591121,Inf,5.57679290877333,0.000702640596004114,"score,('add', 0.1),False,del","(score,('add', 0.6),True,all-uni)"
"num_iters","score,('add', 0.1),False,del - score,('add', 0.6),True,del",1313.40769230769,237.469680591121,Inf,5.53084372303148,0.000914014846726946,"score,('add', 0.1),False,del","score,('add', 0.6),True,del"
"num_iters","score,('add', 0.1),False,del - score,('add', 0.7),False,add",1466.72307692308,237.469680591121,Inf,6.17646460496363,1.88005708940629e-05,"score,('add', 0.1),False,del","score,('add', 0.7),False,add"
"num_iters","score,('add', 0.1),False,del - (score,('add', 0.7),False,all-sep)",1378.53076923077,237.469680591121,Inf,5.80508116151613,0.000184512300118569,"score,('add', 0.1),False,del","(score,('add', 0.7),False,all-sep)"
"num_iters","score,('add', 0.1),False,del - (score,('add', 0.7),False,all-uni)",1466.72307692308,237.469680591121,Inf,6.17646460496363,1.8800570894063e-05,"score,('add', 0.1),False,del","(score,('add', 0.7),False,all-uni)"
"num_iters","score,('add', 0.1),False,del - score,('add', 0.7),False,del",1466.72307692308,237.469680591121,Inf,6.17646460496363,1.88005708940629e-05,"score,('add', 0.1),False,del","score,('add', 0.7),False,del"
"num_iters","score,('add', 0.1),False,del - score,('add', 0.7),True,add",1500.37692307692,237.469680591121,Inf,6.31818310170003,7.59034366027589e-06,"score,('add', 0.1),False,del","score,('add', 0.7),True,add"
"num_iters","score,('add', 0.1),False,del - (score,('add', 0.7),True,all-sep)",1583.08076923077,237.469680591121,Inf,6.66645428287977,7.51580244486076e-07,"score,('add', 0.1),False,del","(score,('add', 0.7),True,all-sep)"
"num_iters","score,('add', 0.1),False,del - (score,('add', 0.7),True,all-uni)",1500.37692307692,237.469680591121,Inf,6.31818310170003,7.59034366027594e-06,"score,('add', 0.1),False,del","(score,('add', 0.7),True,all-uni)"
"num_iters","score,('add', 0.1),False,del - score,('add', 0.7),True,del",1482.56153846154,237.469680591121,Inf,6.24316137862768,1.22983873994841e-05,"score,('add', 0.1),False,del","score,('add', 0.7),True,del"
"num_iters","score,('add', 0.1),False,del - score,('add', 0.8),False,add",1557.21538461538,237.469680591121,Inf,6.55753349538808,1.56894014121565e-06,"score,('add', 0.1),False,del","score,('add', 0.8),False,add"
"num_iters","score,('add', 0.1),False,del - (score,('add', 0.8),False,all-sep)",1529.20384615385,237.469680591121,Inf,6.43957511690452,3.43610521149202e-06,"score,('add', 0.1),False,del","(score,('add', 0.8),False,all-sep)"
"num_iters","score,('add', 0.1),False,del - (score,('add', 0.8),False,all-uni)",1557.21538461538,237.469680591121,Inf,6.55753349538808,1.56894014121565e-06,"score,('add', 0.1),False,del","(score,('add', 0.8),False,all-uni)"
"num_iters","score,('add', 0.1),False,del - score,('add', 0.8),False,del",1557.21538461538,237.469680591121,Inf,6.55753349538808,1.56894014121565e-06,"score,('add', 0.1),False,del","score,('add', 0.8),False,del"
"num_iters","score,('add', 0.1),False,del - score,('add', 0.8),True,add",1524.36538461538,237.469680591121,Inf,6.41920004617373,3.92893897198191e-06,"score,('add', 0.1),False,del","score,('add', 0.8),True,add"
"num_iters","score,('add', 0.1),False,del - (score,('add', 0.8),True,all-sep)",1598.86923076923,237.469680591121,Inf,6.73294050334867,4.76856809190207e-07,"score,('add', 0.1),False,del","(score,('add', 0.8),True,all-sep)"
"num_iters","score,('add', 0.1),False,del - (score,('add', 0.8),True,all-uni)",1524.36538461538,237.469680591121,Inf,6.41920004617373,3.92893897198193e-06,"score,('add', 0.1),False,del","(score,('add', 0.8),True,all-uni)"
"num_iters","score,('add', 0.1),False,del - score,('add', 0.8),True,del",1496.17692307692,237.469680591121,Inf,6.30049663330732,8.5091683308249e-06,"score,('add', 0.1),False,del","score,('add', 0.8),True,del"
"num_iters","score,('add', 0.1),False,del - score,('add', 0.9),False,add",1573.26923076923,237.469680591121,Inf,6.62513726743125,9.94982736251932e-07,"score,('add', 0.1),False,del","score,('add', 0.9),False,add"
"num_iters","score,('add', 0.1),False,del - (score,('add', 0.9),False,all-sep)",1478.11923076923,237.469680591121,Inf,6.22445453705848,1.38591580155146e-05,"score,('add', 0.1),False,del","(score,('add', 0.9),False,all-sep)"
"num_iters","score,('add', 0.1),False,del - (score,('add', 0.9),False,all-uni)",1553.80769230769,237.469680591121,Inf,6.54318348531854,1.72719179428273e-06,"score,('add', 0.1),False,del","(score,('add', 0.9),False,all-uni)"
"num_iters","score,('add', 0.1),False,del - score,('add', 0.9),False,del",1573.26923076923,237.469680591121,Inf,6.62513726743125,9.94982736251932e-07,"score,('add', 0.1),False,del","score,('add', 0.9),False,del"
"num_iters","score,('add', 0.1),False,del - score,('add', 0.9),True,add",1589.85769230769,237.469680591121,Inf,6.69499233902257,6.18578646793445e-07,"score,('add', 0.1),False,del","score,('add', 0.9),True,add"
"num_iters","score,('add', 0.1),False,del - (score,('add', 0.9),True,all-sep)",1589.85769230769,237.469680591121,Inf,6.69499233902257,6.18578646793449e-07,"score,('add', 0.1),False,del","(score,('add', 0.9),True,all-sep)"
"num_iters","score,('add', 0.1),False,del - (score,('add', 0.9),True,all-uni)",1589.85769230769,237.469680591121,Inf,6.69499233902257,6.18578646793445e-07,"score,('add', 0.1),False,del","(score,('add', 0.9),True,all-uni)"
"num_iters","score,('add', 0.1),False,del - score,('add', 0.9),True,del",1589.44230769231,237.469680591121,Inf,6.69324312786286,6.26021385533411e-07,"score,('add', 0.1),False,del","score,('add', 0.9),True,del"
"num_iters","score,('add', 0.1),False,del - score,mul,False,add",1936.80769230769,237.469680591121,Inf,8.15602096017689,9.93023164597986e-12,"score,('add', 0.1),False,del","score,mul,False,add"
"num_iters","score,('add', 0.1),False,del - (score,mul,False,all-sep)",2054.11923076923,237.469680591121,Inf,8.65002734520053,1.47664979949673e-13,"score,('add', 0.1),False,del","(score,mul,False,all-sep)"
"num_iters","score,('add', 0.1),False,del - (score,mul,False,all-uni)",1936.80769230769,237.469680591121,Inf,8.15602096017689,9.93023164597986e-12,"score,('add', 0.1),False,del","(score,mul,False,all-uni)"
"num_iters","score,('add', 0.1),False,del - score,mul,False,del",1936.80769230769,237.469680591121,Inf,8.15602096017689,9.93023164597986e-12,"score,('add', 0.1),False,del","score,mul,False,del"
"num_iters","score,('add', 0.1),False,del - score,mul,True,add",2138.08846153846,237.469680591121,Inf,9.00362714185756,6.2631631253492e-15,"score,('add', 0.1),False,del","score,mul,True,add"
"num_iters","score,('add', 0.1),False,del - (score,mul,True,all-sep)",2341.43846153846,237.469680591121,Inf,9.85994698653757,1.78051638078242e-18,"score,('add', 0.1),False,del","(score,mul,True,all-sep)"
"num_iters","score,('add', 0.1),False,del - (score,mul,True,all-uni)",2138.08846153846,237.469680591121,Inf,9.00362714185756,6.2631631253493e-15,"score,('add', 0.1),False,del","(score,mul,True,all-uni)"
"num_iters","score,('add', 0.1),False,del - score,mul,True,del",2199.3423076923,237.469680591152,Inf,9.2615710023162,5.7774739988028e-16,"score,('add', 0.1),False,del","score,mul,True,del"
"num_iters","score,('add', 0.1),True,add - score,('add', 0.6),True,add",1189.48076923077,237.469680591121,Inf,5.00897953064937,0.0156935215933478,"score,('add', 0.1),True,add","score,('add', 0.6),True,add"
"num_iters","score,('add', 0.1),True,add - (score,('add', 0.6),True,all-sep)",1226.89230769231,237.469680591121,Inf,5.16652190982136,0.00683990059185381,"score,('add', 0.1),True,add","(score,('add', 0.6),True,all-sep)"
"num_iters","score,('add', 0.1),True,add - (score,('add', 0.6),True,all-uni)",1141.57692307692,237.469680591121,Inf,4.80725337329488,0.0438855649669902,"score,('add', 0.1),True,add","(score,('add', 0.6),True,all-uni)"
"num_iters","score,('add', 0.1),True,add - score,('add', 0.7),False,add",1283.98076923077,237.469680591121,Inf,5.40692506948518,0.00183884545387224,"score,('add', 0.1),True,add","score,('add', 0.7),False,add"
"num_iters","score,('add', 0.1),True,add - (score,('add', 0.7),False,all-sep)",1195.78846153846,237.469680591121,Inf,5.03554162603768,0.0136660074669827,"score,('add', 0.1),True,add","(score,('add', 0.7),False,all-sep)"
"num_iters","score,('add', 0.1),True,add - (score,('add', 0.7),False,all-uni)",1283.98076923077,237.469680591121,Inf,5.40692506948518,0.00183884545387224,"score,('add', 0.1),True,add","(score,('add', 0.7),False,all-uni)"
"num_iters","score,('add', 0.1),True,add - score,('add', 0.7),False,del",1283.98076923077,237.469680591121,Inf,5.40692506948518,0.00183884545387223,"score,('add', 0.1),True,add","score,('add', 0.7),False,del"
"num_iters","score,('add', 0.1),True,add - score,('add', 0.7),True,add",1317.63461538462,237.469680591121,Inf,5.54864356622157,0.000825681212659643,"score,('add', 0.1),True,add","score,('add', 0.7),True,add"
"num_iters","score,('add', 0.1),True,add - (score,('add', 0.7),True,all-sep)",1400.33846153846,237.469680591121,Inf,5.89691474740132,0.000106219559719008,"score,('add', 0.1),True,add","(score,('add', 0.7),True,all-sep)"
"num_iters","score,('add', 0.1),True,add - (score,('add', 0.7),True,all-uni)",1317.63461538462,237.469680591121,Inf,5.54864356622157,0.000825681212659643,"score,('add', 0.1),True,add","(score,('add', 0.7),True,all-uni)"
"num_iters","score,('add', 0.1),True,add - score,('add', 0.7),True,del",1299.81923076923,237.469680591121,Inf,5.47362184314923,0.00126458571248892,"score,('add', 0.1),True,add","score,('add', 0.7),True,del"
"num_iters","score,('add', 0.1),True,add - score,('add', 0.8),False,add",1374.47307692308,237.469680591121,Inf,5.78799395990963,0.000204293295956652,"score,('add', 0.1),True,add","score,('add', 0.8),False,add"
"num_iters","score,('add', 0.1),True,add - (score,('add', 0.8),False,all-sep)",1346.46153846154,237.469680591121,Inf,5.67003558142606,0.000409458240182889,"score,('add', 0.1),True,add","(score,('add', 0.8),False,all-sep)"
"num_iters","score,('add', 0.1),True,add - (score,('add', 0.8),False,all-uni)",1374.47307692308,237.469680591121,Inf,5.78799395990963,0.000204293295956653,"score,('add', 0.1),True,add","(score,('add', 0.8),False,all-uni)"
"num_iters","score,('add', 0.1),True,add - score,('add', 0.8),False,del",1374.47307692308,237.469680591121,Inf,5.78799395990963,0.000204293295956652,"score,('add', 0.1),True,add","score,('add', 0.8),False,del"
"num_iters","score,('add', 0.1),True,add - score,('add', 0.8),True,add",1341.62307692308,237.469680591121,Inf,5.64966051069528,0.000461074056510914,"score,('add', 0.1),True,add","score,('add', 0.8),True,add"
"num_iters","score,('add', 0.1),True,add - (score,('add', 0.8),True,all-sep)",1416.12692307692,237.469680591121,Inf,5.96340096787022,7.08514168644364e-05,"score,('add', 0.1),True,add","(score,('add', 0.8),True,all-sep)"
"num_iters","score,('add', 0.1),True,add - (score,('add', 0.8),True,all-uni)",1341.62307692308,237.469680591121,Inf,5.64966051069528,0.000461074056510917,"score,('add', 0.1),True,add","(score,('add', 0.8),True,all-uni)"
"num_iters","score,('add', 0.1),True,add - score,('add', 0.8),True,del",1313.43461538461,237.469680591121,Inf,5.53095709782887,0.000913424217365197,"score,('add', 0.1),True,add","score,('add', 0.8),True,del"
"num_iters","score,('add', 0.1),True,add - score,('add', 0.9),False,add",1390.52692307692,237.469680591121,Inf,5.8555977319528,0.00013631529795906,"score,('add', 0.1),True,add","score,('add', 0.9),False,add"
"num_iters","score,('add', 0.1),True,add - (score,('add', 0.9),False,all-sep)",1295.37692307692,237.469680591121,Inf,5.45491500158003,0.00140521321701317,"score,('add', 0.1),True,add","(score,('add', 0.9),False,all-sep)"
"num_iters","score,('add', 0.1),True,add - (score,('add', 0.9),False,all-uni)",1371.06538461538,237.469680591121,Inf,5.77364394984009,0.00022248588109594,"score,('add', 0.1),True,add","(score,('add', 0.9),False,all-uni)"
"num_iters","score,('add', 0.1),True,add - score,('add', 0.9),False,del",1390.52692307692,237.469680591121,Inf,5.8555977319528,0.000136315297959061,"score,('add', 0.1),True,add","score,('add', 0.9),False,del"
"num_iters","score,('add', 0.1),True,add - score,('add', 0.9),True,add",1407.11538461538,237.469680591121,Inf,5.92545280354412,8.93204254833294e-05,"score,('add', 0.1),True,add","score,('add', 0.9),True,add"
"num_iters","score,('add', 0.1),True,add - (score,('add', 0.9),True,all-sep)",1407.11538461538,237.469680591121,Inf,5.92545280354412,8.93204254833294e-05,"score,('add', 0.1),True,add","(score,('add', 0.9),True,all-sep)"
"num_iters","score,('add', 0.1),True,add - (score,('add', 0.9),True,all-uni)",1407.11538461538,237.469680591121,Inf,5.92545280354412,8.93204254833294e-05,"score,('add', 0.1),True,add","(score,('add', 0.9),True,all-uni)"
"num_iters","score,('add', 0.1),True,add - score,('add', 0.9),True,del",1406.7,237.469680591121,Inf,5.9237035923844,9.02762079635638e-05,"score,('add', 0.1),True,add","score,('add', 0.9),True,del"
"num_iters","score,('add', 0.1),True,add - score,mul,False,add",1754.06538461538,237.469680591121,Inf,7.38648142469843,4.32394594230957e-09,"score,('add', 0.1),True,add","score,mul,False,add"
"num_iters","score,('add', 0.1),True,add - (score,mul,False,all-sep)",1871.37692307692,237.469680591121,Inf,7.88048780972207,9.35270396859997e-11,"score,('add', 0.1),True,add","(score,mul,False,all-sep)"
"num_iters","score,('add', 0.1),True,add - (score,mul,False,all-uni)",1754.06538461538,237.469680591121,Inf,7.38648142469843,4.32394594230955e-09,"score,('add', 0.1),True,add","(score,mul,False,all-uni)"
"num_iters","score,('add', 0.1),True,add - score,mul,False,del",1754.06538461538,237.469680591121,Inf,7.38648142469843,4.32394594230957e-09,"score,('add', 0.1),True,add","score,mul,False,del"
"num_iters","score,('add', 0.1),True,add - score,mul,True,add",1955.34615384615,237.469680591121,Inf,8.23408760637911,5.18910836560821e-12,"score,('add', 0.1),True,add","score,mul,True,add"
"num_iters","score,('add', 0.1),True,add - (score,mul,True,all-sep)",2158.69615384615,237.469680591121,Inf,9.09040745105911,2.82981520829147e-15,"score,('add', 0.1),True,add","(score,mul,True,all-sep)"
"num_iters","score,('add', 0.1),True,add - (score,mul,True,all-uni)",1955.34615384615,237.469680591121,Inf,8.23408760637911,5.18910836560821e-12,"score,('add', 0.1),True,add","(score,mul,True,all-uni)"
"num_iters","score,('add', 0.1),True,add - score,mul,True,del",2016.59999999999,237.469680591152,Inf,8.49203146683784,5.82364644544777e-13,"score,('add', 0.1),True,add","score,mul,True,del"
"num_iters","(score,('add', 0.1),True,all-sep) - score,('add', 0.7),True,add",1152.68846153846,237.469680591121,Inf,4.85404477181733,0.0346937390137496,"(score,('add', 0.1),True,all-sep)","score,('add', 0.7),True,add"
"num_iters","(score,('add', 0.1),True,all-sep) - (score,('add', 0.7),True,all-sep)",1235.39230769231,237.469680591121,Inf,5.20231595299707,0.00564480448149464,"(score,('add', 0.1),True,all-sep)","(score,('add', 0.7),True,all-sep)"
"num_iters","(score,('add', 0.1),True,all-sep) - (score,('add', 0.7),True,all-uni)",1152.68846153846,237.469680591121,Inf,4.85404477181733,0.0346937390137496,"(score,('add', 0.1),True,all-sep)","(score,('add', 0.7),True,all-uni)"
"num_iters","(score,('add', 0.1),True,all-sep) - score,('add', 0.8),False,add",1209.52692307692,237.469680591121,Inf,5.09339516550538,0.0100869729193546,"(score,('add', 0.1),True,all-sep)","score,('add', 0.8),False,add"
"num_iters","(score,('add', 0.1),True,all-sep) - (score,('add', 0.8),False,all-sep)",1181.51538461538,237.469680591121,Inf,4.97543678702182,0.0186708741329081,"(score,('add', 0.1),True,all-sep)","(score,('add', 0.8),False,all-sep)"
"num_iters","(score,('add', 0.1),True,all-sep) - (score,('add', 0.8),False,all-uni)",1209.52692307692,237.469680591121,Inf,5.09339516550538,0.0100869729193546,"(score,('add', 0.1),True,all-sep)","(score,('add', 0.8),False,all-uni)"
"num_iters","(score,('add', 0.1),True,all-sep) - score,('add', 0.8),False,del",1209.52692307692,237.469680591121,Inf,5.09339516550538,0.0100869729193546,"(score,('add', 0.1),True,all-sep)","score,('add', 0.8),False,del"
"num_iters","(score,('add', 0.1),True,all-sep) - score,('add', 0.8),True,add",1176.67692307692,237.469680591121,Inf,4.95506171629103,0.0207377435803314,"(score,('add', 0.1),True,all-sep)","score,('add', 0.8),True,add"
"num_iters","(score,('add', 0.1),True,all-sep) - (score,('add', 0.8),True,all-sep)",1251.18076923077,237.469680591121,Inf,5.26880217346598,0.00393824731420193,"(score,('add', 0.1),True,all-sep)","(score,('add', 0.8),True,all-sep)"
"num_iters","(score,('add', 0.1),True,all-sep) - (score,('add', 0.8),True,all-uni)",1176.67692307692,237.469680591121,Inf,4.95506171629103,0.0207377435803314,"(score,('add', 0.1),True,all-sep)","(score,('add', 0.8),True,all-uni)"
"num_iters","(score,('add', 0.1),True,all-sep) - score,('add', 0.8),True,del",1148.48846153846,237.469680591121,Inf,4.83635830342463,0.0379262775307059,"(score,('add', 0.1),True,all-sep)","score,('add', 0.8),True,del"
"num_iters","(score,('add', 0.1),True,all-sep) - score,('add', 0.9),False,add",1225.58076923077,237.469680591121,Inf,5.16099893754855,0.00704482827534035,"(score,('add', 0.1),True,all-sep)","score,('add', 0.9),False,add"
"num_iters","(score,('add', 0.1),True,all-sep) - (score,('add', 0.9),False,all-uni)",1206.11923076923,237.469680591121,Inf,5.07904515543585,0.0108793722559331,"(score,('add', 0.1),True,all-sep)","(score,('add', 0.9),False,all-uni)"
"num_iters","(score,('add', 0.1),True,all-sep) - score,('add', 0.9),False,del",1225.58076923077,237.469680591121,Inf,5.16099893754855,0.00704482827534035,"(score,('add', 0.1),True,all-sep)","score,('add', 0.9),False,del"
"num_iters","(score,('add', 0.1),True,all-sep) - score,('add', 0.9),True,add",1242.16923076923,237.469680591121,Inf,5.23085400913988,0.00483913982075884,"(score,('add', 0.1),True,all-sep)","score,('add', 0.9),True,add"
"num_iters","(score,('add', 0.1),True,all-sep) - (score,('add', 0.9),True,all-sep)",1242.16923076923,237.469680591121,Inf,5.23085400913988,0.00483913982075884,"(score,('add', 0.1),True,all-sep)","(score,('add', 0.9),True,all-sep)"
"num_iters","(score,('add', 0.1),True,all-sep) - (score,('add', 0.9),True,all-uni)",1242.16923076923,237.469680591121,Inf,5.23085400913988,0.00483913982075884,"(score,('add', 0.1),True,all-sep)","(score,('add', 0.9),True,all-uni)"
"num_iters","(score,('add', 0.1),True,all-sep) - score,('add', 0.9),True,del",1241.75384615385,237.469680591121,Inf,5.22910479798016,0.00488514459690361,"(score,('add', 0.1),True,all-sep)","score,('add', 0.9),True,del"
"num_iters","(score,('add', 0.1),True,all-sep) - score,mul,False,add",1589.11923076923,237.469680591121,Inf,6.69188263029419,6.31870728983684e-07,"(score,('add', 0.1),True,all-sep)","score,mul,False,add"
"num_iters","(score,('add', 0.1),True,all-sep) - (score,mul,False,all-sep)",1706.43076923077,237.469680591121,Inf,7.18588901531783,1.91499998597239e-08,"(score,('add', 0.1),True,all-sep)","(score,mul,False,all-sep)"
"num_iters","(score,('add', 0.1),True,all-sep) - (score,mul,False,all-uni)",1589.11923076923,237.469680591121,Inf,6.69188263029419,6.31870728983684e-07,"(score,('add', 0.1),True,all-sep)","(score,mul,False,all-uni)"
"num_iters","(score,('add', 0.1),True,all-sep) - score,mul,False,del",1589.11923076923,237.469680591121,Inf,6.69188263029419,6.31870728983688e-07,"(score,('add', 0.1),True,all-sep)","score,mul,False,del"
"num_iters","(score,('add', 0.1),True,all-sep) - score,mul,True,add",1790.4,237.469680591121,Inf,7.53948881197486,1.35317195817281e-09,"(score,('add', 0.1),True,all-sep)","score,mul,True,add"
"num_iters","(score,('add', 0.1),True,all-sep) - (score,mul,True,all-sep)",1993.75,237.469680591121,Inf,8.39580865665487,1.32701963806731e-12,"(score,('add', 0.1),True,all-sep)","(score,mul,True,all-sep)"
"num_iters","(score,('add', 0.1),True,all-sep) - (score,mul,True,all-uni)",1790.4,237.469680591121,Inf,7.53948881197486,1.35317195817282e-09,"(score,('add', 0.1),True,all-sep)","(score,mul,True,all-uni)"
"num_iters","(score,('add', 0.1),True,all-sep) - score,mul,True,del",1851.65384615384,237.469680591152,Inf,7.79743267243369,1.8119830592959e-10,"(score,('add', 0.1),True,all-sep)","score,mul,True,del"
"num_iters","(score,('add', 0.1),True,all-uni) - score,('add', 0.6),True,add",1189.48076923077,237.469680591121,Inf,5.00897953064937,0.0156935215933478,"(score,('add', 0.1),True,all-uni)","score,('add', 0.6),True,add"
"num_iters","(score,('add', 0.1),True,all-uni) - (score,('add', 0.6),True,all-sep)",1226.89230769231,237.469680591121,Inf,5.16652190982137,0.00683990059185378,"(score,('add', 0.1),True,all-uni)","(score,('add', 0.6),True,all-sep)"
"num_iters","(score,('add', 0.1),True,all-uni) - (score,('add', 0.6),True,all-uni)",1141.57692307692,237.469680591121,Inf,4.80725337329488,0.0438855649669898,"(score,('add', 0.1),True,all-uni)","(score,('add', 0.6),True,all-uni)"
"num_iters","(score,('add', 0.1),True,all-uni) - score,('add', 0.7),False,add",1283.98076923077,237.469680591121,Inf,5.40692506948518,0.00183884545387222,"(score,('add', 0.1),True,all-uni)","score,('add', 0.7),False,add"
"num_iters","(score,('add', 0.1),True,all-uni) - (score,('add', 0.7),False,all-sep)",1195.78846153846,237.469680591121,Inf,5.03554162603768,0.0136660074669825,"(score,('add', 0.1),True,all-uni)","(score,('add', 0.7),False,all-sep)"
"num_iters","(score,('add', 0.1),True,all-uni) - (score,('add', 0.7),False,all-uni)",1283.98076923077,237.469680591121,Inf,5.40692506948518,0.00183884545387222,"(score,('add', 0.1),True,all-uni)","(score,('add', 0.7),False,all-uni)"
"num_iters","(score,('add', 0.1),True,all-uni) - score,('add', 0.7),False,del",1283.98076923077,237.469680591121,Inf,5.40692506948518,0.00183884545387221,"(score,('add', 0.1),True,all-uni)","score,('add', 0.7),False,del"
"num_iters","(score,('add', 0.1),True,all-uni) - score,('add', 0.7),True,add",1317.63461538462,237.469680591121,Inf,5.54864356622157,0.000825681212659634,"(score,('add', 0.1),True,all-uni)","score,('add', 0.7),True,add"
"num_iters","(score,('add', 0.1),True,all-uni) - (score,('add', 0.7),True,all-sep)",1400.33846153846,237.469680591121,Inf,5.89691474740132,0.000106219559719007,"(score,('add', 0.1),True,all-uni)","(score,('add', 0.7),True,all-sep)"
"num_iters","(score,('add', 0.1),True,all-uni) - (score,('add', 0.7),True,all-uni)",1317.63461538462,237.469680591121,Inf,5.54864356622157,0.000825681212659634,"(score,('add', 0.1),True,all-uni)","(score,('add', 0.7),True,all-uni)"
"num_iters","(score,('add', 0.1),True,all-uni) - score,('add', 0.7),True,del",1299.81923076923,237.469680591121,Inf,5.47362184314923,0.00126458571248891,"(score,('add', 0.1),True,all-uni)","score,('add', 0.7),True,del"
"num_iters","(score,('add', 0.1),True,all-uni) - score,('add', 0.8),False,add",1374.47307692308,237.469680591121,Inf,5.78799395990963,0.000204293295956651,"(score,('add', 0.1),True,all-uni)","score,('add', 0.8),False,add"
"num_iters","(score,('add', 0.1),True,all-uni) - (score,('add', 0.8),False,all-sep)",1346.46153846154,237.469680591121,Inf,5.67003558142607,0.000409458240182883,"(score,('add', 0.1),True,all-uni)","(score,('add', 0.8),False,all-sep)"
"num_iters","(score,('add', 0.1),True,all-uni) - (score,('add', 0.8),False,all-uni)",1374.47307692308,237.469680591121,Inf,5.78799395990963,0.000204293295956651,"(score,('add', 0.1),True,all-uni)","(score,('add', 0.8),False,all-uni)"
"num_iters","(score,('add', 0.1),True,all-uni) - score,('add', 0.8),False,del",1374.47307692308,237.469680591121,Inf,5.78799395990963,0.000204293295956651,"(score,('add', 0.1),True,all-uni)","score,('add', 0.8),False,del"
"num_iters","(score,('add', 0.1),True,all-uni) - score,('add', 0.8),True,add",1341.62307692308,237.469680591121,Inf,5.64966051069528,0.000461074056510912,"(score,('add', 0.1),True,all-uni)","score,('add', 0.8),True,add"
"num_iters","(score,('add', 0.1),True,all-uni) - (score,('add', 0.8),True,all-sep)",1416.12692307692,237.469680591121,Inf,5.96340096787022,7.08514168644356e-05,"(score,('add', 0.1),True,all-uni)","(score,('add', 0.8),True,all-sep)"
"num_iters","(score,('add', 0.1),True,all-uni) - (score,('add', 0.8),True,all-uni)",1341.62307692308,237.469680591121,Inf,5.64966051069528,0.000461074056510912,"(score,('add', 0.1),True,all-uni)","(score,('add', 0.8),True,all-uni)"
"num_iters","(score,('add', 0.1),True,all-uni) - score,('add', 0.8),True,del",1313.43461538462,237.469680591121,Inf,5.53095709782887,0.000913424217365192,"(score,('add', 0.1),True,all-uni)","score,('add', 0.8),True,del"
"num_iters","(score,('add', 0.1),True,all-uni) - score,('add', 0.9),False,add",1390.52692307692,237.469680591121,Inf,5.8555977319528,0.00013631529795906,"(score,('add', 0.1),True,all-uni)","score,('add', 0.9),False,add"
"num_iters","(score,('add', 0.1),True,all-uni) - (score,('add', 0.9),False,all-sep)",1295.37692307692,237.469680591121,Inf,5.45491500158003,0.00140521321701315,"(score,('add', 0.1),True,all-uni)","(score,('add', 0.9),False,all-sep)"
"num_iters","(score,('add', 0.1),True,all-uni) - (score,('add', 0.9),False,all-uni)",1371.06538461538,237.469680591121,Inf,5.77364394984009,0.000222485881095938,"(score,('add', 0.1),True,all-uni)","(score,('add', 0.9),False,all-uni)"
"num_iters","(score,('add', 0.1),True,all-uni) - score,('add', 0.9),False,del",1390.52692307692,237.469680591121,Inf,5.8555977319528,0.00013631529795906,"(score,('add', 0.1),True,all-uni)","score,('add', 0.9),False,del"
"num_iters","(score,('add', 0.1),True,all-uni) - score,('add', 0.9),True,add",1407.11538461538,237.469680591121,Inf,5.92545280354412,8.93204254833284e-05,"(score,('add', 0.1),True,all-uni)","score,('add', 0.9),True,add"
"num_iters","(score,('add', 0.1),True,all-uni) - (score,('add', 0.9),True,all-sep)",1407.11538461538,237.469680591121,Inf,5.92545280354412,8.93204254833284e-05,"(score,('add', 0.1),True,all-uni)","(score,('add', 0.9),True,all-sep)"
"num_iters","(score,('add', 0.1),True,all-uni) - (score,('add', 0.9),True,all-uni)",1407.11538461538,237.469680591121,Inf,5.92545280354412,8.93204254833284e-05,"(score,('add', 0.1),True,all-uni)","(score,('add', 0.9),True,all-uni)"
"num_iters","(score,('add', 0.1),True,all-uni) - score,('add', 0.9),True,del",1406.7,237.469680591121,Inf,5.9237035923844,9.02762079635628e-05,"(score,('add', 0.1),True,all-uni)","score,('add', 0.9),True,del"
"num_iters","(score,('add', 0.1),True,all-uni) - score,mul,False,add",1754.06538461538,237.469680591121,Inf,7.38648142469843,4.32394594230952e-09,"(score,('add', 0.1),True,all-uni)","score,mul,False,add"
"num_iters","(score,('add', 0.1),True,all-uni) - (score,mul,False,all-sep)",1871.37692307692,237.469680591121,Inf,7.88048780972207,9.35270396859983e-11,"(score,('add', 0.1),True,all-uni)","(score,mul,False,all-sep)"
"num_iters","(score,('add', 0.1),True,all-uni) - (score,mul,False,all-uni)",1754.06538461538,237.469680591121,Inf,7.38648142469843,4.32394594230952e-09,"(score,('add', 0.1),True,all-uni)","(score,mul,False,all-uni)"
"num_iters","(score,('add', 0.1),True,all-uni) - score,mul,False,del",1754.06538461538,237.469680591121,Inf,7.38648142469843,4.32394594230952e-09,"(score,('add', 0.1),True,all-uni)","score,mul,False,del"
"num_iters","(score,('add', 0.1),True,all-uni) - score,mul,True,add",1955.34615384615,237.469680591121,Inf,8.23408760637911,5.18910836560814e-12,"(score,('add', 0.1),True,all-uni)","score,mul,True,add"
"num_iters","(score,('add', 0.1),True,all-uni) - (score,mul,True,all-sep)",2158.69615384615,237.469680591121,Inf,9.09040745105911,2.82981520829147e-15,"(score,('add', 0.1),True,all-uni)","(score,mul,True,all-sep)"
"num_iters","(score,('add', 0.1),True,all-uni) - (score,mul,True,all-uni)",1955.34615384615,237.469680591121,Inf,8.23408760637911,5.18910836560814e-12,"(score,('add', 0.1),True,all-uni)","(score,mul,True,all-uni)"
"num_iters","(score,('add', 0.1),True,all-uni) - score,mul,True,del",2016.59999999999,237.469680591152,Inf,8.49203146683784,5.82364644544777e-13,"(score,('add', 0.1),True,all-uni)","score,mul,True,del"
"num_iters","score,('add', 0.1),True,del - score,('add', 0.7),False,add",1139.03846153846,237.469680591121,Inf,4.79656374954105,0.0462925611545133,"score,('add', 0.1),True,del","score,('add', 0.7),False,add"
"num_iters","score,('add', 0.1),True,del - (score,('add', 0.7),False,all-uni)",1139.03846153846,237.469680591121,Inf,4.79656374954105,0.0462925611545133,"score,('add', 0.1),True,del","(score,('add', 0.7),False,all-uni)"
"num_iters","score,('add', 0.1),True,del - score,('add', 0.7),False,del",1139.03846153846,237.469680591121,Inf,4.79656374954105,0.0462925611545131,"score,('add', 0.1),True,del","score,('add', 0.7),False,del"
"num_iters","score,('add', 0.1),True,del - score,('add', 0.7),True,add",1172.69230769231,237.469680591121,Inf,4.93828224627744,0.0226037742191163,"score,('add', 0.1),True,del","score,('add', 0.7),True,add"
"num_iters","score,('add', 0.1),True,del - (score,('add', 0.7),True,all-sep)",1255.39615384615,237.469680591121,Inf,5.28655342745719,0.00357474471567833,"score,('add', 0.1),True,del","(score,('add', 0.7),True,all-sep)"
"num_iters","score,('add', 0.1),True,del - (score,('add', 0.7),True,all-uni)",1172.69230769231,237.469680591121,Inf,4.93828224627744,0.0226037742191163,"score,('add', 0.1),True,del","(score,('add', 0.7),True,all-uni)"
"num_iters","score,('add', 0.1),True,del - score,('add', 0.7),True,del",1154.87692307692,237.469680591121,Inf,4.8632605232051,0.0331161380872736,"score,('add', 0.1),True,del","score,('add', 0.7),True,del"
"num_iters","score,('add', 0.1),True,del - score,('add', 0.8),False,add",1229.53076923077,237.469680591121,Inf,5.1776326399655,0.00644494579470797,"score,('add', 0.1),True,del","score,('add', 0.8),False,add"
"num_iters","score,('add', 0.1),True,del - (score,('add', 0.8),False,all-sep)",1201.51923076923,237.469680591121,Inf,5.05967426148194,0.0120448344677813,"score,('add', 0.1),True,del","(score,('add', 0.8),False,all-sep)"
"num_iters","score,('add', 0.1),True,del - (score,('add', 0.8),False,all-uni)",1229.53076923077,237.469680591121,Inf,5.1776326399655,0.00644494579470797,"score,('add', 0.1),True,del","(score,('add', 0.8),False,all-uni)"
"num_iters","score,('add', 0.1),True,del - score,('add', 0.8),False,del",1229.53076923077,237.469680591121,Inf,5.1776326399655,0.006444945794708,"score,('add', 0.1),True,del","score,('add', 0.8),False,del"
"num_iters","score,('add', 0.1),True,del - score,('add', 0.8),True,add",1196.68076923077,237.469680591121,Inf,5.03929919075115,0.0134004310981742,"score,('add', 0.1),True,del","score,('add', 0.8),True,add"
"num_iters","score,('add', 0.1),True,del - (score,('add', 0.8),True,all-sep)",1271.18461538462,237.469680591121,Inf,5.35303964792609,0.0024805013338119,"score,('add', 0.1),True,del","(score,('add', 0.8),True,all-sep)"
"num_iters","score,('add', 0.1),True,del - (score,('add', 0.8),True,all-uni)",1196.68076923077,237.469680591121,Inf,5.03929919075115,0.0134004310981742,"score,('add', 0.1),True,del","(score,('add', 0.8),True,all-uni)"
"num_iters","score,('add', 0.1),True,del - score,('add', 0.8),True,del",1168.49230769231,237.469680591121,Inf,4.92059577788474,0.0247454379273829,"score,('add', 0.1),True,del","score,('add', 0.8),True,del"
"num_iters","score,('add', 0.1),True,del - score,('add', 0.9),False,add",1245.58461538462,237.469680591121,Inf,5.24523641200867,0.00447643342156923,"score,('add', 0.1),True,del","score,('add', 0.9),False,add"
"num_iters","score,('add', 0.1),True,del - (score,('add', 0.9),False,all-sep)",1150.43461538462,237.469680591121,Inf,4.8445536816359,0.0363939467436486,"score,('add', 0.1),True,del","(score,('add', 0.9),False,all-sep)"
"num_iters","score,('add', 0.1),True,del - (score,('add', 0.9),False,all-uni)",1226.12307692308,237.469680591121,Inf,5.16328262989596,0.00695938355316876,"score,('add', 0.1),True,del","(score,('add', 0.9),False,all-uni)"
"num_iters","score,('add', 0.1),True,del - score,('add', 0.9),False,del",1245.58461538462,237.469680591121,Inf,5.24523641200867,0.00447643342156923,"score,('add', 0.1),True,del","score,('add', 0.9),False,del"
"num_iters","score,('add', 0.1),True,del - score,('add', 0.9),True,add",1262.17307692308,237.469680591121,Inf,5.31509148359999,0.00305739569539453,"score,('add', 0.1),True,del","score,('add', 0.9),True,add"
"num_iters","score,('add', 0.1),True,del - (score,('add', 0.9),True,all-sep)",1262.17307692308,237.469680591121,Inf,5.31509148359999,0.00305739569539453,"score,('add', 0.1),True,del","(score,('add', 0.9),True,all-sep)"
"num_iters","score,('add', 0.1),True,del - (score,('add', 0.9),True,all-uni)",1262.17307692308,237.469680591121,Inf,5.31509148359999,0.00305739569539453,"score,('add', 0.1),True,del","(score,('add', 0.9),True,all-uni)"
"num_iters","score,('add', 0.1),True,del - score,('add', 0.9),True,del",1261.75769230769,237.469680591121,Inf,5.31334227244027,0.00308690297800662,"score,('add', 0.1),True,del","score,('add', 0.9),True,del"
"num_iters","score,('add', 0.1),True,del - score,mul,False,add",1609.12307692308,237.469680591121,Inf,6.7761201047543,3.54043325151093e-07,"score,('add', 0.1),True,del","score,mul,False,add"
"num_iters","score,('add', 0.1),True,del - (score,mul,False,all-sep)",1726.43461538462,237.469680591121,Inf,7.27012648977794,1.0300451785939e-08,"score,('add', 0.1),True,del","(score,mul,False,all-sep)"
"num_iters","score,('add', 0.1),True,del - (score,mul,False,all-uni)",1609.12307692308,237.469680591121,Inf,6.7761201047543,3.54043325151093e-07,"score,('add', 0.1),True,del","(score,mul,False,all-uni)"
"num_iters","score,('add', 0.1),True,del - score,mul,False,del",1609.12307692308,237.469680591121,Inf,6.7761201047543,3.5404332515109e-07,"score,('add', 0.1),True,del","score,mul,False,del"
"num_iters","score,('add', 0.1),True,del - score,mul,True,add",1810.40384615385,237.469680591121,Inf,7.62372628643498,7.0683486794103e-10,"score,('add', 0.1),True,del","score,mul,True,add"
"num_iters","score,('add', 0.1),True,del - (score,mul,True,all-sep)",2013.75384615385,237.469680591121,Inf,8.48004613111499,6.45600197247954e-13,"score,('add', 0.1),True,del","(score,mul,True,all-sep)"
"num_iters","score,('add', 0.1),True,del - (score,mul,True,all-uni)",1810.40384615385,237.469680591121,Inf,7.62372628643498,7.06834867941025e-10,"score,('add', 0.1),True,del","(score,mul,True,all-uni)"
"num_iters","score,('add', 0.1),True,del - score,mul,True,del",1871.65769230769,237.469680591152,Inf,7.88167014689379,9.26461091113469e-11,"score,('add', 0.1),True,del","score,mul,True,del"
"num_iters","score,('add', 0.2),False,add - score,mul,False,add",1391.99615384615,237.469680591121,Inf,5.86178475661032,0.000131330987226402,"score,('add', 0.2),False,add","score,mul,False,add"
"num_iters","score,('add', 0.2),False,add - (score,mul,False,all-sep)",1509.30769230769,237.469680591121,Inf,6.35579114163396,5.94698752255618e-06,"score,('add', 0.2),False,add","(score,mul,False,all-sep)"
"num_iters","score,('add', 0.2),False,add - (score,mul,False,all-uni)",1391.99615384615,237.469680591121,Inf,5.86178475661032,0.000131330987226402,"score,('add', 0.2),False,add","(score,mul,False,all-uni)"
"num_iters","score,('add', 0.2),False,add - score,mul,False,del",1391.99615384615,237.469680591121,Inf,5.86178475661032,0.000131330987226402,"score,('add', 0.2),False,add","score,mul,False,del"
"num_iters","score,('add', 0.2),False,add - score,mul,True,add",1593.27692307692,237.469680591121,Inf,6.70939093829099,5.60517401600848e-07,"score,('add', 0.2),False,add","score,mul,True,add"
"num_iters","score,('add', 0.2),False,add - (score,mul,True,all-sep)",1796.62692307692,237.469680591121,Inf,7.565710782971,1.10632943334406e-09,"score,('add', 0.2),False,add","(score,mul,True,all-sep)"
"num_iters","score,('add', 0.2),False,add - (score,mul,True,all-uni)",1593.27692307692,237.469680591121,Inf,6.70939093829099,5.60517401600852e-07,"score,('add', 0.2),False,add","(score,mul,True,all-uni)"
"num_iters","score,('add', 0.2),False,add - score,mul,True,del",1654.53076923076,237.469680591152,Inf,6.96733479874993,9.26367971176703e-08,"score,('add', 0.2),False,add","score,mul,True,del"
"num_iters","(score,('add', 0.2),False,all-sep) - score,('add', 0.6),True,add",1146.46923076923,237.469680591121,Inf,4.82785519362044,0.0395816655135363,"(score,('add', 0.2),False,all-sep)","score,('add', 0.6),True,add"
"num_iters","(score,('add', 0.2),False,all-sep) - (score,('add', 0.6),True,all-sep)",1183.88076923077,237.469680591121,Inf,4.98539757279244,0.01773414332824,"(score,('add', 0.2),False,all-sep)","(score,('add', 0.6),True,all-sep)"
"num_iters","(score,('add', 0.2),False,all-sep) - score,('add', 0.7),False,add",1240.96923076923,237.469680591121,Inf,5.22580073245625,0.00497319889754027,"(score,('add', 0.2),False,all-sep)","score,('add', 0.7),False,add"
"num_iters","(score,('add', 0.2),False,all-sep) - (score,('add', 0.7),False,all-sep)",1152.77692307692,237.469680591121,Inf,4.85441728900875,0.0346285906093269,"(score,('add', 0.2),False,all-sep)","(score,('add', 0.7),False,all-sep)"
"num_iters","(score,('add', 0.2),False,all-sep) - (score,('add', 0.7),False,all-uni)",1240.96923076923,237.469680591121,Inf,5.22580073245625,0.00497319889754027,"(score,('add', 0.2),False,all-sep)","(score,('add', 0.7),False,all-uni)"
"num_iters","(score,('add', 0.2),False,all-sep) - score,('add', 0.7),False,del",1240.96923076923,237.469680591121,Inf,5.22580073245625,0.00497319889754027,"(score,('add', 0.2),False,all-sep)","score,('add', 0.7),False,del"
"num_iters","(score,('add', 0.2),False,all-sep) - score,('add', 0.7),True,add",1274.62307692308,237.469680591121,Inf,5.36751922919265,0.0022894383540192,"(score,('add', 0.2),False,all-sep)","score,('add', 0.7),True,add"
"num_iters","(score,('add', 0.2),False,all-sep) - (score,('add', 0.7),True,all-sep)",1357.32692307692,237.469680591121,Inf,5.71579041037239,0.000313172003528701,"(score,('add', 0.2),False,all-sep)","(score,('add', 0.7),True,all-sep)"
"num_iters","(score,('add', 0.2),False,all-sep) - (score,('add', 0.7),True,all-uni)",1274.62307692308,237.469680591121,Inf,5.36751922919265,0.0022894383540192,"(score,('add', 0.2),False,all-sep)","(score,('add', 0.7),True,all-uni)"
"num_iters","(score,('add', 0.2),False,all-sep) - score,('add', 0.7),True,del",1256.80769230769,237.469680591121,Inf,5.2924975061203,0.00346044607845692,"(score,('add', 0.2),False,all-sep)","score,('add', 0.7),True,del"
"num_iters","(score,('add', 0.2),False,all-sep) - score,('add', 0.8),False,add",1331.46153846154,237.469680591121,Inf,5.6068696228807,0.000590861720435292,"(score,('add', 0.2),False,all-sep)","score,('add', 0.8),False,add"
"num_iters","(score,('add', 0.2),False,all-sep) - (score,('add', 0.8),False,all-sep)",1303.45,237.469680591121,Inf,5.48891124439714,0.00115987300326906,"(score,('add', 0.2),False,all-sep)","(score,('add', 0.8),False,all-sep)"
"num_iters","(score,('add', 0.2),False,all-sep) - (score,('add', 0.8),False,all-uni)",1331.46153846154,237.469680591121,Inf,5.6068696228807,0.000590861720435292,"(score,('add', 0.2),False,all-sep)","(score,('add', 0.8),False,all-uni)"
"num_iters","(score,('add', 0.2),False,all-sep) - score,('add', 0.8),False,del",1331.46153846154,237.469680591121,Inf,5.6068696228807,0.000590861720435295,"(score,('add', 0.2),False,all-sep)","score,('add', 0.8),False,del"
"num_iters","(score,('add', 0.2),False,all-sep) - score,('add', 0.8),True,add",1298.61153846154,237.469680591121,Inf,5.46853617366635,0.00130140509192847,"(score,('add', 0.2),False,all-sep)","score,('add', 0.8),True,add"
"num_iters","(score,('add', 0.2),False,all-sep) - (score,('add', 0.8),True,all-sep)",1373.11538461538,237.469680591121,Inf,5.78227663084129,0.000211361242553892,"(score,('add', 0.2),False,all-sep)","(score,('add', 0.8),True,all-sep)"
"num_iters","(score,('add', 0.2),False,all-sep) - (score,('add', 0.8),True,all-uni)",1298.61153846154,237.469680591121,Inf,5.46853617366635,0.00130140509192847,"(score,('add', 0.2),False,all-sep)","(score,('add', 0.8),True,all-uni)"
"num_iters","(score,('add', 0.2),False,all-sep) - score,('add', 0.8),True,del",1270.42307692308,237.469680591121,Inf,5.34983276079994,0.00252485951069003,"(score,('add', 0.2),False,all-sep)","score,('add', 0.8),True,del"
"num_iters","(score,('add', 0.2),False,all-sep) - score,('add', 0.9),False,add",1347.51538461538,237.469680591121,Inf,5.67447339492387,0.000398984500805007,"(score,('add', 0.2),False,all-sep)","score,('add', 0.9),False,add"
"num_iters","(score,('add', 0.2),False,all-sep) - (score,('add', 0.9),False,all-sep)",1252.36538461538,237.469680591121,Inf,5.2737906645511,0.00383263262087057,"(score,('add', 0.2),False,all-sep)","(score,('add', 0.9),False,all-sep)"
"num_iters","(score,('add', 0.2),False,all-sep) - (score,('add', 0.9),False,all-uni)",1328.05384615385,237.469680591121,Inf,5.59251961281116,0.000641852274700773,"(score,('add', 0.2),False,all-sep)","(score,('add', 0.9),False,all-uni)"
"num_iters","(score,('add', 0.2),False,all-sep) - score,('add', 0.9),False,del",1347.51538461538,237.469680591121,Inf,5.67447339492387,0.000398984500805007,"(score,('add', 0.2),False,all-sep)","score,('add', 0.9),False,del"
"num_iters","(score,('add', 0.2),False,all-sep) - score,('add', 0.9),True,add",1364.10384615385,237.469680591121,Inf,5.74432846651519,0.00026467766276865,"(score,('add', 0.2),False,all-sep)","score,('add', 0.9),True,add"
"num_iters","(score,('add', 0.2),False,all-sep) - (score,('add', 0.9),True,all-sep)",1364.10384615385,237.469680591121,Inf,5.74432846651519,0.00026467766276865,"(score,('add', 0.2),False,all-sep)","(score,('add', 0.9),True,all-sep)"
"num_iters","(score,('add', 0.2),False,all-sep) - (score,('add', 0.9),True,all-uni)",1364.10384615385,237.469680591121,Inf,5.74432846651519,0.00026467766276865,"(score,('add', 0.2),False,all-sep)","(score,('add', 0.9),True,all-uni)"
"num_iters","(score,('add', 0.2),False,all-sep) - score,('add', 0.9),True,del",1363.68846153846,237.469680591121,Inf,5.74257925535548,0.000267427267296174,"(score,('add', 0.2),False,all-sep)","score,('add', 0.9),True,del"
"num_iters","(score,('add', 0.2),False,all-sep) - score,mul,False,add",1711.05384615385,237.469680591121,Inf,7.2053570876695,1.66034066222946e-08,"(score,('add', 0.2),False,all-sep)","score,mul,False,add"
"num_iters","(score,('add', 0.2),False,all-sep) - (score,mul,False,all-sep)",1828.36538461538,237.469680591121,Inf,7.69936347269315,3.92186632242886e-10,"(score,('add', 0.2),False,all-sep)","(score,mul,False,all-sep)"
"num_iters","(score,('add', 0.2),False,all-sep) - (score,mul,False,all-uni)",1711.05384615385,237.469680591121,Inf,7.2053570876695,1.66034066222946e-08,"(score,('add', 0.2),False,all-sep)","(score,mul,False,all-uni)"
"num_iters","(score,('add', 0.2),False,all-sep) - score,mul,False,del",1711.05384615385,237.469680591121,Inf,7.2053570876695,1.66034066222946e-08,"(score,('add', 0.2),False,all-sep)","score,mul,False,del"
"num_iters","(score,('add', 0.2),False,all-sep) - score,mul,True,add",1912.33461538462,237.469680591121,Inf,8.05296326935018,2.31772149252144e-11,"(score,('add', 0.2),False,all-sep)","score,mul,True,add"
"num_iters","(score,('add', 0.2),False,all-sep) - (score,mul,True,all-sep)",2115.68461538462,237.469680591121,Inf,8.90928311403019,1.47310794817003e-14,"(score,('add', 0.2),False,all-sep)","(score,mul,True,all-sep)"
"num_iters","(score,('add', 0.2),False,all-sep) - (score,mul,True,all-uni)",1912.33461538462,237.469680591121,Inf,8.05296326935018,2.31772149252144e-11,"(score,('add', 0.2),False,all-sep)","(score,mul,True,all-uni)"
"num_iters","(score,('add', 0.2),False,all-sep) - score,mul,True,del",1973.58846153846,237.469680591152,Inf,8.31090712980893,2.72383233371415e-12,"(score,('add', 0.2),False,all-sep)","score,mul,True,del"
"num_iters","(score,('add', 0.2),False,all-uni) - score,mul,False,add",1388.87692307692,237.469680591121,Inf,5.84864947651281,0.000142132395149496,"(score,('add', 0.2),False,all-uni)","score,mul,False,add"
"num_iters","(score,('add', 0.2),False,all-uni) - (score,mul,False,all-sep)",1506.18846153846,237.469680591121,Inf,6.34265586153645,6.47702054460394e-06,"(score,('add', 0.2),False,all-uni)","(score,mul,False,all-sep)"
"num_iters","(score,('add', 0.2),False,all-uni) - (score,mul,False,all-uni)",1388.87692307692,237.469680591121,Inf,5.84864947651281,0.000142132395149496,"(score,('add', 0.2),False,all-uni)","(score,mul,False,all-uni)"
"num_iters","(score,('add', 0.2),False,all-uni) - score,mul,False,del",1388.87692307692,237.469680591121,Inf,5.84864947651281,0.000142132395149495,"(score,('add', 0.2),False,all-uni)","score,mul,False,del"
"num_iters","(score,('add', 0.2),False,all-uni) - score,mul,True,add",1590.15769230769,237.469680591121,Inf,6.69625565819348,6.13257283283342e-07,"(score,('add', 0.2),False,all-uni)","score,mul,True,add"
"num_iters","(score,('add', 0.2),False,all-uni) - (score,mul,True,all-sep)",1793.50769230769,237.469680591121,Inf,7.55257550287349,1.2238734128104e-09,"(score,('add', 0.2),False,all-uni)","(score,mul,True,all-sep)"
"num_iters","(score,('add', 0.2),False,all-uni) - (score,mul,True,all-uni)",1590.15769230769,237.469680591121,Inf,6.69625565819348,6.13257283283338e-07,"(score,('add', 0.2),False,all-uni)","(score,mul,True,all-uni)"
"num_iters","(score,('add', 0.2),False,all-uni) - score,mul,True,del",1651.41153846153,237.469680591152,Inf,6.95419951865241,1.01690534437667e-07,"(score,('add', 0.2),False,all-uni)","score,mul,True,del"
"num_iters","score,('add', 0.2),False,del - score,mul,False,add",1372.53461538462,237.469680591121,Inf,5.77983097449761,0.00021445674209669,"score,('add', 0.2),False,del","score,mul,False,add"
"num_iters","score,('add', 0.2),False,del - (score,mul,False,all-sep)",1489.84615384615,237.469680591121,Inf,6.27383735952125,1.01027156113381e-05,"score,('add', 0.2),False,del","(score,mul,False,all-sep)"
"num_iters","score,('add', 0.2),False,del - (score,mul,False,all-uni)",1372.53461538462,237.469680591121,Inf,5.77983097449761,0.000214456742096689,"score,('add', 0.2),False,del","(score,mul,False,all-uni)"
"num_iters","score,('add', 0.2),False,del - score,mul,False,del",1372.53461538461,237.469680591121,Inf,5.77983097449761,0.00021445674209669,"score,('add', 0.2),False,del","score,mul,False,del"
"num_iters","score,('add', 0.2),False,del - score,mul,True,add",1573.81538461538,237.469680591121,Inf,6.62743715617829,9.79608339136578e-07,"score,('add', 0.2),False,del","score,mul,True,add"
"num_iters","score,('add', 0.2),False,del - (score,mul,True,all-sep)",1777.16538461538,237.469680591121,Inf,7.4837570008583,2.07148328948296e-09,"score,('add', 0.2),False,del","(score,mul,True,all-sep)"
"num_iters","score,('add', 0.2),False,del - (score,mul,True,all-uni)",1573.81538461538,237.469680591121,Inf,6.62743715617829,9.79608339136584e-07,"score,('add', 0.2),False,del","(score,mul,True,all-uni)"
"num_iters","score,('add', 0.2),False,del - score,mul,True,del",1635.06923076922,237.469680591152,Inf,6.88538101663722,1.6529163970388e-07,"score,('add', 0.2),False,del","score,mul,True,del"
"num_iters","score,('add', 0.2),True,add - score,mul,False,add",1333.75769230769,237.469680591121,Inf,5.61653887345803,0.000558745008312676,"score,('add', 0.2),True,add","score,mul,False,add"
"num_iters","score,('add', 0.2),True,add - (score,mul,False,all-sep)",1451.06923076923,237.469680591121,Inf,6.11054525848167,2.84767488523552e-05,"score,('add', 0.2),True,add","(score,mul,False,all-sep)"
"num_iters","score,('add', 0.2),True,add - (score,mul,False,all-uni)",1333.75769230769,237.469680591121,Inf,5.61653887345803,0.000558745008312673,"score,('add', 0.2),True,add","(score,mul,False,all-uni)"
"num_iters","score,('add', 0.2),True,add - score,mul,False,del",1333.75769230769,237.469680591121,Inf,5.61653887345803,0.000558745008312676,"score,('add', 0.2),True,add","score,mul,False,del"
"num_iters","score,('add', 0.2),True,add - score,mul,True,add",1535.03846153846,237.469680591121,Inf,6.4641450551387,2.9217209673185e-06,"score,('add', 0.2),True,add","score,mul,True,add"
"num_iters","score,('add', 0.2),True,add - (score,mul,True,all-sep)",1738.38846153846,237.469680591121,Inf,7.32046489981871,7.0872107263212e-09,"score,('add', 0.2),True,add","(score,mul,True,all-sep)"
"num_iters","score,('add', 0.2),True,add - (score,mul,True,all-uni)",1535.03846153846,237.469680591121,Inf,6.4641450551387,2.92172096731852e-06,"score,('add', 0.2),True,add","(score,mul,True,all-uni)"
"num_iters","score,('add', 0.2),True,add - score,mul,True,del",1596.2923076923,237.469680591152,Inf,6.72208891559766,5.13766567642151e-07,"score,('add', 0.2),True,add","score,mul,True,del"
"num_iters","(score,('add', 0.2),True,all-sep) - (score,mul,False,all-sep)",1212.51923076923,237.469680591121,Inf,5.10599596441521,0.00943734650814201,"(score,('add', 0.2),True,all-sep)","(score,mul,False,all-sep)"
"num_iters","(score,('add', 0.2),True,all-sep) - score,mul,True,add",1296.48846153846,237.469680591121,Inf,5.45959576107224,0.00136866663273424,"(score,('add', 0.2),True,all-sep)","score,mul,True,add"
"num_iters","(score,('add', 0.2),True,all-sep) - (score,mul,True,all-sep)",1499.83846153846,237.469680591121,Inf,6.31591560575225,7.70248978230078e-06,"(score,('add', 0.2),True,all-sep)","(score,mul,True,all-sep)"
"num_iters","(score,('add', 0.2),True,all-sep) - (score,mul,True,all-uni)",1296.48846153846,237.469680591121,Inf,5.45959576107224,0.00136866663273424,"(score,('add', 0.2),True,all-sep)","(score,mul,True,all-uni)"
"num_iters","(score,('add', 0.2),True,all-sep) - score,mul,True,del",1357.7423076923,237.469680591152,Inf,5.71753962153132,0.000309966212958837,"(score,('add', 0.2),True,all-sep)","score,mul,True,del"
"num_iters","(score,('add', 0.2),True,all-uni) - score,mul,False,add",1333.75769230769,237.469680591121,Inf,5.61653887345803,0.000558745008312679,"(score,('add', 0.2),True,all-uni)","score,mul,False,add"
"num_iters","(score,('add', 0.2),True,all-uni) - (score,mul,False,all-sep)",1451.06923076923,237.469680591121,Inf,6.11054525848167,2.84767488523553e-05,"(score,('add', 0.2),True,all-uni)","(score,mul,False,all-sep)"
"num_iters","(score,('add', 0.2),True,all-uni) - (score,mul,False,all-uni)",1333.75769230769,237.469680591121,Inf,5.61653887345803,0.000558745008312676,"(score,('add', 0.2),True,all-uni)","(score,mul,False,all-uni)"
"num_iters","(score,('add', 0.2),True,all-uni) - score,mul,False,del",1333.75769230769,237.469680591121,Inf,5.61653887345803,0.000558745008312676,"(score,('add', 0.2),True,all-uni)","score,mul,False,del"
"num_iters","(score,('add', 0.2),True,all-uni) - score,mul,True,add",1535.03846153846,237.469680591121,Inf,6.4641450551387,2.92172096731854e-06,"(score,('add', 0.2),True,all-uni)","score,mul,True,add"
"num_iters","(score,('add', 0.2),True,all-uni) - (score,mul,True,all-sep)",1738.38846153846,237.469680591121,Inf,7.32046489981871,7.0872107263212e-09,"(score,('add', 0.2),True,all-uni)","(score,mul,True,all-sep)"
"num_iters","(score,('add', 0.2),True,all-uni) - (score,mul,True,all-uni)",1535.03846153846,237.469680591121,Inf,6.4641450551387,2.92172096731852e-06,"(score,('add', 0.2),True,all-uni)","(score,mul,True,all-uni)"
"num_iters","(score,('add', 0.2),True,all-uni) - score,mul,True,del",1596.2923076923,237.469680591153,Inf,6.72208891559765,5.13766567642163e-07,"(score,('add', 0.2),True,all-uni)","score,mul,True,del"
"num_iters","score,('add', 0.2),True,del - (score,mul,False,all-sep)",1215.43461538462,237.469680591121,Inf,5.11827283533248,0.00884337278855755,"score,('add', 0.2),True,del","(score,mul,False,all-sep)"
"num_iters","score,('add', 0.2),True,del - score,mul,True,add",1299.40384615385,237.469680591121,Inf,5.47187263198952,0.00127713428191658,"score,('add', 0.2),True,del","score,mul,True,add"
"num_iters","score,('add', 0.2),True,del - (score,mul,True,all-sep)",1502.75384615385,237.469680591121,Inf,6.32819247666952,7.11406292105281e-06,"score,('add', 0.2),True,del","(score,mul,True,all-sep)"
"num_iters","score,('add', 0.2),True,del - (score,mul,True,all-uni)",1299.40384615385,237.469680591121,Inf,5.47187263198952,0.00127713428191658,"score,('add', 0.2),True,del","(score,mul,True,all-uni)"
"num_iters","score,('add', 0.2),True,del - score,mul,True,del",1360.65769230769,237.469680591152,Inf,5.7298164924486,0.000288346825094107,"score,('add', 0.2),True,del","score,mul,True,del"
"num_iters","score,('add', 0.3),False,add - score,mul,False,add",1202.80384615385,237.469680591121,Inf,5.06508385895736,0.0117077670168255,"score,('add', 0.3),False,add","score,mul,False,add"
"num_iters","score,('add', 0.3),False,add - (score,mul,False,all-sep)",1320.11538461538,237.469680591121,Inf,5.559090243981,0.000777757034493659,"score,('add', 0.3),False,add","(score,mul,False,all-sep)"
"num_iters","score,('add', 0.3),False,add - (score,mul,False,all-uni)",1202.80384615385,237.469680591121,Inf,5.06508385895736,0.0117077670168254,"score,('add', 0.3),False,add","(score,mul,False,all-uni)"
"num_iters","score,('add', 0.3),False,add - score,mul,False,del",1202.80384615385,237.469680591121,Inf,5.06508385895736,0.0117077670168255,"score,('add', 0.3),False,add","score,mul,False,del"
"num_iters","score,('add', 0.3),False,add - score,mul,True,add",1404.08461538462,237.469680591121,Inf,5.91269004063803,9.65268919274947e-05,"score,('add', 0.3),False,add","score,mul,True,add"
"num_iters","score,('add', 0.3),False,add - (score,mul,True,all-sep)",1607.43461538462,237.469680591121,Inf,6.76900988531804,3.71884050958838e-07,"score,('add', 0.3),False,add","(score,mul,True,all-sep)"
"num_iters","score,('add', 0.3),False,add - (score,mul,True,all-uni)",1404.08461538462,237.469680591121,Inf,5.91269004063803,9.65268919274947e-05,"score,('add', 0.3),False,add","(score,mul,True,all-uni)"
"num_iters","score,('add', 0.3),False,add - score,mul,True,del",1465.33846153846,237.469680591153,Inf,6.17063390109706,1.95072026009348e-05,"score,('add', 0.3),False,add","score,mul,True,del"
"num_iters","(score,('add', 0.3),False,all-sep) - score,mul,False,add",1359.98461538462,237.469680591121,Inf,5.72698212251466,0.000293204064361176,"(score,('add', 0.3),False,all-sep)","score,mul,False,add"
"num_iters","(score,('add', 0.3),False,all-sep) - (score,mul,False,all-sep)",1477.29615384615,237.469680591121,Inf,6.2209885075383,1.41688479291823e-05,"(score,('add', 0.3),False,all-sep)","(score,mul,False,all-sep)"
"num_iters","(score,('add', 0.3),False,all-sep) - (score,mul,False,all-uni)",1359.98461538462,237.469680591121,Inf,5.72698212251466,0.000293204064361176,"(score,('add', 0.3),False,all-sep)","(score,mul,False,all-uni)"
"num_iters","(score,('add', 0.3),False,all-sep) - score,mul,False,del",1359.98461538462,237.469680591121,Inf,5.72698212251466,0.000293204064361174,"(score,('add', 0.3),False,all-sep)","score,mul,False,del"
"num_iters","(score,('add', 0.3),False,all-sep) - score,mul,True,add",1561.26538461538,237.469680591121,Inf,6.57458830419533,1.39923895475093e-06,"(score,('add', 0.3),False,all-sep)","score,mul,True,add"
"num_iters","(score,('add', 0.3),False,all-sep) - (score,mul,True,all-sep)",1764.61538461538,237.469680591121,Inf,7.43090814887534,3.09326964513999e-09,"(score,('add', 0.3),False,all-sep)","(score,mul,True,all-sep)"
"num_iters","(score,('add', 0.3),False,all-sep) - (score,mul,True,all-uni)",1561.26538461538,237.469680591121,Inf,6.57458830419533,1.39923895475093e-06,"(score,('add', 0.3),False,all-sep)","(score,mul,True,all-uni)"
"num_iters","(score,('add', 0.3),False,all-sep) - score,mul,True,del",1622.51923076922,237.469680591152,Inf,6.83253216465427,2.39273488084179e-07,"(score,('add', 0.3),False,all-sep)","score,mul,True,del"
"num_iters","(score,('add', 0.3),False,all-uni) - score,mul,False,add",1202.80384615385,237.469680591121,Inf,5.06508385895736,0.0117077670168255,"(score,('add', 0.3),False,all-uni)","score,mul,False,add"
"num_iters","(score,('add', 0.3),False,all-uni) - (score,mul,False,all-sep)",1320.11538461538,237.469680591121,Inf,5.559090243981,0.000777757034493651,"(score,('add', 0.3),False,all-uni)","(score,mul,False,all-sep)"
"num_iters","(score,('add', 0.3),False,all-uni) - (score,mul,False,all-uni)",1202.80384615385,237.469680591121,Inf,5.06508385895736,0.0117077670168255,"(score,('add', 0.3),False,all-uni)","(score,mul,False,all-uni)"
"num_iters","(score,('add', 0.3),False,all-uni) - score,mul,False,del",1202.80384615385,237.469680591121,Inf,5.06508385895736,0.0117077670168255,"(score,('add', 0.3),False,all-uni)","score,mul,False,del"
"num_iters","(score,('add', 0.3),False,all-uni) - score,mul,True,add",1404.08461538462,237.469680591121,Inf,5.91269004063803,9.65268919274947e-05,"(score,('add', 0.3),False,all-uni)","score,mul,True,add"
"num_iters","(score,('add', 0.3),False,all-uni) - (score,mul,True,all-sep)",1607.43461538462,237.469680591121,Inf,6.76900988531804,3.7188405095884e-07,"(score,('add', 0.3),False,all-uni)","(score,mul,True,all-sep)"
"num_iters","(score,('add', 0.3),False,all-uni) - (score,mul,True,all-uni)",1404.08461538462,237.469680591121,Inf,5.91269004063803,9.65268919274947e-05,"(score,('add', 0.3),False,all-uni)","(score,mul,True,all-uni)"
"num_iters","(score,('add', 0.3),False,all-uni) - score,mul,True,del",1465.33846153846,237.469680591153,Inf,6.17063390109706,1.95072026009346e-05,"(score,('add', 0.3),False,all-uni)","score,mul,True,del"
"num_iters","score,('add', 0.3),False,del - score,mul,False,add",1202.80384615385,237.469680591121,Inf,5.06508385895736,0.0117077670168254,"score,('add', 0.3),False,del","score,mul,False,add"
"num_iters","score,('add', 0.3),False,del - (score,mul,False,all-sep)",1320.11538461538,237.469680591121,Inf,5.559090243981,0.000777757034493651,"score,('add', 0.3),False,del","(score,mul,False,all-sep)"
"num_iters","score,('add', 0.3),False,del - (score,mul,False,all-uni)",1202.80384615385,237.469680591121,Inf,5.06508385895736,0.0117077670168254,"score,('add', 0.3),False,del","(score,mul,False,all-uni)"
"num_iters","score,('add', 0.3),False,del - score,mul,False,del",1202.80384615385,237.469680591121,Inf,5.06508385895736,0.0117077670168255,"score,('add', 0.3),False,del","score,mul,False,del"
"num_iters","score,('add', 0.3),False,del - score,mul,True,add",1404.08461538462,237.469680591121,Inf,5.91269004063804,9.65268919274937e-05,"score,('add', 0.3),False,del","score,mul,True,add"
"num_iters","score,('add', 0.3),False,del - (score,mul,True,all-sep)",1607.43461538462,237.469680591121,Inf,6.76900988531804,3.71884050958835e-07,"score,('add', 0.3),False,del","(score,mul,True,all-sep)"
"num_iters","score,('add', 0.3),False,del - (score,mul,True,all-uni)",1404.08461538462,237.469680591121,Inf,5.91269004063803,9.65268919274947e-05,"score,('add', 0.3),False,del","(score,mul,True,all-uni)"
"num_iters","score,('add', 0.3),False,del - score,mul,True,del",1465.33846153846,237.469680591152,Inf,6.17063390109706,1.95072026009345e-05,"score,('add', 0.3),False,del","score,mul,True,del"
"num_iters","score,('add', 0.3),True,add - score,mul,False,add",1141.91153846154,237.469680591121,Inf,4.80866246006243,0.0435774006312006,"score,('add', 0.3),True,add","score,mul,False,add"
"num_iters","score,('add', 0.3),True,add - (score,mul,False,all-sep)",1259.22307692308,237.469680591121,Inf,5.30266884508607,0.0032730141011328,"score,('add', 0.3),True,add","(score,mul,False,all-sep)"
"num_iters","score,('add', 0.3),True,add - (score,mul,False,all-uni)",1141.91153846154,237.469680591121,Inf,4.80866246006243,0.0435774006312004,"score,('add', 0.3),True,add","(score,mul,False,all-uni)"
"num_iters","score,('add', 0.3),True,add - score,mul,False,del",1141.91153846154,237.469680591121,Inf,4.80866246006243,0.0435774006312006,"score,('add', 0.3),True,add","score,mul,False,del"
"num_iters","score,('add', 0.3),True,add - score,mul,True,add",1343.19230769231,237.469680591121,Inf,5.6562686417431,0.000443677502144538,"score,('add', 0.3),True,add","score,mul,True,add"
"num_iters","score,('add', 0.3),True,add - (score,mul,True,all-sep)",1546.54230769231,237.469680591121,Inf,6.51258848642311,2.11849618396318e-06,"score,('add', 0.3),True,add","(score,mul,True,all-sep)"
"num_iters","score,('add', 0.3),True,add - (score,mul,True,all-uni)",1343.19230769231,237.469680591121,Inf,5.6562686417431,0.000443677502144538,"score,('add', 0.3),True,add","(score,mul,True,all-uni)"
"num_iters","score,('add', 0.3),True,add - score,mul,True,del",1404.44615384615,237.469680591153,Inf,5.91421250220216,9.56383753671007e-05,"score,('add', 0.3),True,add","score,mul,True,del"
"num_iters","(score,('add', 0.3),True,all-sep) - (score,mul,False,all-sep)",1205.08846153846,237.469680591121,Inf,5.07470452033581,0.0111306679435877,"(score,('add', 0.3),True,all-sep)","(score,mul,False,all-sep)"
"num_iters","(score,('add', 0.3),True,all-sep) - score,mul,True,add",1289.05769230769,237.469680591121,Inf,5.42830431699284,0.00163166186480264,"(score,('add', 0.3),True,all-sep)","score,mul,True,add"
"num_iters","(score,('add', 0.3),True,all-sep) - (score,mul,True,all-sep)",1492.40769230769,237.469680591121,Inf,6.28462416167285,9.42561851038302e-06,"(score,('add', 0.3),True,all-sep)","(score,mul,True,all-sep)"
"num_iters","(score,('add', 0.3),True,all-sep) - (score,mul,True,all-uni)",1289.05769230769,237.469680591121,Inf,5.42830431699284,0.00163166186480265,"(score,('add', 0.3),True,all-sep)","(score,mul,True,all-uni)"
"num_iters","(score,('add', 0.3),True,all-sep) - score,mul,True,del",1350.31153846153,237.469680591152,Inf,5.68624817745193,0.000372440316502377,"(score,('add', 0.3),True,all-sep)","score,mul,True,del"
"num_iters","(score,('add', 0.3),True,all-uni) - score,mul,False,add",1141.91153846154,237.469680591121,Inf,4.80866246006243,0.0435774006312006,"(score,('add', 0.3),True,all-uni)","score,mul,False,add"
"num_iters","(score,('add', 0.3),True,all-uni) - (score,mul,False,all-sep)",1259.22307692308,237.469680591121,Inf,5.30266884508607,0.0032730141011328,"(score,('add', 0.3),True,all-uni)","(score,mul,False,all-sep)"
"num_iters","(score,('add', 0.3),True,all-uni) - (score,mul,False,all-uni)",1141.91153846154,237.469680591121,Inf,4.80866246006243,0.0435774006312004,"(score,('add', 0.3),True,all-uni)","(score,mul,False,all-uni)"
"num_iters","(score,('add', 0.3),True,all-uni) - score,mul,False,del",1141.91153846154,237.469680591121,Inf,4.80866246006243,0.0435774006312006,"(score,('add', 0.3),True,all-uni)","score,mul,False,del"
"num_iters","(score,('add', 0.3),True,all-uni) - score,mul,True,add",1343.19230769231,237.469680591121,Inf,5.6562686417431,0.000443677502144538,"(score,('add', 0.3),True,all-uni)","score,mul,True,add"
"num_iters","(score,('add', 0.3),True,all-uni) - (score,mul,True,all-sep)",1546.54230769231,237.469680591121,Inf,6.51258848642311,2.11849618396319e-06,"(score,('add', 0.3),True,all-uni)","(score,mul,True,all-sep)"
"num_iters","(score,('add', 0.3),True,all-uni) - (score,mul,True,all-uni)",1343.19230769231,237.469680591121,Inf,5.6562686417431,0.000443677502144538,"(score,('add', 0.3),True,all-uni)","(score,mul,True,all-uni)"
"num_iters","(score,('add', 0.3),True,all-uni) - score,mul,True,del",1404.44615384615,237.469680591153,Inf,5.91421250220216,9.56383753671007e-05,"(score,('add', 0.3),True,all-uni)","score,mul,True,del"
"num_iters","score,('add', 0.3),True,del - (score,mul,True,all-sep)",1306.01538461538,237.469680591121,Inf,5.49971424294836,0.00109100796496016,"score,('add', 0.3),True,del","(score,mul,True,all-sep)"
"num_iters","score,('add', 0.3),True,del - score,mul,True,del",1163.91923076922,237.469680591153,Inf,4.90133825872754,0.0272993445338349,"score,('add', 0.3),True,del","score,mul,True,del"
"num_iters","score,('add', 0.4),False,add - (score,mul,True,all-sep)",1325.05,237.469680591121,Inf,5.57987022470246,0.000690322155888799,"score,('add', 0.4),False,add","(score,mul,True,all-sep)"
"num_iters","score,('add', 0.4),False,add - score,mul,True,del",1182.95384615384,237.469680591153,Inf,4.98149424048164,0.0180956926348773,"score,('add', 0.4),False,add","score,mul,True,del"
"num_iters","(score,('add', 0.4),False,all-sep) - (score,mul,False,all-sep)",1145.78461538462,237.469680591121,Inf,4.82497223448683,0.0401585312319916,"(score,('add', 0.4),False,all-sep)","(score,mul,False,all-sep)"
"num_iters","(score,('add', 0.4),False,all-sep) - score,mul,True,add",1229.75384615385,237.469680591121,Inf,5.17857203114387,0.00641258249760329,"(score,('add', 0.4),False,all-sep)","score,mul,True,add"
"num_iters","(score,('add', 0.4),False,all-sep) - (score,mul,True,all-sep)",1433.10384615385,237.469680591121,Inf,6.03489187582388,4.5621035008428e-05,"(score,('add', 0.4),False,all-sep)","(score,mul,True,all-sep)"
"num_iters","(score,('add', 0.4),False,all-sep) - (score,mul,True,all-uni)",1229.75384615385,237.469680591121,Inf,5.17857203114387,0.00641258249760329,"(score,('add', 0.4),False,all-sep)","(score,mul,True,all-uni)"
"num_iters","(score,('add', 0.4),False,all-sep) - score,mul,True,del",1291.00769230769,237.469680591153,Inf,5.43651589160299,0.00155825596950019,"(score,('add', 0.4),False,all-sep)","score,mul,True,del"
"num_iters","(score,('add', 0.4),False,all-uni) - (score,mul,True,all-sep)",1325.05,237.469680591121,Inf,5.57987022470246,0.000690322155888803,"(score,('add', 0.4),False,all-uni)","(score,mul,True,all-sep)"
"num_iters","(score,('add', 0.4),False,all-uni) - score,mul,True,del",1182.95384615384,237.469680591153,Inf,4.98149424048163,0.0180956926348775,"(score,('add', 0.4),False,all-uni)","score,mul,True,del"
"num_iters","score,('add', 0.4),False,del - (score,mul,True,all-sep)",1291.59615384615,237.469680591121,Inf,5.43899394074667,0.00153673971050506,"score,('add', 0.4),False,del","(score,mul,True,all-sep)"
"num_iters","score,('add', 0.4),False,del - score,mul,True,del",1149.49999999999,237.469680591153,Inf,4.84061795652586,0.0371222446235448,"score,('add', 0.4),False,del","score,mul,True,del"
"num_iters","score,('add', 0.4),True,add - score,mul,True,add",1158.60384615385,237.469680591121,Inf,4.87895483444368,0.0305870710422545,"score,('add', 0.4),True,add","score,mul,True,add"
"num_iters","score,('add', 0.4),True,add - (score,mul,True,all-sep)",1361.95384615385,237.469680591121,Inf,5.73527467912369,0.000279212530660706,"score,('add', 0.4),True,add","(score,mul,True,all-sep)"
"num_iters","score,('add', 0.4),True,add - (score,mul,True,all-uni)",1158.60384615385,237.469680591121,Inf,4.87895483444368,0.0305870710422547,"score,('add', 0.4),True,add","(score,mul,True,all-uni)"
"num_iters","score,('add', 0.4),True,add - score,mul,True,del",1219.85769230769,237.469680591153,Inf,5.13689869490284,0.0080105941941774,"score,('add', 0.4),True,add","score,mul,True,del"
"num_iters","(score,('add', 0.4),True,all-sep) - (score,mul,True,all-sep)",1183.64615384615,237.469680591121,Inf,4.98440959241519,0.0178249920645015,"(score,('add', 0.4),True,all-sep)","(score,mul,True,all-sep)"
"num_iters","(score,('add', 0.4),True,all-uni) - score,mul,True,add",1158.60384615385,237.469680591121,Inf,4.87895483444368,0.0305870710422545,"(score,('add', 0.4),True,all-uni)","score,mul,True,add"
"num_iters","(score,('add', 0.4),True,all-uni) - (score,mul,True,all-sep)",1361.95384615385,237.469680591121,Inf,5.73527467912369,0.000279212530660704,"(score,('add', 0.4),True,all-uni)","(score,mul,True,all-sep)"
"num_iters","(score,('add', 0.4),True,all-uni) - (score,mul,True,all-uni)",1158.60384615385,237.469680591121,Inf,4.87895483444368,0.0305870710422547,"(score,('add', 0.4),True,all-uni)","(score,mul,True,all-uni)"
"num_iters","(score,('add', 0.4),True,all-uni) - score,mul,True,del",1219.85769230769,237.469680591153,Inf,5.13689869490284,0.00801059419417736,"(score,('add', 0.4),True,all-uni)","score,mul,True,del"
"num_iters","score,('add', 0.4),True,del - (score,mul,True,all-sep)",1237.61923076923,237.469680591121,Inf,5.21169366838112,0.00536672651646991,"score,('add', 0.4),True,del","(score,mul,True,all-sep)"
"num_iters","score,('add', 0.5),False,add - (score,mul,True,all-sep)",1224.75,237.469680591121,Inf,5.15750051522912,0.00717769087598602,"score,('add', 0.5),False,add","(score,mul,True,all-sep)"
"num_iters","(score,('add', 0.5),False,all-sep) - (score,mul,True,all-sep)",1267.91538461538,237.469680591121,Inf,5.33927270824313,0.00267642284442029,"(score,('add', 0.5),False,all-sep)","(score,mul,True,all-sep)"
"num_iters","(score,('add', 0.5),False,all-uni) - (score,mul,True,all-sep)",1224.75,237.469680591121,Inf,5.15750051522912,0.00717769087598602,"(score,('add', 0.5),False,all-uni)","(score,mul,True,all-sep)"
"num_iters","score,('add', 0.5),False,del - (score,mul,True,all-sep)",1224.75,237.469680591121,Inf,5.15750051522912,0.00717769087598602,"score,('add', 0.5),False,del","(score,mul,True,all-sep)"
"num_iters","(score,('add', 0.6),False,all-sep) - (score,mul,True,all-sep)",1172.51923076923,237.469680591121,Inf,4.93755340829423,0.0226883882148527,"(score,('add', 0.6),False,all-sep)","(score,mul,True,all-sep)"
