is_addition,old_file_path,new_file_path,line_num,content
False,src/test/java/org/apache/commons/math3/random/RandomDataTest.java,src/test/java/org/apache/commons/math3/random/RandomDataTest.java,25,mport org.apache.commons.math3.Retry;
False,src/test/java/org/apache/commons/math3/random/RandomDataTest.java,src/test/java/org/apache/commons/math3/random/RandomDataTest.java,26,mport org.apache.commons.math3.RetryRunner;
False,src/test/java/org/apache/commons/math3/random/RandomDataTest.java,src/test/java/org/apache/commons/math3/random/RandomDataTest.java,52,mport org.junit.runner.RunWith;
False,src/test/java/org/apache/commons/math3/random/RandomDataTest.java,src/test/java/org/apache/commons/math3/random/RandomDataTest.java,61,RunWith(RetryRunner.class)
