is_addition,old_file_path,new_file_path,line_num,content
False,src/java/org/apache/commons/math/linear/BigMatrix.java,src/java/org/apache/commons/math/linear/BigMatrix.java,2, Copyright 2003-2004 The Apache Software Foundation.
True,src/java/org/apache/commons/math/linear/BigMatrix.java,src/java/org/apache/commons/math/linear/BigMatrix.java,2,* Copyright 2004 The Apache Software Foundation.
False,src/java/org/apache/commons/math/linear/BigMatrix.java,src/java/org/apache/commons/math/linear/BigMatrix.java,25, @version $Revision: 1.1 $ $Date: 2004/06/06 04:20:45 $
True,src/java/org/apache/commons/math/linear/BigMatrix.java,src/java/org/apache/commons/math/linear/BigMatrix.java,25,* @version $Revision: 1.2 $ $Date: 2004/06/06 16:08:52 $
